0.14789
0.03479
0.018982
0.91504
0.12
-0.12006
0.085632
0.11536
-0.10925
0.021851
-0.060791
-0.045471
-0.133
0.02771
-0.037048
0.11908
-0.092834
0.18726
0.53351
0.087097
0.048035
-0.043945
0.5564
0.011047
0.020386
0.020813
0.25586
-0.018066
0.022644
0.067383
-0.058838
-0.019409
-0.055298
-0.042603
0.014771
0.055176
0.068176
0.18036
0.054626
0.79254
1.0313
0.022278
0.037964
-0.019409
-0.14307
0.03949
0.088135
0.046326
-0.013367
0.0059204
0.72418
0.046936
0.12286
0.10742
-0.018921
-0.022461
0.25977
0.042236
-0.098572
-0.011353
0.061157
-0.020264
-0.027832
0.010742
0.034607
0.54791
0.026428
0.40338
-0.10553
0.12524
0.0041504
-0.017151
0.315
0.14514
0.26776
-0.052063
0.3595
-0.0095215
0.07251
-0.025146
0.48663
0.02124
0.029907
0.1109
0.022339
-0.0061646
0.070313
0.0098877
-0.024841
0.065125
-0.012207
0.10919
0.32233
0.017212
0.11658
-0.12054
0.19019
0.011536
0.051208
0.089417
0.031616
0.024231
-0.017761
-0.030334
-0.0085449
0.14667
0.022827
0.55969
-0.041809
0.37408
0.11407
0.061218
0.039673
0.00097656
0.224
0.094177
0.45319
0.0019531
0.13666
0.005188
0.1095
-0.093384
0.046753
0.058411
-0.0012817
0.30145
0.12067
0.067505
0.38153
-0.039917
-0.047974
0.037476
0.023376
0.0071411
0.01709
0.31189
0.1629
0.10809
0.38507
0.025452
0.060547
-0.0014038
0.50262
0.046021
0.10535
-0.059265
0.11292
-0.14655
0.10248
0.051453
0.74731
0.019409
-0.02301
-0.04248
-0.012329
-0.015076
0.23029
-0.028809
0.0054321
0.076965
0.20319
0.11426
0.023254
0.69391
-0.028809
-0.019531
0.10138
0.0077515
0.093933
-0.0014648
0.54401
-0.29309
-0.046265
0.19714
-0.022156
-0.091492
0.39648
0.072876
0.25427
0.068542
0.064453
0.03772
-0.02655
0.032959
-0.016663
0.32025
0.091248
0.82477
0.0802
-0.088989
-0.030823
0.69885
0.052856
0.29047
0.16815
-0.035156
-0.020813
-0.0025635
-0.087463
0.02533
-0.047363
0.057312
0.081604
0.11774
0.32544
-0.055786
0.062744
-0.023743
0.16852
0.04541
-0.049072
0.005127
-0.027527
-0.051575
0.027039
-0.074097
-0.03241
0.91766
-0.028992
-0.006897
-0.13989
0.10822
0.62292
0.22247
0.22693
0.0049438
0.17261
-0.087341
-0.038513
-0.038818
0.12622
-0.04303
0.15417
0.22375
0.1095
-0.023743
0.15082
0.08197
0.11841
0.047974
0.041931
-0.024902
0.0064697
0.015503
-0.019287
-0.023804
0.032227
0.28729
0.033203
0.51373
-0.036194
1.0583
-0.043152
-0.091553
0.043335
-0.047485
0.0054932
0.040161
-0.028564
-0.061218
0.26233
0.039795
-0.10223
0.31006
0.19495
0.020325
0.1355
0.035278
-0.012695
0.033936
0.087585
-0.029907
-0.1156
0.044678
-0.032776
1.0267
0.0013428
0.30115
0.033997
-0.1319
-0.1264
0.010376
0.35089
0.04248
0.44952
0.0097656
0.15668
0.028259
-0.037476
-0.044006
0.32538
0.08667
-0.15253
0.28632
0.3045
0.061035
0.18518
0.034424
-0.050537
0.005127
0.028442
-0.041687
-0.025696
0.039673
0.0087891
-0.040039
-0.053223
0.034851
0.17401
0.89386
0.0096436
0.00085449
-0.10236
0.0039063
0.055481
0.19983
-0.084106
-0.11987
-0.13538
0.74933
0.049316
-0.023804
0.224
0.072632
0.093811
-0.043762
0.38416
-0.065308
0.42432
0.037903
0.051941
0.074402
0.075317
0.074829
0.25256
-0.067871
0.010315
0.088562
0.10675
0.047424
0.0979
-0.013428
0.02124
-0.10687
-0.058472
-0.032898
0.097839
0.13367
0.91504
-0.084656
0.090088
0.00036621
0.04718
-0.015808
-0.046021
0.16199
0.13043
-0.059998
0.17596
0.011292
0.08667
0.59601
-0.0057983
0.31085
0.10504
-0.040955
0.0036621
0.037598
-0.031494
0.01062
-0.046021
1.0961
0.013916
0.027039
-0.0018921
0.061157
-0.035339
-0.055237
0.0078735
0.018372
-0.033142
0.022583
-0.032349
-0.037231
0.073242
0.022034
-0.057312
0.14935
0.84174
0.05365
0.18158
0.00012207
-0.088074
0.26135
-0.094482
0.23688
0.27692
-0.14288
0.60565
-0.039917
0.054688
0.12909
-0.15088
0.52277
0.16205
0.046997
0.15161
-0.016724
0.14026
-0.08374
-0.071594
0.0011597
-0.013245
0.051697
0.015198
0.63019
0.039124
0.30634
0.14081
-0.10242
-0.0089111
-0.052429
-0.012878
0.083252
0.024658
0.45032
-0.077148
0.61597
-0.084839
0.058228
-0.047913
-0.0089111
-0.00085449
-0.055603
0.035583
0.26758
0.03772
0.41278
0.22546
0.023743
-0.058228
0.10699
0.33527
0.013
0.14331
-0.025269
0.18658
-0.063171
0.081787
0.033325
-0.091064
0.0076904
0.027344
0.012268
0.018555
0.17725
0.058167
0.19788
0.092773
0.62836
0.0072632
-0.018311
0.22028
0.012695
0.6485
-0.036926
0.17676
-0.047974
-0.085571
0.061462
-0.078369
-0.12018
0.10895
1.0211
-0.081116
0.0067139
0.010254
-0.027405
0.057922
0.026917
-0.072327
0.042358
-0.0067139
0.030334
0.065735
0.081299
0.0030518
0.061523
0.094849
0.68225
0.13153
0.13599
-0.044434
0.72559
0.044983
0.0015259
0.019287
0.054077
0.00079346
-0.032104
-0.071167
-0.0022583
0.22314
-0.14923
0.14032
0.012939
0.16846
0.12683
0.56018
-0.029053
-0.045288
-0.039368
0.014587
0.019897
0.010986
-0.093079
-0.077637
0.077332
0.074524
1.0233
0.50018
0.039734
-0.072876
0.15027
0.082886
0.035889
0.35205
0.09613
0.080872
-0.046021
0.21375
0.11774
0.3949
-0.087585
0.13037
0.12762
0.27136
0.031128
-0.050903
-0.017639
0.11267
0.29785
0.19592
0.065125
0.05835
0.21954
-0.017395
0.02948
-0.12756
0.013428
0.075134
-0.026062
0.032166
0.044128
0.83197
-0.0047607
0.25464
0.14185
-0.07135
0.027222
0.037537
-0.10852
0.070129
-0.11963
-0.020935
0.8761
0.0448
-0.035522
0.16174
-0.0849
0.0042725
-0.015381
0.0092163
0.015625
0.005249
-0.063721
0.029785
0.38983
0.021057
0.51947
0.70929
0.050903
0.12823
0.043152
0.039795
0.042358
0.20734
0.08136
0.11603
-0.083069
0.025024
-0.030945
0.13928
-0.007019
0.57043
-0.024536
0.1955
0.017212
0.073059
0.031006
0.11798
-0.013977
0.016541
0.54163
0.2594
0.088196
0.16107
0.0076294
-0.0037231
0.05072
-0.029114
-0.039246
-0.0053711
0.081909
0.027893
-0.031067
-0.054504
-0.11438
0.0025024
0.95209
-0.017883
0.094971
0.022217
-0.096558
-0.026855
0.56219
0.046753
0.46436
0.13397
-0.21039
-0.0071411
-0.015137
-0.091797
-0.037292
-0.02063
0.19153
-0.053101
0.57379
-0.074707
0.2085
0.038025
0.035767
0.12408
0.029236
0.37964
-0.005127
0.38611
-0.046448
0.042847
0.015991
0.27924
-0.042358
0.25104
-0.041199
-0.06543
-0.025208
0.32892
0.043884
0.16425
0.013611
-0.048157
-0.01001
0.13306
0.014282
-0.0098877
0.96216
0.00177
-0.065796
0.17157
0.067322
-0.065552
0.060791
0.01123
-0.18073
0.24731
0.037292
0.077698
-0.096313
0.87762
0.09491
0.19977
-0.19366
0.026428
1.1718
-0.054382
0.025208
-0.073608
-0.044739
-0.12384
0.037537
-0.015442
0.9101
0.011841
-0.0010376
0.00354
-0.0053711
-0.028687
0.049377
0.010254
-0.03186
0.2804
0.3136
-0.0042725
0.46747
0.024109
-0.032227
0.027527
0.058594
0.062683
-0.028015
-0.012329
0.093628
0.03479
0.025879
0.01532
0.47559
-0.0062866
0.42743
0.067932
-0.034302
0.015198
0.01001
0.14264
-0.036133
0.71118
0.046326
0.15942
-0.03595
-0.022522
-0.00085449
-0.049133
0.040588
-0.067078
0.027832
0.042603
0.099487
0.012573
-0.018921
0.10864
0.64618
-0.057556
0.020691
-0.12256
0.25427
0.63287
0.039673
0.25562
-0.02887
-0.0023804
-0.0079346
0.042847
-0.063965
0.05365
0.95276
-0.028015
0.031311
0.0065918
0.0084229
0.076965
-0.0054321
-0.0044556
-0.018066
-0.026794
0.030029
-0.05658
0.008606
-0.026672
0.10474
0.20972
0.84357
-0.011841
0.052063
-0.0047607
-0.022583
-0.0095825
0.30072
0.0098877
0.32349
-0.050903
0.32623
0.025757
0.05426
0.46112
0.0055542
0.35724
0.028198
0.13635
-0.028564
-0.021912
-0.014465
1.1893
-0.037659
0.079773
-0.13922
-0.23285
0.0020142
0.13153
-0.072449
-0.10901
0.0015869
-0.025208
-0.032776
0.1225
-0.013367
0.063965
0.3067
0.12354
0.12085
0.44574
-0.043152
0.16425
0.10059
0.19781
0.24146
0.071411
-0.010864
0.22449
-0.012878
0.062134
-0.061768
-0.05011
0.11371
-0.05011
-0.074158
0.075378
0.14661
-0.0092773
0.039185
-0.13208
0.94373
-0.0021362
0.95129
0.0040894
0.041504
0.012573
-0.037903
-0.022522
0.037781
0.051086
0.043762
0.017395
-0.030029
0.030945
0.01178
0.050964
-0.013306
0.029663
0.030518
-0.02356
0.97028
-0.011292
0.016296
0.0067749
-0.031799
-0.01239
0.19922
-0.030518
0.091309
-0.0020142
0.70435
0.71661
0.0013428
0.033081
-0.20496
-0.11017
-0.064636
0.23987
-0.053101
0.09552
-0.046753
-0.027161
0.00054932
0.0095215
-0.042419
0.033447
0.026611
-0.042908
0.8855
0.14203
-0.043457
-0.03241
0.82422
-0.07019
0.15393
0.017029
0.040649
-0.015808
0.03772
-0.03656
0.035522
-0.095581
-0.013611
0.34967
0.023621
0.42377
0.0098877
0.16034
0.012695
0.016785
-0.054321
0.038147
0.088989
0.088867
0.021118
-0.039368
0.69238
0.032776
0.50537
0.092957
-0.11212
1.2792
-0.090149
-0.042175
0.0062256
-0.2146
0.043274
0.20221
0.095337
-0.22382
0.053101
0.31909
0.20538
-0.062866
0.54144
-0.084412
-0.059753
0.052429
-0.07312
0.080139
-0.032837
0.11835
-0.1123
-0.10693
0.61041
-0.15771
0.082947
0.10425
0.028503
0.62433
-0.029602
0.047363
0.053345
-0.015442
-0.0080566
0.041626
0.19836
0.059082
0.82233
0.034424
-0.041199
0.029358
-0.025696
0.13055
0.031616
0.59192
-0.055359
0.11578
-0.008667
0.038696
0.015625
0.10773
0.11462
-0.0087891
0.16132
0.015625
0.3974
0.053589
0.085754
0.05304
0.1319
-0.018494
-0.013855
-0.081665
0.04364
0.026245
0.96539
0.028137
0.16602
0.033997
-0.045166
-0.10657
0.065247
-0.079834
-0.085571
0.088013
0.13861
-0.023071
0.019287
-0.080566
1.1334
0.14758
0.15991
-0.096069
0.55878
0.1261
0.041931
-0.0012207
0.063904
-0.036377
0.0036621
0.013916
0.07019
0.5141
0.037476
0.14172
0.013245
0.21741
-0.0029297
0.12567
-0.048157
0.97729
-0.018433
-0.064026
0.061157
0.01416
0.081482
0.080566
-0.010315
-0.038696
0.072266
0.30743
-0.026367
-0.10693
-0.14008
0.067444
-0.012573
0.27832
-0.039734
0.28467
-0.13635
-0.031006
-0.061462
0.059753
-0.01355
-0.1687
-0.0014038
0.0093384
-0.078979
0.1189
1.0619
0.29846
-0.021545
0.0271
-0.065674
0.12653
0.050293
0.13104
-0.03302
0.076233
0.038879
0.085144
-0.11353
0.055603
-0.0048828
0.082581
1.1178
0.13031
0.010803
-0.0036621
-0.10065
0.64319
-0.040527
-0.076416
0.0043335
0.023987
0.046082
0.20135
0.046631
-0.030273
-0.0076294
-0.0043335
0.67719
-0.014709
0.14612
0.031799
0.044128
-0.037781
0.081055
0.026733
0.0039673
0.26532
0.046082
-0.056335
0.612
-0.10736
0.015564
0.10089
-0.013062
-0.068115
0.021729
-0.0016479
0.025085
-0.039612
0.064026
-0.05365
0.25848
0.013733
0.68396
0.082458
-0.07373
-0.045044
0.011719
-0.13837
0.022644
0.023499
0.50739
-0.10211
-0.029663
-0.19611
0.64905
0.021423
0.97028
0.025269
0.013977
0.10492
-0.052368
-0.0097656
0.049255
-0.036438
0.019104
0.073608
-0.0078735
-0.013245
-0.055481
0.057129
0.32214
0.062683
0.354
0.048279
0.33649
-0.016907
-0.017273
-0.035828
-0.024902
0.045166
0.19958
0.036499
0.076416
0.045776
0.76508
0.082275
0.28674
-0.015442
0.49976
0.18622
0.013367
-0.047241
0.0097046
-0.074829
0.015076
0.784
-0.032837
-0.03833
0.060181
-0.043213
-0.027771
0.12671
-0.014771
0.0026855
0.017151
0.038635
0.020081
0.022339
0.043152
-0.060425
0.2395
-0.0038452
-0.032715
0.14417
0.68805
0.012024
0.062988
-0.064209
-0.053894
-0.01123
0.027039
-0.028076
1.1586
-0.14197
-0.058105
0.056152
-0.05896
0.45435
0.13843
0.1228
-0.0043945
0.080139
0.026978
-0.077271
0.008606
0.040771
0.026917
-0.0056152
0.088562
0.0091553
-0.17926
-0.012573
0.21808
0.076111
0.9422
0.087952
0.16815
0.70782
-0.16876
-0.062317
0.031433
0.16034
0.02002
0.003479
-0.036072
-0.032654
1.0402
0.021606
-0.078003
0.026306
0.022461
-0.034119
-0.027405
0.047485
0.051636
0.014954
0.0030518
0.52032
0.058167
0.11029
0.030701
0.2453
0.021362
-0.038147
0.0018921
-0.024597
0.028809
-0.013245
-0.059082
0.035278
-0.040527
-0.0089722
1.1127
-0.00079346
-0.051941
0.12537
-0.17358
0.08197
0.00067139
-0.076233
0.69012
0.074951
0.34143
-0.10571
0.092224
-0.074097
0.84186
-0.02356
-0.036682
0.14264
0.047729
0.092773
0.019348
-0.073792
0.088623
0.92627
0.17505
0.13403
-0.13306
-0.003418
0.07605
0.37335
0.057129
-0.19421
-0.026367
0.028564
0.088989
0.019348
0.11804
0.055298
0.3667
-0.027283
0.66992
-0.0067139
-0.10199
-0.13324
0.071899
-0.057007
0.77356
0.080078
0.10931
0.018433
0.024841
0.018982
0.014587
0.050659
-0.075134
0.10175
0.10516
0.48706
0.023376
0.32153
0.042053
0.017334
-0.0042114
-0.021057
0.020081
-0.084595
-0.016479
0.022705
-0.045532
0.043335
0.65796
-0.038086
0.35077
0.042664
-0.039185
0.34161
-0.104
0.18311
0.23798
0.39911
-0.050903
0.10016
-0.039001
-0.047791
0.036133
0.37695
0.0073242
0.2627
0.0031128
0.1767
0.0023193
0.071106
-0.008606
0.06781
0.012512
0.10846
0.079285
0.34027
0.00024414
0.50677
-0.0053711
-0.040527
0.029114
0.041748
-0.022034
-0.042725
0.00079346
-0.11554
0.028076
0.032043
-0.046448
0.98669
0.025818
-0.046997
-0.012756
0.034485
0.056763
-0.042969
0.41394
-0.033386
0.083923
0.060242
0.27295
0.0093994
-0.030518
-0.0020752
-0.05304
-0.0095825
-0.12427
0.020691
0.46295
0.015442
0.55737
-0.029724
-0.068054
-0.037231
0.033264
-0.011475
-0.080444
0.039063
-0.14215
0.16071
0.76447
-0.030396
0.041321
-0.093079
0.12006
-0.013123
0.82996
-0.045776
0.19812
0.06604
-0.072205
-0.037598
0.041748
-0.0020752
-0.044861
0.059143
-0.11029
0.071533
1.2226
-0.063538
-0.13269
0.0061035
-0.043762
0.097229
0.5304
0.20129
0.028259
0.068726
-0.01886
0.041626
-0.075867
0.11816
0.14478
0.13348
0.27972
0.13324
0.14594
0.13745
0.0020142
0.016968
-0.034302
0.041199
-0.026855
-0.069458
1.0222
-0.059937
-0.07074
-0.023071
-0.12219
0.025818
-0.054382
0.014343
0.051331
-0.032837
-0.046631
0.049194
0.16821
-0.032593
0.57837
-0.089783
0.18909
0.19818
0.13544
0.056396
0.34155
0.10931
0.024536
0.093384
0.017883
0.023804
-0.037231
0.1134
0.014832
0.055847
0.38647
0.12115
0.17706
0.15607
-0.098083
0.092957
-0.011353
-0.089111
0.87726
-0.034546
0.15479
-0.0094604
0.092468
0.033936
-0.0062256
0.008667
0.0097656
0.059021
-0.074524
-0.035278
0.10724
-0.0084839
0.93335
0.1192
0.054077
-0.059814
-0.13898
0.27063
-0.12659
0.28674
-0.048584
-0.026672
-0.14166
0.1936
-0.039734
0.24774
0.085327
-0.040344
-0.028015
-0.033997
0.0047607
-0.0093994
0.14246
0.05011
0.2085
0.048584
0.52094
0.0018311
-0.0093994
0.0020142
-0.023376
0.035828
0.1842
-0.069031
0.58344
-0.09082
0.30243
0.028809
0.065063
-0.012329
0.11316
0.35327
0.10406
0.33936
0.042969
-0.02179
-0.06189
0.69043
0.0029297
0.0089111
-0.02417
0.036438
0.0046387
0.15698
0.042053
-0.061523
0.035339
0.31757
-0.015625
0.14783
-0.11737
0.043274
0.22449
0.36481
0.026306
0.26025
-0.12476
-0.0037231
0.081909
0.060181
0.027649
0.049438
1.1352
0.09491
-0.11548
0.051758
-0.020691
-0.12347
0.0059204
0.22363
0.03064
-0.025085
0.2749
0.058777
-0.117
0.91632
0.013794
1.0212
0.060913
-0.078186
-0.11206
-0.069092
0.10217
0.0056152
0.028748
-0.11017
-0.01416
0.039917
0.022705
-0.031494
-0.058655
-0.022522
0.35675
-0.0072021
0.76056
0.021423
-0.00177
0.0098877
-0.017029
-0.034912
0.044922
0.015442
0.30621
0.052856
0.6972
0.025391
-0.034485
0.24219
-0.035156
0.14587
0.47162
0.045105
0.015137
0.059998
0.070129
0.030334
-0.0024414
-0.014343
0.13007
0.30536
0.03595
0.22504
0.033752
0.16797
0.090942
-0.050781
0.023315
0.66351
0.043579
-0.087402
0.096924
0.055298
0.073486
0.10675
0.01947
0.0056152
-0.013245
-0.12848
-0.0064697
0.44452
-0.1344
0.40778
0.063232
0.1745
-0.12744
0.0062256
0.052429
-0.10303
0.036743
-0.029053
-0.020691
0.01355
0.31055
0.13165
0.0014038
0.6687
-0.029419
-0.038513
0.10541
0.50812
0.0053711
0.33801
0.031677
0.23083
0.00067139
0.035583
-0.029846
0.82458
0.091919
-0.0025635
0.066528
-0.04718
-0.036682
0.078796
-0.026611
-0.020935
0.027161
0.033752
-0.0036621
0.2218
0.0031128
0.2525
0.030273
0.33051
-0.008606
0.084229
0.014954
0.0092773
-0.028076
0.0015869
0.044128
-0.01062
-0.19153
-0.0067139
0.13251
-0.0042725
0.85132
-0.039612
0.065552
0.18268
-0.16901
0.133
-0.11664
0.28693
0.12238
0.52307
0.026917
0.0088501
0.029236
-0.019226
0.041626
0.10028
0.15747
0.025879
-0.066101
0.053955
0.97791
0.39923
0.0028076
0.17303
-0.017334
-0.037048
0.041138
0.23981
0.081848
0.05658
-0.055603
-0.095459
-0.043762
0.050781
-0.07782
0.06665
0.8407
0.070984
-0.071594
0.0073853
0.24298
0.81885
0.04248
0.046204
0.042114
-0.077454
-0.014832
0.15826
0.081665
0.033691
-0.0076904
0.0045776
-0.045776
0.059814
0.070496
0.51361
-0.052856
0.32153
-0.027771
0.077209
0.044922
0.73877
0.031677
0.12976
0.15594
-0.090942
-0.072388
0.16888
-0.0016479
0.049744
0.001709
-0.048218
0.10352
0.34119
0.016113
0.2782
0.11395
0.24188
-0.01178
0.092102
-0.053101
0.19897
0.0026855
0.14893
0.24066
0.047791
-0.010193
0.14874
0.17041
0.05957
0.12769
0.12128
0.33691
0.10046
0.56958
-0.031128
0.064392
-0.034546
0.025208
0.14105
-0.070129
0.0043945
0.89301
0.0045776
0.024536
0.035278
-0.022827
-0.0038452
0.026123
0.040771
0.012207
-0.049744
0.0046387
-0.051575
0.0081177
-0.0061035
-0.031311
-0.032532
-0.079834
0.79285
0.0088501
-0.041565
0.071777
-0.10089
0.065613
0.04541
0.31787
0.097656
0.57446
0.22168
-0.10321
-0.039917
0.10822
0.28711
-0.00030518
0.39886
0.046692
0.19586
-0.0075684
-0.043884
0.018311
-0.075439
0.78229
-0.05835
0.19464
-0.051453
-0.035339
0.0023193
0.085938
0.065186
0.015747
-0.0078735
-0.038452
0.0026855
0.018066
-0.028748
0.093994
-0.015381
-0.14203
-0.039856
1.0392
0.063232
1.039
-0.074707
-0.094238
-0.0036621
0.043213
-0.06604
-0.037476
0.013611
0.03418
-0.019043
0.015076
0.54529
0.03479
0.094788
0.049316
0.2251
-0.023743
-0.027283
0.038452
-0.031555
0.031372
0.43695
0.030029
0.11755
-0.057739
0.15778
0.021057
-0.0068359
0.025146
0.021912
0.079895
0.035095
0.01355
-0.10956
1.0906
-0.045837
0.0073853
0.09491
0.12421
-0.18213
-0.028931
0.35272
0.13788
0.40045
-0.02533
0.084656
-0.11603
0.39514
0.094238
0.36444
0.013062
-0.055176
0.57416
-0.040527
-0.06012
0.20239
-0.095703
0.0059204
0.029602
0.23364
0.013733
0.068054
-0.018616
-0.079529
-0.034485
0.083374
-0.013062
0.061646
0.062866
1.0199
0.041931
-0.069519
-0.020142
-0.15222
0.055725
-0.019104
0.03595
-0.064819
-0.00354
-0.10077
0.1051
0.2691
-0.026428
0.20398
0.08551
0.21857
-0.023865
0.055054
-0.0058594
0.090393
-0.03418
0.040649
0.06366
0.34052
-0.0022583
0.43231
-0.03656
0.21277
-0.065674
0.23364
0.14142
-0.080627
0.25714
0.11389
-0.062988
0.099243
0.06665
0.061768
0.0037231
-0.049072
0.12299
-0.00354
-0.020752
0.030823
0.2345
-0.040649
0.90479
0.063049
-0.074402
0.09082
0.043213
0.39905
0.31519
0.092468
-0.051147
0.10675
-0.056274
0.010498
0.024048
-0.03064
0.77301
0.032104
0.070313
0.043945
0.08136
-0.01593
0.018921
0.056396
0.01239
0.035278
0.034363
0.026367
-0.02594
0.0054932
-0.01825
0.070313
0.18115
0.76459
0.015869
0.1048
0.058838
0.30573
-0.010681
0.14807
0.25732
0.29987
-0.023865
0.00036621
-0.0578
-0.057739
-0.018738
0.029114
-0.060181
0.012634
0.086548
0.033936
0.079041
0.62726
0.013489
-0.040771
-0.021606
0.026672
0.041199
0.025391
0.037598
-0.011353
0.64722
0.041626
0.15051
0.027222
0.02948
-0.01178
0.00036621
0.0053101
-0.15198
0.020874
-0.1405
-0.25116
1.3671
-0.017944
0.083618
0.3363
0.030579
0.35492
-0.060608
0.20526
0.043884
0.070068
-0.023926
-0.036072
1.0815
-0.00024414
-0.027283
-0.018311
0.0578
0.014709
0.013245
0.054504
0.0048218
-0.0059204
0.10577
0.25177
0.15582
0.19226
0.15796
0.19086
0.0092163
0.0040283
-0.1228
-0.05011
-0.024658
0.057312
0.10266
0.040283
0.71771
-0.054688
0.29199
-0.030518
-0.069275
-0.033325
0.085083
-0.071106
-0.093445
-0.019592
0.20874
0.11359
0.9502
0.068787
-0.11102
-0.020935
0.0090942
0.061462
0.071716
0.061768
0.10907
-0.019531
1.0195
0.021912
-0.010254
-0.056519
0.098206
0.062012
0.61096
0.39618
0.017456
0.14209
-0.028564
-0.10974
-0.016846
0.032227
0.085938
0.4621
-0.10864
0.16895
-0.0020142
0.41132
0.060181
0.14276
-0.016907
-0.044006
-0.040649
0.094299
0.051086
-0.030823
1.0437
0.040283
-0.051025
-0.09436
0.04425
-0.073486
-0.014648
-0.05896
-0.049866
0.048706
0.040955
0.051636
0.28162
0.060181
0.70795
0.18311
0.084473
-0.027466
0.41461
0.2063
-6.1035e-05
0.15723
-0.064636
0.034607
-0.0084229
-0.0022583
0.077637
0.18597
0.0040894
0.35944
-0.038574
0.42902
-0.019714
0.15271
-0.028809
-0.1084
0.0014648
-0.045959
-0.14264
0.054565
0.26776
-0.025513
0.91406
0.048767
-0.005127
0.083984
-0.019226
-0.014221
0.66931
0.092468
0.080078
0.025146
0.036438
0.0091553
0.0020142
0.02948
0.043335
0.46899
0.01532
0.10699
-0.04071
0.18878
-0.026123
0.10205
0.023071
0.23956
0.088074
0.032043
0.3717
-0.022522
0.013062
0.23456
-0.039612
0.1897
-0.013855
0.028687
-0.019836
0.063904
0.0072021
0.032898
-0.17731
0.034241
0.33862
0.068604
0.68817
0.10046
0.058105
0.38397
0.031494
0.13788
-0.039734
0.35706
0.057495
0.051636
0.0039063
-0.03772
-0.003479
-0.042114
0.030457
0.017639
0.54065
-0.041565
0.54572
0.062927
-0.096375
0.0026245
0.080872
0.068787
0.64026
0.28168
0.0076904
0.064819
-0.019897
-0.080994
-0.025146
0.044922
0.0062256
-0.022034
0.038879
0.0036621
-0.10089
0.066345
0.094849
-0.053711
0.8833
0.015686
0.62024
-0.017151
0.31506
0.08136
0.045288
-0.06604
0.010071
-0.032654
0.028259
0.013184
-0.079407
0.5957
0.10413
0.079285
0.029175
0.34546
-0.10931
0.12378
-0.032043
-0.054077
0.68811
-0.10449
0.098145
0.18475
0.073853
0.043457
-0.06366
-0.055603
0.013794
0.012817
-0.083069
0.024231
0.079529
-0.14496
0.063232
-0.079651
-0.07373
0.12531
0.93964
-0.010193
-0.032288
-0.0059814
0.0045166
-0.014587
0.054016
0.00061035
0.94147
-0.003479
-0.070984
0.14886
-0.049683
0.34509
-0.013245
0.10504
0.10254
0.28717
-0.075256
0.088318
-0.0076294
0.064941
0.096191
-0.073425
0.65674
-0.008728
0.028442
0.0068359
-0.037354
0.027771
-0.02832
-0.159
-0.029968
-0.040283
0.68921
0.32343
0.015198
0.2121
-0.045898
0.0059204
-0.067993
-0.02948
-0.049438
0.14679
0.017639
0.05658
0.090454
0.21204
0.079102
0.57825
-0.029663
0.037415
0.91949
-0.047852
0.051453
0.044373
-0.0073853
0.027832
0.028076
-0.018494
0.049622
0.16852
0.019287
-0.080078
-0.015991
0.10779
-0.047913
0.11633
0.0029907
0.82666
-0.06488
0.11993
-0.10968
0.0031738
0.99127
-0.023254
0.0049438
0.082092
0.054077
0.055054
-0.011414
0.10352
0.078735
-0.069397
0.03833
-0.040771
0.47528
-0.060059
-0.02478
-0.0026245
0.57086
0.75134
0.010376
0.026306
-6.1035e-05
-0.032776
-0.030518
0.099487
0.030762
0.041016
-0.0063477
0.0097046
-0.022644
-0.047424
-0.023315
-0.082947
0.50397
0.083923
0.091431
0.2605
0.35773
-0.043213
-0.057861
0.017029
1.1489
-0.11908
0.040955
0.06427
-0.00085449
-0.024536
0.067505
0.11084
-0.11792
-0.15485
0.4082
-0.097412
-0.033813
0.18329
0.27362
0.70038
0.041016
0.16412
-0.042725
0.20935
-0.00012207
0.034546
0.00091553
0.14966
0.26001
-0.18634
0.47913
0.020447
0.060547
-0.043457
0.049561
0.0089722
0.23651
-0.0048218
0.37634
0.07196
0.24323
0.061584
0.054565
0.14282
0.057495
0.27441
0.011597
0.36035
0.034058
0.097595
0.024414
-0.076965
0.018372
-0.023071
0.013794
0.081543
-0.013611
-0.11023
0.052917
-0.10504
0.89362
0.74542
0.017334
-0.088257
-0.093933
0.18774
0.024902
0.19983
-0.064392
-0.042725
0.008606
0.5191
-0.13086
-0.0078125
-0.00054932
-0.0059204
-0.045044
0.24274
0.046204
0.020447
0.036499
-0.14905
0.13422
0.15863
-0.20337
0.2677
0.14008
0.19067
-0.059204
0.88062
0.017883
-0.00097656
0.021118
-0.088989
0.38403
0.31891
0.059021
0.1933
0.05249
0.015442
0.043884
-0.00177
-0.021545
0.60394
-0.054504
0.20074
-0.0040283
0.24573
0.019531
-0.05188
-0.015869
0.13184
-0.037476
0.093872
0.49359
0.18201
0.053223
0.21893
-0.014465
-0.0093384
-0.091003
0.13556
-0.1084
0.097717
0.62042
0.14429
-0.015137
0.17896
-0.019958
-0.015625
-0.010071
0.031067
-0.024963
0.028625
0.10065
0.50037
0.00354
0.3833
-0.0095825
0.014282
-0.029358
0.13843
-0.03125
0.0177
1.0366
-0.099854
-0.013306
0.006958
-0.027466
-0.023865
0.062439
-0.038269
0.065979
-0.040222
-0.020752
-0.01593
-0.062073
-0.04425
0.91766
0.011963
-0.070374
0.10779
0.008667
0.12457
-0.016785
0.12659
0.02655
0.24597
-0.10309
0.5202
0.018494
-0.0058594
-0.026367
-0.0010376
-0.0065918
0.018005
-0.11517
0.0088501
0.59949
-0.056091
0.33228
0.041504
0.93964
0.0073242
0.060608
0.010193
-0.020142
-0.12109
-0.035583
-0.052979
0.019958
0.072327
0.052979
-0.015991
0.62683
-0.032471
-0.016785
0.063965
-0.10413
0.10742
-0.039734
-0.030579
-0.078857
-0.0849
0.02887
0.051025
-0.23651
0.077087
0.34088
0.051758
0.6355
0.027893
0.014282
0.11224
-0.084656
0.067993
-0.016418
0.15125
0.015747
0.33514
0.10437
-0.028748
-0.063782
-0.036255
-0.10559
0.011353
0.078674
0.075134
0.030334
0.0038452
1.0359
-0.060059
-0.036987
-0.092285
-0.12183
0.09375
1.0698
0.034241
0.035217
0.049377
-0.087097
0.042542
-0.037476
-0.1076
0.10956
0.018127
0.83112
-0.062866
0.16895
0.027832
0.05896
0.083679
-0.010742
0.32605
0.015686
0.24396
0.010742
0.15588
-0.0055542
0.014954
-0.02832
-0.10071
-0.058167
-0.03125
0.051392
0.70599
0.069336
0.25586
-0.090942
0.10889
0.059875
-0.0080566
0.031311
0.25763
0.0059204
0.47058
-0.0021973
0.31897
-0.014282
0.069397
-0.010925
0.04425
-0.0030518
-0.17798
0.068115
-0.04425
0.90356
0.00091553
-0.031799
-0.00054932
-0.11102
0.98688
0.012512
-0.090942
-0.026794
-0.068115
0.036255
0.10309
0.054077
-0.071533
-0.0054932
-0.045227
0.044495
-0.025818
0.088196
0.14136
-0.036438
0.08075
-0.012268
0.83887
-0.01178
0.20746
0.03064
-0.15381
0.37622
0.12787
-0.044128
0.33862
0.04303
0.022034
0.084717
0.43207
0.03241
0.072815
0.16766
-0.051941
0.075989
0.13171
0.0063477
-0.023987
-0.049805
0.091492
-0.036743
0.048096
-0.059204
0.44244
0.02063
0.44769
-0.040527
-0.018982
0.062256
0.90649
-0.024048
0.17975
0.0078735
-0.06366
0.026428
0.17548
-0.00085449
-0.090942
0.08728
-0.013062
-0.057678
-0.043335
0.074829
0.027832
-0.0099487
-0.055786
0.028198
0.86102
0.0040894
-0.034485
-0.15308
-0.095825
0.10449
-0.15179
-0.00030518
-0.080566
0.19165
1.0285
0.081665
-0.037598
0.039368
0.0072021
0.013672
-0.044617
0.031921
0.01416
0.38452
-0.09021
0.55872
-0.012878
-0.018005
0.13477
-0.071838
0.49084
0.04126
0.3631
0.0043945
-0.045532
-0.027588
0.008667
0.0073853
0.0037231
0.013123
-0.032776
0.00177
-0.028564
0.24957
-0.056885
0.62372
-0.022644
1.0082
-0.0084839
-0.034973
-0.016785
-0.00067139
-0.012024
0.0271
-0.0019531
-0.049072
-0.064026
0.024475
-0.066589
-0.0042725
0.012878
1.0704
0.016602
0.013855
0.049194
-0.049194
-0.064392
0.98004
-0.050354
-0.12555
0.039978
0.052002
-0.015442
-0.018738
0.0090332
-0.012817
0.07074
-0.042297
0.26666
-0.02948
0.55219
-0.03064
0.2594
-0.01532
0.055786
-0.00091553
-0.0057373
0.94238
0.0060425
-0.085999
0.074585
-0.013
-0.026001
-0.0091553
0.012634
0.012817
0.10535
-0.022949
-0.0085449
0.33411
0.20856
0.068298
0.15955
0.014648
0.047729
-0.036926
0.14996
-0.051453
0.18195
0.042358
0.058716
0.063293
0.21661
0.060364
0.11609
0.0014038
-0.0046997
0.12524
0.19482
-0.045044
0.19409
0.27716
0.19635
-0.11145
-0.0010986
-0.043945
0.10339
0.01709
0.26575
0.017395
0.010986
0.0064087
0.14856
0.041504
0.057373
0.056152
0.058716
0.0027466
0.19641
-0.067078
0.53369
-0.097046
0.258
0.012817
0.035339
0.1098
-0.017334
-0.028748
0.019287
-0.091614
0.065063
1.042
0.085999
0.034607
0.025452
0.14374
0.054382
0.0021973
-0.030884
0.094238
-0.024658
0.2829
-0.014771
0.64233
0.01947
-0.02832
-0.0896
-0.1225
-0.059631
0.13489
0.015198
1.1197
0.052246
-0.072754
0.11542
-0.012268
0.046082
-0.058167
0.014771
0.0021973
-0.012756
0.031433
-0.10968
0.060303
-0.064758
0.73309
-0.041016
0.015564
0.63202
0.018738
0.11572
-0.037598
0.037354
0.019226
-0.01416
0.0054321
0.73901
0.085205
0.053467
0.033081
-0.01825
-0.050171
0.15759
0.03363
-0.017883
-0.027527
-0.10437
0.014404
0.022827
0.046936
-0.032349
0.73224
-0.13757
0.12122
0.14154
0.15131
-0.10864
0.072449
0.079163
0.069275
0.0044556
0.25854
-0.10394
0.88794
0.085266
-0.11096
1.014
-0.010559
-0.10547
-0.038269
-0.16522
0.031677
0.19489
0.039795
0.06781
0.030334
0.0064087
0.036072
-0.092834
0.071716
-0.012634
1.0231
-0.050964
-0.12665
-0.057373
-0.060486
0.022827
-0.034058
-0.12683
0.0037231
0.65045
-0.019409
0.33386
-0.048584
0.04071
0.014954
-0.067566
-0.042969
0.030579
-0.019104
0.097534
0.89349
0.075378
0.085938
0.0053101
-0.11145
0.20929
0.10571
-0.17822
0.23511
0.29712
-0.052979
0.24457
-0.011292
0.056152
-0.072876
0.2785
0.034119
-0.069336
0.21832
0.11829
-0.041077
0.057251
0.0087891
0.14813
-0.011658
0.033508
-0.047546
0.019531
-0.037781
0.71918
-0.0053711
0.22046
-0.070618
0.12646
0.039551
0.68011
0.070984
0.05249
-0.039185
-0.019775
-0.067871
0.15527
0.038574
-0.027466
-0.033813
0.010864
0.021179
0.0010986
0.044739
0.058044
0.62543
-0.019165
0.43268
0.13684
-0.13293
0.10382
0.60803
0.019775
0.069824
0.073608
0.12445
-0.0030518
-0.060181
-0.061584
0.0040894
0.080627
-0.2514
-0.05957
0.16193
-0.026001
0.77435
0.10065
-0.024902
0.090454
-0.081116
0.10144
-0.010864
0.098145
0.037842
0.45929
0.036804
0.30139
-0.00085449
-0.0029907
-0.028442
-0.0095825
-0.064697
0.03479
-0.0021973
0.055054
0.14722
0.014038
0.058167
0.058228
0.71466
0.038818
0.053772
0.25012
-0.0046387
0.045715
-0.066406
0.17761
0.026917
0.062988
0.032593
0.19458
0.50195
-0.04834
0.22083
0.33502
0.042542
-0.054016
-0.013916
-0.063049
0.030273
0.031921
-0.015198
-0.026917
-0.062805
0.057861
0.30176
0.00085449
0.57196
-0.0025635
0.14185
0.28931
-0.055908
0.00079346
0.27252
0.26227
0.0091553
0.1806
0.019348
0.011414
-0.023621
0.037231
-0.043335
0.097046
0.085022
0.36761
-0.0078125
0.20483
-0.027466
0.1394
-0.021912
0.015625
-0.0019531
-0.016724
-0.043213
0.50342
0.022278
0.36646
-0.022888
0.045715
0.010437
0.76819
0.036438
0.0354
0.089966
-0.032043
-0.075073
0.13184
0.023621
-0.084595
0.012756
0.039551
0.034241
-0.049194
0.05249
-0.07782
0.1543
0.10413
0.96771
0.053589
-0.19672
0.035583
0.34302
0.14478
0.06134
0.36688
-0.074036
0.036011
0.0082397
-0.0072632
-0.0095825
-0.021118
-0.0055542
0.052124
0.024048
0.026245
0.01239
0.048523
-0.018494
0.2063
0.082703
-0.069031
0.017883
0.071411
-0.049011
-0.026245
1.3559
-0.039917
-0.24103
0.055847
0.16357
0.049805
0.035583
-0.017395
0.03833
-0.0067139
0.50909
0.033936
0.54791
-0.040405
-0.050659
0.0015869
0.071716
-0.0021973
0.015564
0.024597
0.44867
0.044922
0.051453
0.39276
-0.03656
0.037903
-0.016418
0.028992
-0.013855
0.031677
0.53259
0.20447
0.10803
0.064575
0.25012
-0.13745
0.026489
-0.015686
-0.1059
0.088257
0.89166
0.076416
-0.10309
0.14355
0.030762
-0.033386
0.96918
-0.078491
-0.061279
0.037903
0.045715
0.0021973
0.0024414
-0.0083008
-0.0056152
-0.11688
0.0011597
-0.067688
-0.013245
0.13879
0.07135
0.025452
0.0041504
0.83313
0.10077
-0.00354
0.0078125
0.064758
-0.01709
0.014587
0.59259
0.022339
0.35553
0.058411
-0.0096436
0.032654
-0.068054
0.015869
-0.041687
0.077942
-0.055237
0.034973
0.23718
0.14856
0.62476
-0.017273
0.029541
0.00061035
0.028625
0.039001
-0.23938
0.081116
1.2709
-0.058655
-0.033997
-0.066711
-0.024536
-0.0093994
-0.032166
0.079102
0.074524
-0.041382
0.86475
-0.090271
-0.056458
-0.042542
-0.054626
0.078186
-0.050537
0.51086
0.013123
0.40887
0.012024
-0.008667
-0.052185
-0.073181
-0.025024
-0.0074463
-0.065247
0.041138
1.1422
-0.0095825
-0.089661
0.076477
-0.12952
0.049316
0.070496
0.29718
-0.10211
0.37933
0.11993
0.30383
-0.026733
0.0042725
-0.019897
-0.080078
-0.051208
0.78583
0.12756
0.23175
-0.053467
0.26764
0.010986
-0.054993
-0.073364
-0.04425
1.2328
-0.075073
-0.11023
0.030212
0.05957
0.026672
-0.044128
0.0024414
0.014099
0.12952
0.025513
0.48254
-0.073792
0.15375
-0.057556
0.29645
-0.042114
0.20435
-0.046509
0.049805
0.097778
0.33508
0.079895
0.34668
0.090454
0.14203
0.075134
-0.047607
-0.045349
-0.04834
-0.0045166
0.28149
0.074341
0.43121
0.013123
-0.021057
-0.037476
0.0043945
0.0081787
0.049255
0.91199
-0.046631
0.10101
-0.012085
0.001709
-0.050232
0.0075073
-0.036499
-0.038757
0.58752
-0.0064087
-0.086548
-0.11639
0.025024
-0.0028076
0.29352
-0.025269
0.32477
0.093872
0.68066
0.063721
0.077759
0.20703
0.021973
-0.070557
0.2561
0.06427
-0.047485
0.1485
0.09491
0.043091
0.017944
-0.096436
0.08374
-0.16736
0.031128
-0.0011597
-0.17468
1.0963
0.019409
0.94403
-0.013
0.027832
0.024292
0.033386
-0.016235
0.042969
0.030334
-0.017456
0.070679
0.016052
-0.1134
0.076538
-0.11908
0.086426
-0.062073
0.074463
1.3946
-0.10736
0.022156
0.055542
0.5932
-0.10504
0.28192
-0.060181
0.28387
0.034363
0.031494
-0.090942
0.29114
-0.005127
-0.13428
0.35101
0.18079
0.2597
0.27826
0.020081
0.19684
-0.13226
0.016052
0.014954
-0.0032959
-0.018188
0.076233
-0.069031
0.00177
0.70898
0.034973
0.258
-0.045105
-0.044495
0.0033569
-0.0037231
0.80536
0.034607
0.1825
-0.059021
0.052734
-0.020508
-0.012024
0.0043335
0.027954
-0.07074
0.09021
-0.011475
0.029663
-0.081726
-0.14471
1.0935
0.042847
0.1308
-0.0048218
0.088806
-0.049438
0.11536
-0.1908
-0.080261
0.13403
0.44989
-0.015808
-0.024109
-0.0083618
0.018127
0.016418
0.0354
-0.0064087
0.14093
0.17773
0.60687
-0.089417
0.031799
0.15118
-0.089417
0.81311
0.044617
0.24219
0.043823
-0.031494
-0.0072632
0.18878
0.1261
-0.048462
0.58826
0.1051
0.012451
0.051392
0.018799
0.012451
0.014709
-0.054016
-0.017883
-0.022827
-0.00079346
-0.0071411
-0.0091553
-0.0022583
0.10632
-0.076477
0.96655
-0.090698
-0.020264
-0.12402
0.055603
0.11896
0.56042
-0.031006
0.30304
0.018433
-0.083069
0.52222
-0.010925
-0.092346
0.14758
0.185
-0.0064087
0.3653
0.014709
0.056763
0.023987
-0.03418
-0.041931
-0.076599
0.092712
0.1347
0.09668
0.15564
0.088501
0.19928
-0.035767
0.028564
0.092468
0.69531
-0.059387
0.034485
-0.023315
0.042053
0.027161
-0.026184
0.035034
0.044312
0.014221
-0.056213
-0.057129
0.068909
0.20105
0.034668
0.60083
-0.0076904
0.25989
0.17419
0.055298
0.027527
0.93097
-0.082642
-0.072083
0.069519
-0.033325
-0.0091553
0.016907
0.018127
0.032837
-0.07019
0.017639
0.0066528
0.026245
-0.04071
-0.054932
0.026794
1.0405
0.40942
0.0043335
-0.051514
0.40656
0.016296
0.031921
0.15771
0.015137
-0.0082397
-0.019043
0.71649
0.0054932
0.012024
0.26373
-0.11584
-0.00079346
0.054932
0.046997
-0.071106
-0.08844
-0.043884
-0.062378
0.049377
0.008728
-0.091309
0.80865
0.03125
0.07019
0.21399
0.038574
0.01709
0.0012817
-0.0056152
0.012085
0.00079346
-0.030762
-0.03949
0.12115
0.088379
0.9726
0.24805
0.13452
-0.10443
0.461
0.14539
0.057678
0.014832
-0.008667
-0.037292
0.037048
-0.083191
0.037842
-0.045227
0.090515
-0.022156
-0.03479
-0.062683
-0.12842
0.0058594
1.1719
-0.014282
-0.039734
-0.036682
0.053101
0.50134
-0.020752
0.43829
-0.04364
0.082764
-0.017151
0.5611
0.014771
-0.12689
-0.038513
0.13458
-0.029968
0.22736
-0.065735
0.063843
0.091187
0.070984
0.049622
0.24121
-0.2088
0.15985
0.39203
0.31519
-0.0177
0.13916
-0.045044
-0.077332
-0.032166
0.14075
-0.10352
0.050842
1.1431
0.051514
-0.18164
0.16357
-0.14386
-0.027649
-0.046509
-0.090942
-0.011963
0.10022
-0.1604
0.011841
0.49219
0.1413
0.42938
-0.018005
0.86444
-0.0061035
0.012634
0.028015
-0.030457
-0.021362
0.086914
-0.031128
0.030151
-0.053894
-0.038635
0.029541
-0.01239
0.64966
0.034729
0.19318
-0.052856
0.087952
0.00024414
-0.044373
0.11774
-0.0010986
0.030457
0.036377
0.78754
-0.033569
0.10107
0.13416
-0.039246
-0.10339
0.11108
0.31702
-0.020996
0.44208
-0.0029297
0.20044
0.012573
-0.032532
-0.050293
0.81812
0.099731
-0.01886
0.013672
-0.06012
-0.036133
0.11786
-0.02002
0.011108
0.0079956
0.21704
0.068542
0.7511
-0.046021
0.079651
-0.018677
0.14771
-0.027344
0.072937
-0.0049438
-0.016541
-0.045654
-0.10498
0.57074
0.35895
-0.0065918
0.11298
-0.096191
-0.043762
-0.056213
0.038635
0.31616
0.011536
0.64783
0.12506
-0.030884
-0.0096436
0.085205
-0.085571
0.001709
-0.050232
0.93756
-0.028015
0.056091
0.036316
-0.0048218
0.024719
-0.0011597
0.0046997
0.01825
-0.052673
1.0315
0.0056763
-0.00048828
-0.0012207
0.0015259
-0.039795
0.00048828
0.040283
0.01825
0.015442
0.014526
-0.036743
0.027527
0.020386
0.38574
0.080261
0.70721
-0.056091
-0.043335
0.030823
-0.040833
0.012817
-0.031677
0.59131
0.04425
0.42291
-0.039307
0.023987
0.0060425
0.030823
0.028015
0.32526
0.038696
0.32648
-0.0072021
0.27325
0.0075073
-0.047607
-0.01178
-0.072937
0.044006
0.46429
-0.057922
0.070801
0.28381
0.21948
-0.032349
0.10999
-0.0039673
0.0085449
-0.03418
0.0079346
0.0014648
-0.057312
1.0439
0.052673
-0.0056152
-0.022156
0.078308
-0.038391
0.07959
0.082703
-0.066284
0.062012
-0.0065918
0.0089722
-0.10864
-0.085571
1.1339
-0.048096
-0.023621
-0.013855
-0.015564
0.072205
0.066711
0.082092
0.055054
0.95264
-0.05603
0.0057983
-0.035767
0.0019531
-0.031616
0.048462
0.098633
0.0046387
0.62598
-0.084717
0.30499
0.0089722
0.012634
-0.033569
0.042603
0.022583
0.54016
0.022827
0.16479
-0.032898
0.29578
0.17041
0.2041
0.0031738
0.4649
0.072632
0.014954
0.15424
0.068909
-0.007019
-0.014221
0.052979
0.10736
0.21655
0.010986
0.57623
0.028992
0.020752
0.16895
-0.051819
-0.037109
-0.01825
0.0040283
0.035034
0.020508
0.032593
-0.0073242
-0.019287
1.0334
-0.11597
0.008606
0.016846
-0.0046387
0.082886
-0.031067
-0.018555
0.12659
-0.035645
-0.035889
-0.021484
0.88196
0.16443
0.066956
0.1936
0.011047
0.22882
0.12341
0.30151
-0.03717
-0.0048828
-0.010132
1.2927
0.034607
-0.065918
-0.029236
-0.22113
0.039001
-0.011597
0.13269
-0.085693
-0.052002
-0.012024
1.1242
-0.080017
-0.10657
-0.0032349
0.045898
-0.0087891
-0.053162
0.0081787
0.017395
0.030762
0.75549
-0.024841
0.24139
0.045898
-0.010376
-0.039978
-0.039429
-0.028931
0.01947
-0.069153
1.0914
0.018127
-0.026733
0.00054932
-0.0093994
0.0059204
-0.0075684
-0.020386
-0.024719
-0.07373
0.083679
0.036682
-0.011414
0.78705
0.00354
0.18994
-0.071777
-0.050293
0.025574
0.025024
0.018005
-0.12408
-0.133
0.083984
-0.0098877
-0.059143
0.044373
1.1942
0.085083
0.3028
0.13745
0.040649
0.19946
0.097107
0.046204
0.14417
0.0018921
0.05481
-0.078369
-0.012573
-0.035034
-0.032654
-0.0046997
0.026123
0.066772
0.011597
-0.032593
0.61682
-0.01239
0.60382
0.15204
-0.0032349
0.1217
0.048035
-0.036255
0.16742
0.0026855
0.061218
0.021179
-0.033447
0.029724
0.04657
-0.035645
0.039795
0.24261
-0.036743
-0.014038
-0.0018311
0.39362
0.018066
0.14874
-0.059509
0.012634
0.02948
0.45148
0.028137
0.40125
0.0012817
-0.13025
0.00067139
0.10266
0.069336
0.055847
0.27509
0.09845
0.52448
-0.049011
0.12878
-0.017212
-0.003418
0.0088501
-0.054993
-0.00061035
-0.0049438
-0.077698
0.033325
1.0302
0.013062
-0.031067
0.34637
0.086365
-0.032959
0.04541
0.08783
0.054016
0.33063
0.050232
0.074829
0.016785
-0.069031
0.017883
0.075256
-0.027527
0.021423
0.09314
0.031128
-0.13367
0.98651
0.011292
0.065002
-0.036072
0.61877
-0.00061035
0.30402
-0.014221
0.095459
0.027832
-0.038818
-0.093445
0.0029907
0.036194
0.10559
0.37024
0.44641
0.083008
0.063416
0.027527
-0.038696
-0.056335
0.03418
-0.033569
-0.024841
-0.0049438
0.6546
0.005249
0.25293
0.005249
0.06189
-0.00085449
0.040649
0.015137
0.050232
0.044861
0.60822
-0.011841
0.041077
0.037476
0.040039
-0.010437
0.1792
0.034241
0.53271
-0.097351
0.21008
0.12463
0.36426
-0.0082397
0.11713
-0.028015
0.17072
-0.10754
0.37207
0.028748
0.033813
-0.10986
0.33557
0.013855
-0.066345
-0.04248
-0.0043945
-0.059998
0.043396
-0.00054932
-0.067566
0.94696
0.074219
-0.031799
-0.039185
0.17169
-0.011719
0.040527
0.0039673
-0.021301
0.0041504
0.3208
-0.051758
0.75635
0.063538
-0.057617
-0.0066528
0.049316
0.20776
-0.056824
0.54321
-0.060425
0.00085449
0.051331
-0.062012
0.041382
0.068848
0.047974
-0.00079346
-0.12201
-0.010742
0.058838
0.078125
0.05957
-0.049988
0.91229
-0.02478
-0.010254
-0.016052
0.0050049
0.0056763
0.14008
0.0096436
0.39435
0.085571
0.29089
0.016907
0.00024414
0.6474
-0.021301
0.23499
0.00079346
0.28778
0.030396
-0.021606
-0.04657
0.024475
-0.092102
0.96826
-0.03717
0.046631
0.0224
0.16333
-0.020447
0.0089722
0.11786
0.0014038
0.045837
0.5517
-0.016968
0.24323
0.013062
0.08374
-0.0058594
-0.015564
-0.021606
0.82861
0.1488
0.1814
0.0050659
-0.0050049
0.04657
0.21155
0.058594
-0.078979
-0.14893
-0.010925
-0.025085
0.012573
0.0041504
0.038025
0.030945
0.028687
1.0226
-0.06427
-0.013855
-0.089233
0.008667
0.18231
-0.021667
0.4259
0.037598
0.20575
0.013672
0.0071411
-0.026978
0.016357
-0.0054321
-0.036926
0.092224
-0.041687
0.99066
-0.0271
-0.081177
-0.10748
-0.039734
0.063782
-0.035217
0.69519
0.16913
-0.02356
-0.049255
0.17297
0.011353
-0.030334
-0.029419
-0.033203
0.074402
0.05011
0.86053
0.053711
0.013672
0.0059814
0.042114
-0.028503
-0.012817
0.11542
-0.055054
0.17419
0.27209
0.15405
-0.017273
0.18896
-0.023438
0.084045
-0.066956
-0.013306
0.91022
-0.048767
-0.050537
0.053711
0.033508
0.012939
0.084167
0.00177
0.035645
0.04425
0.10242
-0.014465
0.060181
-0.10181
0.33441
-0.028625
0.20459
-0.013794
0.85547
0.039978
-0.046265
0.12683
0.01532
0.073303
0.087646
0.13702
0.02179
0.77472
0.04834
0.041687
0.69171
-0.0036011
0.31915
0.079956
0.0060425
-0.0027466
-0.010742
-0.038269
0.079407
0.064087
-0.0014038
-0.084412
0.032776
-0.151
0.095947
0.0056763
-0.090942
1.0417
-0.013977
0.070007
-0.11957
0.50275
-0.051758
0.32312
0.014954
0.2962
0.10016
0.028259
0.061462
0.012268
0.046631
0.47754
-0.0042725
0.085815
0.024109
0.12952
0.0032959
0.0071411
0.035645
-0.0039673
0.02301
0.016724
1.0394
-0.07019
-0.016479
-0.02063
-0.14673
-0.060364
-0.0079346
-0.030945
-0.12115
0.061951
-0.041504
-0.025452
0.12866
0.026489
0.051086
0.11438
0.93396
0.1601
0.56427
0.021057
0.09259
0.22925
-0.093506
0.048706
0.047546
0.040588
-0.047058
-0.012634
-0.030884
0.070007
-0.071045
0.012085
0.2536
0.071289
-0.02478
0.11774
0.83698
-0.063538
0.025208
-0.012329
0.0015259
0.017578
0.64099
-0.022827
0.44684
0.050415
-0.12958
0.1925
0.018311
0.31842
0.031128
0.13568
0.0029297
0.34705
0.00042725
0.086426
-0.016418
0.032532
-0.024048
0.036377
0.0018921
-0.025452
0.1192
0.055237
-0
0.04303
0.95001
0.28149
0.021118
0.17157
0.20721
0.006897
0.12335
0.34906
0.013489
0.071228
-0.099792
0.0083618
0.057434
0.0022583
-0.13074
0.024536
-0.0043335
-0.0027466
0.11267
-0.11707
1.0101
0.03894
0.057373
-0.022766
0.62024
0.29779
0.0088501
0.14227
0.052368
-0.030457
0.027161
1.0596
-0.069153
-0.072876
-0.016724
-0.12787
0.057983
0.010132
0.045532
-0.026978
0.0020752
-0.036499
0.13422
0.25171
-0.025635
0.43378
-0.043518
0.28156
0.024719
0.12494
0.022522
0.15588
-0.030884
0.14789
-0.053467
-0.061218
-0.00061035
0.14673
0.036621
0.21606
-0.0080566
0.091248
0.35632
-0.055481
0.15393
0.31378
-0.012329
0.088257
0.093567
0.0013428
-0.049011
-0.11072
0.070679
0.052063
0.037903
0.56592
-0.013184
0.22229
-0.092712
0.14258
0.033264
0.040039
0.048706
0.1792
0.028748
0.38281
-0.0057373
0.24786
0.033813
0.088318
-0.0037231
0.67719
0.02002
-0.146
-0.048767
0.22101
0.14276
0.24921
-0.051392
0.0036621
0.0025635
-0.022278
-0.03241
-0.048462
-0.00091553
-0.018127
0.13641
-0.07196
0.15521
0.021606
0.74121
-0.088623
0.028381
0.58234
0.07605
0.22992
0.026001
0.16211
-0.034912
-0.029785
0.001709
-0.026733
1.036
-0.041199
-0.10529
0.026978
0.079224
-0.016174
-0.049377
0.019958
0.0018311
0.051086
0.93689
0.019836
0.073059
0.032104
-0.040405
-0.038208
-0.022095
-0.036011
0.015015
0.90765
-0.010376
-0.037292
-0.028748
-0.015625
0.011414
0.18384
0.018555
-0.040649
0.0097656
-0.15894
0.11694
0.025818
-0.04834
-0.017151
0.7713
-0.072205
0.18829
0.0093384
0.073608
0.55835
-0.02832
-0.10638
0.065369
0.18628
0.033142
0.32825
-0.034363
0.049377
0.050903
-0.026855
-0.0032959
-0.0029907
0.010986
0.049622
0.12585
-0.044373
0.97473
-0.082764
0.067566
1.1625
0.037109
0.055847
-0.0067139
-0.11096
0.070007
0.0075073
0.0075073
-0.067322
0.032776
0.062073
0.15887
-0.12415
0.15863
0.55823
0.003479
0.13245
0.021423
0.050964
0.035889
-0.044861
1.0159
-0.05072
-0.067139
0.04187
0.040466
0.049805
0.011841
0.036316
-0.0020752
0.031311
1.0347
-0.023987
0.0077515
0.033203
-0.014832
0.0087891
-0.014099
-0.0064697
-0.032837
0.011353
-0.03241
0.020142
-0.015869
-0.0048218
0.14545
0.043335
0.4422
-0.0012207
0.37537
1.006
-0.00067139
-0.067017
-0.021362
-0.1629
-0.005249
0.065002
0.011169
-0.047791
-0.038879
0.59595
-0.062439
-0.15741
0.057434
0.15118
0.062378
0.33276
-0.092346
0.080933
0.036682
-0.044312
0.93689
-0.00091553
-0.022156
0.026489
0.04303
-0.00036621
0.06311
0.083313
-0.011169
0.019836
0.050171
-0.016724
-0.042908
0.060364
0.080872
0.02356
0.16821
0.0015869
0.7597
0.053833
0.026611
-0.027649
0.022644
0.019775
0.017029
0.27765
-0.080811
0.30475
-0.050781
0.0038452
0.066101
-0.0091553
-0.028625
0.0041504
-0.1405
-0.012939
0.59869
0.042664
0.3396
0.15271
0.0031738
-0.071167
0.43732
-0.1463
0.28442
0.094177
0.064697
0.16284
-0.073669
0.017273
0.05188
-0.08667
0.08905
-0.052979
0.3999
-0.091187
0.33765
0.08252
0.14038
-0.087891
0.13879
0.14801
-0.24347
0.56158
-0.095276
0.2215
-0.039612
0.089905
-0.020142
0.19226
0.79657
0.022461
-0.01239
0.086304
-0.01178
0.04364
0.10144
-0.012451
-0.050842
0.050842
0.04071
0.39355
0.052246
0.084717
-0.0039673
0.23633
0.0089111
-0.0082397
0.012451
0.38782
0.13434
-0.013123
-0.0077515
0.11584
0.088013
0.35278
-0.072021
0.0055542
0.00024414
-0.062561
0.087708
0.078186
-0.0045776
0.3017
-0.013794
0.1358
0.03009
0.59698
0.025879
0.77045
-0.02356
-0.066162
-0.01709
-0.082336
0.038208
0.10162
0.095764
-0.035583
0.013977
-0.14581
-0.043213
-0.14014
0.60114
0.57483
0.022461
0.16608
-0.1178
-0.16254
-0.080139
0.55908
0.20886
-0.078857
-0.08313
0.033142
-0.083008
0.099304
-0.087341
0.086365
0.054504
0.0036011
0.040466
0.93677
-0.017883
0.059509
0.025146
0.13458
0.053406
-0.030945
-0.042358
-0.12781
-0.17883
0.046753
0.92468
0.25531
0.10321
0.18146
-0.058899
-0.014099
-0.15002
-0.1062
0.013306
-0.10144
0.019287
0.013245
0.8808
-0.096375
0.24194
0.059753
-0.063293
-0.0095825
0.034607
-0.018433
0.023865
-0.028381
0.076904
-0.052673
0.0064697
0.018005
0.79846
-0.024902
-0.050293
-0.017944
-0.038696
0.036377
0.64441
-0.036804
0.30652
-0.040527
-0.0578
-0.0098267
-0.0032959
-0.0092773
0.0038452
0.058472
0.13257
0.060303
-0.086914
0.79181
0.056335
-0.04895
0.016968
-0.013916
-0.030823
0.01355
0.18066
-0.0092163
0.11255
0.072327
0.82678
0.151
-0.087036
-0.0050049
1.0064
-0.034912
0.0072632
0.074585
0.021606
0.040344
-0.016602
0.17621
0.6225
-0.12042
0.21887
0.092651
0.059937
0.011536
-0.023926
-0.03772
0.0059204
0.018372
-0.040649
-0.035889
-0.0049438
-0.051575
-0.052795
0.060364
0.85114
-0.07782
0.093384
0.021912
0.04895
-0.0078735
0.12555
0.04126
0.026917
-0.014648
0.046692
0.92572
-0.0088501
-0.010925
-0.0067139
-0.066406
-0.035767
-0.016296
0.11102
-0.032654
-0.0097046
-0.073547
0.99805
-0.033325
0.10724
-0.12079
0.21002
0.74353
0.052307
0.076904
0.0073853
-0.0045166
0.018616
0.055176
1.164
-0.054321
-0.10767
0.023621
-0.0065308
0.042053
-0.078857
0.0093384
-0.0044556
-0.052795
0.87122
0.029358
-0.077209
0.098267
-0.016663
0.031616
0.013306
-0.059265
0.075989
-0.05719
0.039246
-0.015686
-0.052124
-0.011658
0.27917
0.021423
0.16083
0.072937
0.5965
0.85254
0.084106
0.0085449
0.039795
-0.035339
0.015259
0.15826
0.00079346
0.061401
-0.023621
0.0026855
-0.039978
-0.034912
-0.043884
-0.013977
-0.13031
-0.020569
0.92834
0.0033569
0.096375
0.47852
0.077515
0.18115
0.11469
0.10968
0.042969
0.29913
-0.0049438
0.013611
-0.10986
0.90265
0.0056763
-0.021973
-0.1286
-0.0092773
-0.024963
0.11523
0.04126
-0.011658
-0.012146
-0.008728
0.043823
-0.029419
0.041077
0.019165
0.016907
0.025635
0.17841
-0.0059204
0.77783
0.22546
0.17456
0.019836
0.2113
0.20667
0.032227
0.11176
0.098267
0.010986
-0.057678
0.87598
0.0014038
-0.11957
-0.034363
-0.008606
0.040466
0.17737
0.014771
0.005127
0.0087891
-0.049072
0.20703
0.51849
-0.091736
0.71753
-0.027832
0.40503
0.037231
-0.42169
-0.16077
0.0060425
-0.042603
0.012146
-0.030396
0.015198
0.28473
0.13049
0.039856
0.16113
0.76294
0.31708
0.02655
0.25189
0.13721
0.1568
0.061584
0.26978
0.089539
-0.045166
-0.06073
