-0.0046997
-0.0049438
-0.014771
0.019226
0.026428
1.0351
0.11237
0.015869
0.007019
0.068054
0.83197
-0.015015
-0.042297
-0.03186
-0.11389
0.006897
0.095825
0.014099
-0.073059
0.044312
0.058533
-0.0018311
0.51605
-0.03833
0.18457
0.020386
0.24512
0.016541
0.0097656
-0.016479
0.97015
0.034973
0.064209
0.21558
-0.087708
0.015076
-0.008728
0.015564
-0.041992
0.043396
-0.072876
0.042847
-0.0078735
-0.07843
0.0056152
-0.11365
0.010132
1.0667
0.061401
-0.062805
0.0085449
0.021057
0.10815
0.26239
0.38629
-0.0091553
0.16083
0.057556
-0.054016
0.021912
0.57275
0.01355
0.060547
-0.025879
0.16077
0.023254
0.2179
0.027649
0.0076294
0.041687
0.071533
-0.017944
0.028076
-0.056213
-0.049622
-0.025085
0.021606
0.075195
0.71686
0.060669
0.07373
0.045349
-0.13593
0.79059
0.016479
-0.047791
0.082642
0.058105
0.079163
0.10431
0.25891
0.094421
0.1571
0.20837
0.026672
-0.035522
0.15302
0.013
-0.083313
-0.046936
0.090271
6.1035e-05
0.016724
0.027466
-0.071533
0.078796
0.052612
0.049377
0.85138
-0.13062
0.16907
-0.010559
0.14563
0.025452
-0.0050659
0.34216
0.14764
0.00073242
0.32416
-0.092651
-0.033264
0.066772
-0.11884
1.0047
0.071655
-0.0094604
0.018921
0.0046997
0.021057
-0.013062
0.0224
-0.043457
-0.0037842
0.021057
-0.035522
-0.018005
-0.039734
0.060059
1.0311
0.024231
-0.044617
-0.067993
0.051819
-0.087158
0.061279
-0.063904
0.052124
0.26794
0.040039
0.80292
0.019836
0.12231
0.041809
0.048523
0.42255
0.010315
0.20697
0.033936
0.2204
-0.079834
0.57269
0.061646
0.045166
0.056335
-0.014343
0.12274
0.16003
0.036072
-0.012146
-0.01886
-0.068787
0.059631
0.28204
0.044373
0.11139
-0.13391
0.10986
0.0061035
0.10394
0.050842
0.10211
0.025146
-0.072876
0.12372
-0.13373
0.057129
-0.078491
-0.026184
1.0652
0.016541
0.21661
0.18152
0.025818
0.39905
0.14954
-0.015564
0.096375
0.13409
-0.0025635
0.0271
-0.046448
-0.069824
-0.029663
-0.043884
-0.062927
0.51099
-0.038574
-0.008667
0.089844
-0.074646
0.28265
0.042358
0.25806
0.19714
0.057617
0.24225
0.24139
-0.10706
-0.02594
-0.079224
-0.061768
-0.029419
-0.059875
-0.02594
-0.003479
0.46295
-0.044434
0.45966
-0.039063
-0.0078735
0.048889
0.06665
0.0040894
0.027344
0.016357
-0.012756
0.03125
1.1335
-0.14001
-0.14606
1.0029
0.082886
-0.017273
-0.058777
-0.071289
0.050049
0.14166
0.027588
-0.05542
-0.018188
-0.027954
0.075073
0.066895
0.77045
0.019836
-0.037109
-0.057373
-0.050598
-0.035217
-0.020264
0.30719
-0.041992
-0.094055
0.20233
0.13855
0.030884
0.43463
0.015747
0.020203
0.04718
-0.012024
-0.01001
0.0024414
-0.011414
0.069824
0.0018311
0.08075
-0.050903
0.34918
0.13635
-0.051086
0.25153
-0.017456
0.5705
0.077026
0.098999
-0.00177
0.041443
-0.032593
-0.00054932
0.033081
0.09491
-0.1167
-0.062134
-0.033325
0.74701
0.0060425
0.0058594
-0.17133
0.41675
-0.01355
-0.016479
-0.02655
0.0077515
-0.07782
-0.151
-0.023132
-0.045959
0.11084
1.2773
0.10425
0.058655
0.17706
0.016479
0.16589
-6.1035e-05
0.2746
-0.011902
0.079041
0.049133
-0.0085449
0.02124
0.44104
0.050171
0.042053
0.0024414
0.099609
0.01416
0.098328
0.075745
0.1015
-0.029297
0.04718
-0.029236
0.025024
0.081604
0.13672
0.0092163
0.41351
0.052368
0.026855
0.078918
-0.038757
-0.030884
0.036682
0.14642
-0.040955
0.52167
-0.052002
0.38959
0.20972
-0.0062866
0.067261
0.13721
0.3429
0.01001
0.3313
-0.016113
-0.024475
-0.093445
0.03949
0.8399
0.038757
0.12201
0.0056152
0.01886
-0.076477
0.018616
0.029419
-0.0059814
0.62531
-0.092163
-0.12396
-0.021423
0.12
0.055115
0.29132
-0.094666
0.087769
0.036743
-0.079712
0.049255
0.0049438
0.062744
-0.11908
1.3915
-0.029541
-0.07489
-0.058411
0.19116
0.084351
0.076355
0.086121
-0.034485
0.010132
0.57642
0.13513
-0.11627
0.35767
0.027649
-0.007019
0.059875
0.13293
0.095215
0.33636
0.078308
0.28461
-0.12677
0.24005
0.03595
0.048584
0.16791
0.33862
0.10272
0.24615
0.064514
0.20959
-0.0070801
0.024353
-0.032776
0.042908
0.046814
0.016724
-0.055176
0.073364
0.0032349
0.08783
0.094421
0.81903
-0.0011597
0.0014648
0.08844
0.52539
-0.11243
0.22009
0.087952
0.3067
-0.05127
0.031738
-0.0068359
0.13416
0.020081
0.13208
0.18182
0.24701
-0.036499
0.29529
0.017639
0.091431
-0.043152
0.51001
0.079224
-0.0093994
-0.034485
0.024475
-0.02301
0.32654
0.00054932
0.16803
-0.025513
-0.052063
0.051941
0.0271
-0.0024414
0.063965
0.21875
-0.037354
0.82678
-0.07489
0.04834
0.02948
0.047058
0.036499
0.014221
0.32001
0.18994
0.3775
-0.018982
0.03595
0.038574
0.010437
0.040833
0.0031128
0.0061035
0.0018311
0.79187
0.054077
0.22272
0.015869
-0.11084
0.17169
0.13928
-0.019897
0.41809
0.037659
0.075439
0.051086
0.0042725
0.092468
0.0097656
0.0027466
0.028809
0.006897
0.040894
-0.0088501
0.19684
-0.095398
0.84973
0.090515
-0.08252
-0.021118
0.12305
0.20459
-0.040649
0.72552
-0.045776
-0.029053
-0.046814
0.019348
0.016235
-0.051697
0.085876
0.031555
0.049561
-0.06543
1.0531
-0.018555
-0.053833
0.057129
-0.0067139
0.1712
-0.035339
-0.044434
-0.12579
0.099426
-0.10156
0.15765
0.031372
0.60925
-0.0075073
0.050049
0.00067139
0.020874
0.015503
-0.037964
0.17456
0.05127
-0.020142
0.31665
0.021973
0.077087
0.076538
-0.078674
1.2093
0.010803
-0.036377
-0.017212
-0.032898
-0.16095
-0.015198
-0.0036621
0.039673
0.062988
-0.02887
-0.03302
-0.0075684
0.028809
0.12909
0.013733
0.77185
0.016113
0.071106
-0.047974
-0.024963
0.01947
0.24927
-0.09082
0.29095
0.040344
0.45142
0.4624
0.11969
0.15686
-0.0054321
0.10162
0.098206
0.25726
0.10803
-0.091858
-0.046143
0.088196
0.0036011
-0.010681
-0.022461
0.12213
0.03064
0.39642
0.011353
0.26923
-0.013306
0.10602
0.074524
-0.077454
0.0672
0.46698
0.014526
0.019165
0.031189
0.42279
-0.069885
0.26868
-0.020081
-0.0087891
0.073486
0.3324
0.02887
0.37482
0.04834
-0.046875
-0.11432
-0.083984
0.11884
-0.073486
0.83966
0.049866
0.11627
0.014709
0.073792
0.028198
-0.026184
0.37573
0.050232
0.2818
-0.02655
0.037842
0.073914
0.36969
0.072388
-0.08551
-0.11475
-0.048706
-0.03949
0.023254
-0.014465
0.61444
0.02356
0.2934
-0.0024414
-0.032043
-0.023376
-0.027771
-0.018982
0.010986
-0.073853
-0.0084839
0.080933
0.091736
0.34235
0.1524
0.54083
0.015869
-0.052185
0.75903
-0.053223
0.071167
-0.012207
0.1405
0.041199
0.027039
0.015198
0.0015259
-0.018188
-0.098083
-0.091309
-0.023865
0.44617
0.065308
0.50922
-0.013855
0.045654
-0.0082397
-0.1026
0.16669
0.019836
0.4201
-0.029053
0.48975
0.015869
0.057617
-0.014099
0.027893
-0.012329
-0.052795
0.083191
0.012451
0.62738
-0.071533
0.31146
0.21631
-0.19061
0.6463
-0.13995
-0.10858
-0.040833
0.25287
0.076111
0.30798
-0.053223
-0.0081177
0.038269
-0.00097656
0.12207
-0.023865
0.72461
0.030518
0.01239
0.0037842
0.07135
-0.021423
0.010071
0.066101
0.63763
-0.011902
0.19769
0.12128
-0.014832
0.017273
-0.032043
-0.010071
0.023926
0.019226
0.045776
-0.075317
-0.019104
-0.01062
-0.011597
-0.022095
0.79425
0.12677
0.075317
0.039917
-0.034302
-0.10449
-0.12689
0.017822
0.020081
-0.098145
0.065063
1.1531
0.13867
0.32068
0.061584
0.037598
-0.081177
-0.053345
-0.037292
0.21484
0.0071411
0.12384
-0.055847
-0.065613
-0.087585
0.54846
0.064026
0.30176
0.040771
0.13147
0.031616
-0.067505
-0.050354
-0.0011597
-0.0037842
-0.026367
0.0029297
-0.00054932
-0.015015
-0.062622
0.98621
0.053101
-0.051208
0.019043
0.069824
0.013611
0.74982
0.022949
0.030884
-0.03064
0.039368
0.059753
-0.030823
-0.011475
0.24854
-0.051941
0.69849
0.055481
-0.0672
-0.010376
0.068726
-0.045227
0.048462
0.11774
-0.012512
0.23212
-0.042114
-0.093445
0.01416
0.21143
0.031311
0.6853
0.090942
0.51257
0.072876
-0.01001
0.32074
-0.017944
-0.027466
0.041138
0.0038452
-0.071045
0.041077
0.21326
0.15845
0.036865
0.084351
-0.069763
0.17798
0.12238
0.035461
0.34314
-0.11334
0.0031128
-0.092163
-0.055176
0.017944
-0.057312
-0.054871
-0.018494
0.066711
0.15106
0.92847
0.02478
0.026733
0.61066
-0.010986
0.078064
0.060913
0.018066
0.010742
-0.08252
0.046204
-0.050964
0.013306
-0.018616
-0.072693
0.065247
0.027954
0.045715
-0.088684
1.0772
-0.061523
0.018311
0.024048
0.059814
-0.0093384
-0.038025
0.54993
0.03241
0.11377
-0.046875
0.19543
0.0037842
-0.0066528
0.050171
-0.044922
0.69885
-0.0092163
0.24377
-0.047913
0.019775
0.031982
-0.021912
-0.026917
-0.071289
-0.06311
0.027283
-0.025879
0.021484
0.3432
0.075928
0.53906
0.049255
-0.012573
0.20068
0.10626
0.2829
-0.048218
0.40094
0.0060425
0.060608
0.0026245
0.059692
-0.0055542
-0.040405
0.31702
0.40662
0.00354
0.28455
-0.061035
0.049133
0.0058594
-0.076294
0.064026
0.29279
0.073669
0.55298
0.00048828
0.01416
0.045959
-0.048401
-0.020142
0.04718
-0.035583
0.22339
-0.091187
-0.11041
-0.027527
0.13446
0.012268
0.33124
-0.042664
0.9812
0.10162
0.0025024
-0.051636
-0.039063
0.067993
0.15607
0.046021
-0.049377
-0.026062
-0.10303
0.59937
-0.0096436
0.40063
0.0896
0.075073
-0.045715
-0.010925
-0.030762
0.012695
-0.044006
0.98083
-0.027588
0.073364
-0.030701
0.01825
-0.03418
0.012451
0.023804
-0.0053101
0.022766
0.041992
-0.0177
-0.044128
0.0271
0.036438
0.010437
0.051514
-0.11096
0.97058
0.1308
-0.014954
0.1889
0.27783
0.26227
0.082336
0.18555
0.047241
-0.06897
-0.059937
-0.060913
0.11469
-0.047668
-0.034119
0.15967
0.01239
0.012207
-0.044617
1.0818
0.01532
0.18951
0.035217
0.29266
-0.017334
0.055786
-0.058411
0.1795
0.13501
0.06189
0.027771
0.078552
1.0444
0.0084839
-0.032349
0.047791
0.0027466
-0.033691
-0.054382
-0.012085
0.035278
-0.030457
0.063538
0.058472
-0.035461
-0.0067749
0.11249
0.00079346
0.069031
-0.069336
1.1165
-0.080933
0.018982
-0.039124
0.043762
0.063599
0.91431
-0.098877
0.11646
0.0036011
-0.058167
0.0071411
-0.10834
0.23444
-0.0039063
-0.061768
0.061401
0.18243
0.027588
0.79871
-0.045959
-0.0083008
0.015198
0.14636
-0.05542
0.7077
0.02478
-0.025879
0.048767
0.020447
-0.017212
0.13293
-0.047058
-0.0012817
-0.024292
-0.037354
0.38116
0.085754
0.049927
0.19745
-0.015564
-0.038269
-0.012207
0.30438
0.032532
0.40363
0.078918
0.06311
-0.015137
0.084778
0.023865
0.10547
0.19232
-0.080261
0.72113
0.0014038
0.079834
0.056946
0.084412
-0.01062
-0.010071
0.023743
-0.042175
-0.022766
-0.078247
-0.005249
0.68402
-0.0071411
0.2168
0.044128
0.14282
0.027039
0.00036621
0.32422
0.18951
0.042053
0.088318
0.30823
-0.15149
0.20044
-0.026367
0.049866
-0.019714
0.00085449
-0.049194
0.586
-0.0030518
0.34448
-0.010559
0.13959
0.0065308
-0.017578
0.015015
0.1413
0.025024
0.66138
0.062317
0.1051
0.035034
0.043518
-0.0401
0.046692
-0.019592
-0.022461
-0.021973
-0.046631
0.055542
-0.043152
-0.074036
-0.037476
0.99402
0.14331
-0.013062
0.07489
-0.035034
-0.032898
0.014038
0.19708
0.0064087
0.14789
-0.0064087
-0.041931
-0.016418
0.3432
0.044128
0.31927
-0.037476
0.33942
0.0056152
0.063477
-0.031189
-0.033936
0.046204
0.53033
0.045715
0.074341
-0.069641
0.19659
0.12799
0.10144
0.031494
-0.10541
-0.015991
-0.056946
0.084045
0.0090942
-0.022705
-0.0011597
-0.20538
-0.12018
1.3044
0.075928
-0.013367
-0.086914
0.14795
-0.0033569
0.021545
-0.064941
-0.013672
1.022
0.066162
1.2537
-0.1272
-0.028442
-0.43311
-0.068115
-0.057068
0.59674
0.024963
-0.11475
0.028625
0.086426
0.00061035
-0.058044
-0.026489
-0.062744
0.97394
-0.038879
0.043091
0.026367
0.032227
0.070313
0.033447
0.05072
0.05127
-0.0080566
0.14508
0.040283
0.29346
-0.018494
0.5061
0.077332
-0.017639
0.081604
0.0026245
0.58746
0.039917
0.014343
0.067932
-0.020996
-0.044861
-0.016479
0.048584
0.3847
-0.041748
0.40381
0.0094604
0.22009
0.069763
0.0040894
-0.03894
-0.096863
0.047302
-0.045715
-0.025391
0.035645
1.0339
-0.095215
-0.045105
0.10138
-0.00177
-0.075195
0.1582
0.53766
-0.094788
0.75439
-0.014648
-0.14105
0.11096
-0.14478
0.025085
0.057129
0.8952
-0.021057
0.054321
0.054321
0.02655
-0.017334
0.025452
0.030701
-0.00024414
0.21313
-0.0056763
0.33582
0.0071411
-0.032593
-0.030518
0.19812
0.0062256
0.050537
0.082886
0.069214
0.069153
-0.013123
0.020874
-0.019653
0.37921
0.017639
0.55823
0.0057373
0.032776
-0.076233
0.011353
0.5578
0.035828
0.097351
0.073059
0.15222
-0.06842
0.057739
0.038879
-0.018555
0.16687
-0.019043
-0.085449
0.55182
0.13055
0.19745
0.065063
0.017151
0.024902
0.11938
0.01947
0.23755
-0.013428
0.091858
-0.024048
0.21997
0.061096
0.068237
0.044678
-0.0023804
-0.018066
0.05719
0.094727
0.066284
0.5799
-0.0063477
0.36108
-0.052246
-0.14722
0.01709
0.026306
0.27155
-0.0014648
0.39581
-0.021423
0.15424
0.005249
0.050415
-0.019409
0.18689
-0.062134
0.035095
-0.050781
0.035889
-0.014465
0.22699
0.0046997
0.25598
-0.01062
0.40411
-0.031311
-0.064819
0.25037
0.068115
0.0028687
0.17078
0.034241
0.01593
0.040405
0.52893
0.066467
-0.043579
0.13782
0.039551
-0.013306
0.046692
0.080383
-0.093018
0.032043
-0.031982
1.1208
0.0095825
-0.09729
-0.018982
-0.0057373
-0.032593
-0.0079346
0.00036621
0.011108
-0.040222
-0.049744
-0.10236
-0.016479
0.001709
1.1072
-0.05426
0.011536
-0.066223
-0.10309
-0.017456
-0.017456
0.11047
-0.0023804
0.69232
0.067627
0.27411
-0.028564
0.0042725
-0.037781
0.71405
-0.024353
0.15332
0.064941
-0.081604
0.039429
0.20111
-0.014038
-0.040405
-0.039246
-0.053528
0.89703
0.056824
0.18256
0.05719
-0.042297
-0.047058
-0.062378
0.016846
0.032471
-0.010559
-0.067505
-0.025452
0.036743
0.044373
0.039307
0.0065308
0.12024
-0.056824
0.79266
-0.029785
0.028198
0.032349
-0.046143
-0.046387
0.10492
-0.010071
0.46729
0.026917
0.36316
0.031982
0.035156
-0.084534
0.036926
-0.051331
0.80396
-0.045166
0.13373
0.089661
0.0036011
0.088806
-0.015625
0.11505
-0.052917
0.44116
0.052979
0.38489
0.037476
0.094849
-0.049255
0.06311
-0.033264
-0.080872
0.094177
0.035645
0.84479
-0.0092773
0.033081
0.066772
0.015259
0.18402
-0.06543
0.32111
0.12384
0.12646
-0.03125
0.45056
0.0044556
0.053589
-0.047363
-0.054993
-0.01416
0.031982
0.023438
-0.027466
0.36182
0.030945
0.23688
0.045654
0.41718
-0.052429
-0.078918
0.54224
-0.077148
0.15399
0.094299
0.26605
-0.15582
0.12469
-0.071716
0.059875
-0.019226
0.20807
-0.058716
0.26898
0.1438
0.45624
0.005188
0.062073
-0.029297
0.22119
0.064575
0.15021
0.22864
0.19397
-0.015625
0.29828
0.072876
0.051514
-0.027588
-0.041077
0.022522
-0.067017
-0.026917
-0.058167
0.77484
-0.12836
0.038147
-0.0030518
0.12195
-0.030396
0.0029907
0.31635
0.13013
0.50977
-0.058105
0.13605
0.05188
-0.067566
-0.045349
-0.051941
-0.034119
0.0015869
0.029785
0.030579
0.080872
0.051819
-0.092346
1.1001
-0.10498
0.039307
-0.013123
0.06543
0.022156
-0.035095
0.045654
-0.059326
0.036743
-0.046509
0.73572
0.75922
0.045776
0.047424
-0.037842
-0.079956
-0.024414
0.1554
-0.031799
0.031372
0.013184
-0.046387
-0.039368
-0.12488
0.0029297
-0.061829
0.083252
-0.011047
-0.059448
0.074585
1.0104
-0.14264
0.012268
-0.051086
-0.052673
0.061523
0.30243
-0.034546
0.80182
-0.054321
-0.10797
-0.017151
-0.15082
-0.01062
0.051086
0.005188
0.91986
0.15588
0.019531
-0.11041
-0.06842
-0.083374
0.038147
-0.063782
-0.048279
-0.027161
0.43018
0.070618
0.38855
0.10089
0.049133
-0.01532
0.0065918
-0.085205
-0.07489
0.057434
-0.064209
0.012146
0.61395
-0.17786
0.44788
-0.053589
0.078979
-0.065491
-0.01947
0.026733
0.039185
-0.15015
0.010986
-0.10724
0.71722
-0.070068
0.063843
0.001709
0.97595
-0.026489
-0.016357
-0.00030518
-0.027832
0.03186
-0.041138
-0.044312
0.065125
0.090942
0.025757
0.28729
-0.0049438
0.24634
-0.028503
0.19391
0.043945
0.078613
-0.0072021
-0.011108
-0.11896
0.025208
-0.035339
0.056152
0.037476
0.92194
-0.083557
-0.0036011
0.095093
0.082214
-0.044983
0.79645
-0.031921
-0.027222
0.01355
-0.04126
0.10583
0.096313
0.17181
-0.024963
0.60126
0.058777
0.0078735
0.00085449
0.040466
0.049622
-0.037354
0.00091553
-0.0056763
0.0056763
-0.084229
0.08783
0.25842
0.022705
0.055237
-0.029724
0.61261
0.1731
0.084839
-0.071289
0.66779
-0.05719
-0.084656
0.061157
-0.018799
0.074158
-0.048035
0.012085
0.92169
0.050415
0.1192
0.020508
0.024658
-0.057129
0.056519
-0.012512
0.041077
0.69623
-0.0013428
-0.17432
-0.005188
0.15894
0.10492
0.28021
-0.11719
0.082153
0.0092163
0.022034
0.040344
0.1355
0.030579
0.48712
-0.053223
0.22339
0.057312
-0.00061035
0.0015259
0.028687
-0.0054321
-0.090881
0.19354
-0.0031128
1.0923
-0.0027466
0.031067
0.027039
-0.13489
0.059143
0.024902
0.40265
-0.089478
0.067566
0.018127
0.1933
-0.095642
-0.0098877
-0.0089722
0.0072632
0.012329
0.0037231
0.0093384
0.020813
0.0025635
0.050476
0.00024414
0.35388
-0.029236
-0.0045166
0.054382
-0.036987
0.036316
0.0054932
0.11896
0.00354
0.94934
-0.0088501
-0.0057983
-0.034058
0.0064697
0.026184
-0.037415
-0.044922
0.065125
0.015991
0.1048
0.2688
0.62988
0.0033569
0.039795
-0.042419
0.0021362
-0.0037231
0.077759
0.037537
1.0804
-0.055237
-0.063232
-0.066345
0.02063
-0.042542
-0.036743
0.048523
0.11334
-0.026672
0.88171
-0.0045776
-0.007019
-0.029602
0.032104
-0.041626
-0.0048828
0.026489
-0.081116
0.043518
1.1037
0.022705
-0.063293
0.033142
0.028748
0.013611
0.023621
-0.029175
0.063477
-0.048767
0.34509
-0.11224
0.59003
0.0078735
0.081665
0.14343
-0.068726
0.72675
0.03009
0.096741
0.03009
-0.091736
0.021484
0.28101
-0.12665
0.026489
0.21655
0.013184
-0.047119
0.24426
-0.010925
0.18341
-0.049561
0.65369
0.080078
0.084534
0.061035
0.045044
-0.065613
0.18982
0.042114
0.020813
-0.014771
0.026428
-0.04834
0.17511
0.051147
0.35596
-0.02655
0.51764
-0.018921
0.053467
-0.029297
-0.069214
-0.018188
-0.079529
-0.03772
0.076965
-0.03833
-0.03009
1.1378
-0.0062866
-0.040588
0.029419
0.073608
0.44305
0.011047
0.023804
-0.18347
0.31702
0.079102
0.22174
0.041931
-0.045898
1.0113
-0.050537
0.0067749
0.054016
0.10162
-0.025635
-0.053406
-0.016174
0.064514
-0.04071
-0.0354
-0.047913
0.093628
-0.015686
0.11432
-0.10052
0.011414
0.92188
-0.049133
0.70782
-0.015442
-0.017212
0.043945
-0.039795
0.040833
0.12012
0.051331
-0.069641
0.0087891
0.048279
0.11298
-0.036804
0.76428
-0.013489
0.033813
-0.0094604
0.10248
-0.019043
0.038391
-0.030823
0.058655
-0.064209
-0.04834
0.031372
0.049866
0.027527
0.0036621
1.003
0.0046387
-0.059998
-0.084351
0.13367
0.079407
-0.086914
0.74042
0.036438
0.0073242
0.16821
0.042847
1.0581
0.076294
-0.011719
0.078979
-0.089233
-0.0078735
0.0081787
0.057373
-0.11005
0.028931
-0.055054
0.010437
0.015686
0.02832
0.075867
0.51794
-0.076111
0.30756
0.041016
0.0013428
0.024658
0.015991
0.17535
0.052063
0.34668
-0.033447
0.45056
0.0064087
-0.00042725
-0.03595
0.015503
-0.050842
-0.08374
0.02002
-0.028259
0.064941
-0.033447
-0.16064
-0.05603
0.87665
0.050598
0.80548
-0.1153
0.063171
0.047668
0.02478
0.027466
0.035095
-0.030518
0.06012
0.030212
0.87836
-0.093079
0.14044
-0.0059204
0.059448
0.00042725
-0.051208
-0.01178
-0.054016
-0.062195
-0.062805
0.81653
0.019592
0.013611
0.059021
-0.032227
-0.005188
-0.068176
0.00085449
0.36652
0.13574
0.13019
0.072449
0.095703
0.051453
0.24915
0.068604
-0.021423
0.003479
0.036499
-0.025146
-0.094727
-0.053833
0.054565
-0.09082
0.018311
0.14545
0.89838
-0.12292
0.017395
0.036011
0.016541
0.022095
0.048706
0.10266
0.014221
0.036682
0.067139
0.73199
0.0090942
0.01709
0.0056152
-0.0031738
-0.012939
0.27618
-0.049316
0.75488
0.092163
-0.042175
0.041992
-0.057007
-0.02533
-0.024048
0.045654
-0.18665
0.10706
0.47955
0.060181
0.66022
-0.010742
0.032043
-0.030579
-0.037048
-0.048706
0.61359
-0.014404
0.20935
0.018982
0.30939
0.014099
-0.013977
-0.14453
0.050415
-0.064819
-0.030701
0.057495
-0.074402
1.0547
-0.0089111
0.3382
-0.052979
-0.12842
0.060181
0.15985
0.041504
0.45685
-0.015564
0.03479
0.082703
-0.00048828
0.57043
-0.040344
0.32635
0.12091
0.081421
-0.029968
0.031738
-0.012512
0.04303
0.0030518
0.034302
0.28406
-0.006897
0.51306
-0.10657
0.2572
0.025757
-0.071411
-0.0058594
1.3591
-0.026184
-0.010742
-0.087646
-0.13989
0.10944
-0.0054932
-0.036926
-0.22821
0.066833
-0.082642
1.0499
0.048218
0.032166
-0.0024414
-0.04425
0.0030518
0.037354
-0.0049438
-0.0068359
0.034912
0.036926
-0.0038452
0.14917
-0.005188
0.075195
0.12531
0.030762
0.75964
-0.023376
0.19403
-0.11047
0.014099
0.31903
0.37646
-0.026062
0.31671
0.019104
-0.098816
0.029907
-0.026062
-0.070557
0.093384
0.94208
0.045166
-0.033325
-0.076233
0.086182
0.028809
-0.061829
0.0038452
0.045898
0.16693
0.030029
0.58679
-0.032593
0.27533
0.0010376
0.024719
0.020142
-0.047668
-0.041931
0.022705
0.062866
0.054749
0.16895
-0.03363
0.85162
-0.093079
0.03125
0.014709
0.081482
-0.015015
-0.066956
0.033569
0.065796
-0.019653
0.052673
0.0058594
0.71631
0.40393
-0.16571
0.01062
1.0882
0.041809
-0.010132
0.0084839
0.0011597
-0.1676
0.013733
-0.031067
-0.011841
0.0177
-0.062988
0.0090332
0.014465
-0.0012817
0.87939
-0.038879
0.083435
-0.090881
-0.026001
-0.17188
0.022949
0.094482
0.6192
-0.065796
0.30292
0.15979
-0.13397
-0.015747
0.017151
-0.076721
0.080322
0.03009
0.9068
-0.044739
0.18573
0.010132
-0.093811
0.48944
0.016479
-0.012512
0.30963
-0.010498
-0.037659
0.19781
-0.003479
-0.01355
0.038574
0.0072021
-0.039551
-0.041809
-0.074524
-0.059692
0.069458
-0.069641
-0.011597
0.090515
0.64063
-0.015381
0.97925
-0.046021
-0.054443
0.041321
0.074707
-0.0042725
-0.0076904
0.039734
0.017212
0.070068
-0.0019531
0.13159
0.15027
0.39954
-0.024475
0.17035
0.036072
0.019531
0.010864
-0.061096
0.9245
-0.11298
0.019409
0.037109
0.027283
-0.0030518
-0.021362
-0.059509
0.049927
0.15918
-0.0046997
-0.059448
0.04364
0.043701
0.10773
0.31079
0.017944
0.263
-0.044434
0.072144
-0.016052
0.050354
0.013123
0.01947
0.23853
0.066711
0.73108
0.0043945
-0.030273
-0.074402
-0.029785
-0.10492
0.09729
0.62128
0.061035
0.29425
0.0042114
0.52313
-0.070007
0.36469
-0.03479
0.13031
0.00036621
0.023315
0.076111
0.24005
-0.049194
0.036865
0.024597
-0.043091
-0.03656
0.032471
0.049255
-0.043518
-0.083435
-0.0078125
-0.071289
0.023071
1.018
0.047852
-0.17737
-0.008667
0.94824
-0.037109
-0.024475
0.12366
-0.04834
0.08429
0.0091553
0.12585
-0.019714
-0.014526
0.13745
0.37842
0.088562
0.20697
0.10126
0.034424
-0.14606
0.17432
0.24335
0.15887
-0.053528
0.24585
-0.069214
0.30859
0.19196
-0.076721
0.032959
-0.070923
0.91364
-0.022156
0.14557
-0.001709
-0.0097046
-0.010498
0.043335
0.011658
-0.027222
0.042358
0.01709
-0.038574
-0.037964
-0.0026245
0.071838
0.02179
0.9389
0.027649
-0.05127
0.040039
-0.015808
-0.059998
-0.042908
0.008728
0.20587
0.14783
0.039917
0.20911
-0.019592
-0.027039
0.84052
0.074829
0.05719
0.064819
0.027405
-0.096191
0.077332
0.020935
-0.033264
0.21625
0.11023
0.063538
0.26672
0.11926
-0.041016
0.15912
0.051819
0.097656
0.018127
-0.035767
-0.11975
-0.03949
0.13721
0.014404
0.96863
-0.015808
0.019958
-0.065674
-0.053345
0.078857
-0.0015259
0.0012207
0.036194
-0.039368
0.16986
-0.024414
-0.017212
0.08313
0.74109
0.80902
0.13647
0.036804
-0.010376
-0.027344
-0.012573
0.12115
0.014954
0.028564
-0.015686
0.37048
0.3053
-0.0071411
0.08844
0.11023
-0.03949
0.086487
0.15601
0.040771
-0.049011
0.055176
-0.01355
-0.0354
0.056091
-0.0043335
0.66998
-0.040894
0.10785
0.00012207
0.41339
0.011353
-0.0089111
-0.060181
0.077942
0.057617
0.3172
0.018616
-0.21039
0.41052
0.40991
0.16382
0.12061
0.029053
0.54291
0.078552
0.059692
0.027161
0.05072
0.05011
-0.064941
-0.034241
-0.040466
0.075745
0.022644
0.049866
0.012207
0.0044556
-0.0062866
0.75189
0.10242
-0.011536
-0.0495
-0.15942
-0.024658
0.0015259
-0.014099
-0.032959
0.031982
1.261
-0.045044
0.016296
0.055481
0.3476
0.096313
0.17065
0.02179
0.28851
-0.021057
0.052917
-0.030945
0.066833
0.0024414
0.026123
-0.065674
0.031189
0.057068
0.12268
0.11011
0.60559
0.02179
-0.034729
0.049866
0.040466
0.0271
0.031372
0.7962
0.056335
0.11731
0.0046997
-0.013062
-0.065063
0.063538
-0.052734
-0.043091
0.047607
0.40411
0.021118
0.77374
0.064331
0.010986
1.0802
-0.12592
-0.096924
-0.071716
-0.21936
0.040955
0.15753
-0.023621
-0.051331
0.052551
0.052979
0.053589
-0.021973
-0.00036621
-0.017273
0.33508
0.042664
0.70135
0.025269
-0.11188
0.91431
0.041199
-0.015747
-0.033203
-0.034607
0.035156
0.086975
0.022522
-0.061707
-0.024048
-0.010254
-0.0048218
0.015869
-0.032104
-0.0095215
0.071533
-0.043518
0.13959
-0.019592
0.66187
0.0057983
-0.071594
0.099731
0.016602
0.48706
-0.0039063
0.39935
0.00030518
-0.019043
-0.042725
0.049377
0.0049438
0.17059
0.026917
0.050354
0.039307
0.15607
0.026978
0.039429
0.5365
0.077759
-0.0012207
0.11823
-0.013855
0.18518
-0.0090332
0.24451
0.011475
0.095398
0.02594
0.089355
-0.048096
0.0045776
-0.081238
-0.039063
0.039063
0.020935
0.0082397
0.19879
0.8717
-0.045776
0.040466
0.26831
-0.025085
0.35645
0.038635
0.30231
0.008667
0.044434
-0.031067
0.026306
0.05896
-0.056885
-0.092224
0.04657
0.12323
-0.10181
0.14673
0.83423
0.0049438
-0.008667
0.0054321
0.0049438
0.081604
0.024658
0.86029
-0.00061035
0.10504
0.0064697
-0.091736
0.056946
-0.0028076
0.23688
0.34595
0.27393
-0.07373
0.082764
-0.030334
-0.062805
0.029541
0.42786
-0.0028076
-0.08844
-0.032288
0.14185
0.0057373
0.27509
-0.016541
0.044739
-0.0048218
-0.056091
0.94409
-0.031006
-0.041138
0.14813
0.012268
-0.0029297
0.0092773
-0.036743
-0.036133
-0.050964
-0.018555
0.34204
-0.066956
0.23877
0.066772
0.32196
0.00030518
0.14642
0.030212
-0.063843
-0.054138
0.45184
0.1001
0.33496
0.025696
0.18622
-0.0084839
-0.076965
-0.012268
0.035339
0.0090942
0.34174
0.038025
0.24249
0.097229
0.40057
-0.056946
0.040527
0.056519
-0.011658
0.038696
-0.0065918
0.0014038
0.040527
0.12921
0.045959
0.90839
0.06543
-0.060303
0.0059814
0.11609
0.089539
0.26447
0.35657
0.05127
0.17938
0.025146
0.00054932
-0.062988
0.028442
1.0222
-0.039185
-0.015686
0.012024
0.033203
-0.058167
-0.003418
0.0029907
-0.00061035
-0.043884
-0.022827
-0.039856
0.016663
0.014526
0.19751
-0.0059204
0.47827
0.11646
0.17493
-0.00018311
0.0075684
-0.0095215
0.026428
-0.041382
0.32343
-0.040222
0.677
0.013977
0.018982
-0.027893
-0.064209
-0.055176
0.020813
0.13165
0.045227
0.016418
-0.13141
0.9436
-0.088745
-0.029907
-0.1441
-0.02002
0.0040283
0.0046387
0.854
0.16608
0.12469
-0.099548
-0.033936
0.056641
0.010559
-0.022827
0.0064697
0.032715
0.43097
0.045288
0.48096
-0.015442
0.27252
0.82983
-0.038879
0.095581
0.037231
-0.084595
-0.036438
0.20416
-0.0057373
-0.034424
-0.088013
-0.11938
-0.021912
0.3302
0.043457
0.44189
0.01593
0.30341
0.0083618
-0.022156
-0.041504
-0.11481
0.080505
0.015198
-0.13104
0.73553
0.033508
0.48987
0.012573
-0.23254
-0.0053101
0.041992
0.029358
0.56897
0.059814
0.15094
-0.046753
0.2326
-0.0097656
-0.030151
-0.039551
0.038696
1.1575
-0.041931
-0.078735
-0.0177
-0.034729
0.026794
-0.077393
-0.023438
0.021545
0.17163
0.13458
0.14917
0.36322
0.13043
-0.0082397
0.085388
0.064819
0.060913
-0.015076
0.011353
-0.011658
0.14679
-0.045654
-0.02356
-0.0046997
0.098206
0.016846
0.61243
0.037781
0.23853
0.14685
-0.080383
0.40796
0.0082397
-0.0089111
0.070496
0.022949
0.11646
-0.032715
0.084961
-0.07019
-0.025879
0.32867
0.17932
0.034607
0.19391
0.018921
0.019165
-0.019043
-0.031189
0.18091
0.25256
0.13007
0.24695
0.064697
0.20044
-0.1394
-0.05304
-0.035156
0.029663
-0.060425
0.01886
-0.027649
0.0056763
-0.085266
-0.0043335
0.3739
0.013794
0.6026
-0.052002
0.067749
-0.012207
0.031921
0.041077
0.91724
-0.019531
0.23602
-0.13812
-0.087158
-0.04657
0.017151
-0.067627
0.0058594
0.084961
0.098877
0.019165
-0.011658
-0.11969
0.87292
-0.038391
1.0933
-0.039124
-0.052063
0.078735
-0.0096436
0.036743
0.00024414
0.035156
0.043091
0.90894
0.16583
-0.0084839
0.057007
-0.076721
-0.012573
0.1731
-0.0064087
-0.048706
-0.019348
0.034363
0.027283
0.18835
-0.050598
0.58148
0.020264
0.10907
-0.02533
-0.012756
-0.020508
0.10455
0.23169
-0.12744
0.46979
0.2829
-0.026672
0.19196
0.027222
-0.031067
0.065369
0.12897
0.073303
-0.0271
-0.039978
-0.0075073
0.45398
-0.082275
0.42413
0.065674
0.033508
0.30414
0.03479
0.088379
0.0016479
0.1272
0.067627
0.28546
0.052307
0.065491
-0.045776
-0.031616
0.10138
0.18768
-0.056396
0.39355
-0.01062
0.3125
0.02124
0.13696
0.0072021
0.057129
-0.090942
-0.0032959
0.74402
-0.066528
0.039551
0.02417
-0.084473
-0.0072632
0.034119
-0.023926
1.1452
0.038147
-0.066711
0.013672
0.029175
-0.057312
0.010864
0.017822
0.015259
0.035461
-0.1131
-0.10657
0.086304
-0.061951
0.0030518
-0.03064
-0.078064
0.62384
-0.087585
-0.013245
0.079346
0.18188
-0.018616
0.3606
0.042542
0.35565
0.032959
0.051819
-0.022156
0.014587
0.1203
0.02417
0.01709
0.056152
-0.019348
0.066284
0.99475
-0.085327
-0.038086
-0.0010986
0.026245
0.69006
0.020142
0.1073
-0.065186
0.19531
-0.035034
0.084839
-0.040833
0.076843
0.062134
-0.057312
-0.051392
-0.017517
0.72028
0.15479
0.084045
-0.028198
0.19684
-0.083557
0.026184
-0.0076294
0.099182
-0.010925
0.29156
-0.005127
0.17194
0.056274
0.4046
-0.060791
-0.065063
0.02948
1.1533
-0.073914
-0.00354
-0.068298
-0.011292
-0.024597
-0.059814
-0.065002
0.99487
0.022217
-0.04657
0.056458
-0.0074463
0.00085449
0.012329
0.028381
-0.0076294
-0.031311
-0.033386
-0.016846
0.050415
0.05603
0.44159
0.0018311
0.33203
0.20935
0.007019
0.075684
0.89948
-0.028564
0.0072632
0.12537
-0.012878
0.032837
0.029053
-0.07782
-0.039124
0.0029297
-0.034302
-0.0020752
-0.032227
0.048462
0.053955
-0.023621
0.01239
-0.072266
0.6629
-0.0085449
-0.0040283
0.92706
0.010193
-0.16083
0.031372
0.011353
-0.011963
-0.052063
0.029053
0.033569
-0.026306
-0.049683
0.02356
0.0031128
0.051147
0.032898
-0.19177
-0.13428
1.1497
0.079651
0.054077
0.042603
0.26758
0.44086
0.084778
0.39099
0.0067749
-0.088745
-0.049744
-0.050964
0.041992
0.51532
0.065979
0.0099487
-0.020569
0.047852
-0.062988
0.044739
0.053284
0.24268
-0.016174
0.3031
-0.068665
0.11774
0.29541
0.42584
-0.037537
-0.065796
-0.13397
0.012085
1.0608
0.048401
0.048889
-0.0054932
-0.0022583
-0.083923
-0.00085449
0.008728
0.027954
-0.021057
0.047424
-0.021851
0.0056152
0.043579
0.10486
0.038513
-0.15253
0.91681
-0.010376
0.026001
0.12787
-0.071716
0.55847
0.30493
0.033386
0.079041
-0.010193
-0.07373
0.095764
-0.0093384
-0.16034
-0.02417
0.060303
0.065979
0.085693
0.11615
0.030029
0.021606
0.34583
0.11029
0.10223
-0.1333
0.12946
-0.0065308
0.012634
0.02478
0.043518
1.0353
-0.026428
0.043335
0.058105
0.02832
0.20972
0.36908
-0.023499
0.24878
0.088196
0.1474
0.041992
0.69397
0.062317
-0.03009
-0.056396
-0.04126
0.026306
0.10699
-0.042114
-0.0032349
0.069885
-0.050049
0.014221
0.20911
0.24756
0.31909
-0.01593
0.24121
-0.018066
0.019653
0.0065308
-0.030396
-0.0072021
-0.05304
0.028381
0.0097046
0.065857
0.0095825
0.010986
0.48639
-0.0056763
0.064148
0.16052
-0.18225
0.025818
0.66156
0.043945
0.074402
0.087646
0.20123
0.06311
-0.065369
-0.050842
-0.045959
0.11578
-0.019653
0.77582
-0.0063477
0.12439
0.13745
-0.036926
-0.045776
0.95325
-0.062927
0.11005
0.037415
0.064209
-0.058777
-0.070068
-0.039734
0.018799
0.12598
-0.0083618
0.19196
-0.03949
-0.020203
0.0021973
0.15289
0.028503
0.11359
0.016479
0.072388
-0.024902
0.11169
-0.016113
0.47424
0.0057983
0.375
0.064453
0.018616
0.010254
0.11609
-0.055481
0.20972
-0.053711
0.41193
0.084717
0.32947
0.029297
0.057373
-0.056335
-0.11365
0.033325
0.46399
-0.050842
0.44757
0.048889
0.033569
0.005188
0.0095825
-0.015869
0.12073
0.14441
0.26788
-0.11859
0.057129
0.049316
0.17456
-0.014099
0.072693
0.065552
0.059082
-0.093567
-0.064026
0.014587
-0.056519
0.061707
0.11432
-0.16034
0.93927
-0.01709
-0.084473
-0.030823
-0.088196
0.0177
0.041443
0.9436
0.049316
0.22607
-0.018005
-0.15741
-0.029907
0.026245
0.01001
-0.003479
0.0448
0.26416
0.045654
0.36621
0.015747
0.38696
0.034729
0.055542
0.014343
0.034302
0.029785
0.40515
-0.015076
0.20081
0.13531
0.082336
-0.0095215
0.054199
0.026184
-0.072632
0.095642
-0.040955
0.091187
0.98584
0.041626
0.087402
0.17871
0.018616
0.31946
0.21509
0.10431
0.090515
0.17651
-0.036682
-0.072876
0.011292
-0.010681
0.0014038
0.10645
-0.11108
-0.042603
0.63898
0.041748
0.061951
0.19019
0.33008
0.0065918
-0.016357
-0.12518
-0.15863
0.054382
1.1622
-0.0093994
-0.011902
-0.12097
0.055359
-0.023804
-0.020874
-0.030884
0.05481
0.0090942
0.19202
-0.011597
0.61115
0.018005
0.12897
-0.04541
-0.031555
-0.0098877
0.060242
0.02063
-0.067871
-0.069458
-0.085815
-0.018616
1.1351
0.029968
-0.0011597
-0.043274
-0.079529
-0.0028076
0.17926
-0.021729
0.23151
-0.073669
0.73145
-0.032532
0.10046
-0.067078
-0.081238
0.23413
0.042297
0.045898
-0.071289
0.81818
-0.087585
-0.050842
-0.024109
0.85168
0.077759
0.15948
0.064209
0.23181
-0.012451
-0.10437
-0.053345
0.010193
-0.0081177
0.033936
-0.030884
0.098206
-0.065918
-0.015686
0.059448
0.89215
-0.0019531
0.04303
-0.060852
0.65436
0.098328
0.066895
-0.0043335
0.13049
0.01825
-0.045349
-0.056152
0.09314
0.48999
0.15137
0.011047
0.38727
-0.042114
0.00067139
0.091736
-0.033997
-0.044373
-0.022095
0.046448
0.025452
0.66156
0.048828
-0.028809
0.00085449
0.11493
-0.01062
0.02417
0.20166
-0.065247
0.096985
0.36682
0.12994
0.0096436
0.093506
0.030762
0.066406
-0.054993
-0.020447
-0.031372
0.24432
-0.052429
0.53253
0.087463
0.24402
-0.018616
0.050476
-0.010254
0.060364
0.022217
0.14825
-0.034546
0.015625
0.0089722
0.15125
0.077881
0.78717
0.086365
-0.07428
-0.0021362
-0.06012
-0.018372
0.03241
0.029297
0.044312
0.24957
0.10919
0.80713
0.013977
-0.073792
-0.045532
-0.01062
0.78345
0.018188
0.2771
-0.0078125
0.0053711
-0.015808
0.65289
-0.010681
-0.0448
0.17114
-0.038574
0.040405
0.12781
0.047607
-0.051208
0.048401
0.012085
0.014099
-0.023132
0.03717
0.027527
0.40552
-0.07074
0.55408
-0.037231
-0.062439
0.08905
0.2298
-0.082275
0.40533
0.20532
0.062317
0.023621
0.005127
-0.083374
0.065918
0.11963
-0.11469
0.13452
-0.018494
0.42072
0.031799
0.36792
-0.025024
0.035339
-0.024597
0.05658
0.0040283
-0.023254
-0.076782
0.070129
0.053284
0.085144
-0.037231
0.84991
-0.076172
0.01123
0.82709
0.065186
0.10449
0.086182
-0.053406
0.010986
0.045166
-0.052429
-0.057312
0.26373
0.0010376
0.39099
0.00024414
0.10345
-0.021545
0.5152
0.10461
-0.090698
-0.10144
0.042847
-0.018677
0.0271
-0.07135
0.39374
-0.010193
0.43573
0.0056763
0.096802
-0.039124
-0.046448
0.86041
-0.08374
0.10895
0.011169
0.10559
-0.021484
-0.013062
0.0077515
0.015503
0.47382
-0.066711
0.20209
0.026062
-0.024292
-0.019897
0.20123
0.0067749
0.06665
-0.048096
-0.10529
-0.036133
0.11078
-0.022339
0.023254
0.71698
0.022827
-0.1109
0.13257
0.21997
-0.099304
0.39532
0.33752
-0.1524
0.89441
-0.091431
0.18231
0.1156
-0.25983
0.00177
-0.0043945
0.058228
0.022705
0.050903
-6.1035e-05
-0.058716
0.016663
0.32996
0.087158
0.76892
0.063904
-0.00177
-0.016357
-0.036926
-0.0039063
0.079712
0.013184
0.74506
-0.11957
0.25098
0.1593
-0.00177
0.60687
-0.048523
0.049805
-0.025391
0.15015
-0.097717
0.056885
0.16382
-0.073975
0.15851
-0.036743
-0.16547
0.19049
0.15149
0.016663
-0.039185
1.0117
0.0026245
0.017944
0.03717
0.011292
0.028687
-0.01239
0.51727
-0.010986
0.5213
0.056763
0.10205
0.22992
0.19733
-0.048096
0.4939
0.0045166
-0.046326
0.081177
-0.037292
0.042419
-0.0055542
-0.0078125
-0.015869
0.016541
0.087769
0.037354
-0.035461
0.054565
1.0579
-0.1004
-0.043335
0.20715
0.0081177
0.19702
-0.054626
-0.065613
-0.026794
0.20197
0.060852
0.21375
-0.04895
0.034119
0.75842
-0.056824
0.22382
0.029297
-0.0090942
-0.0060425
0.038147
-0.064209
-0.0093384
0.042236
0.012329
0.51709
0.037842
0.29913
-0.042603
0.16125
-0.0093384
0.0062866
-0.016846
-0.053162
0.93842
-0.0067749
0.14075
-0.013428
-0.0088501
-0.02948
0.061584
-0.034119
-0.029236
0.03949
0.069519
-0.066833
0.07074
-0.026245
0.56531
0.013245
0.45294
-0.039734
-0.034729
-0.075439
-0.055603
0.068604
0.025818
0.55316
0.099426
0.10468
0.044373
0.13281
-0.11993
-0.037537
0.0090942
0.014221
0.037476
0.028015
-0.047791
0.0065308
-0.003418
0.014404
0.022278
0.00024414
-0.0014038
-0.074341
-0.0093384
-0.060181
0.088684
0.045471
0.3974
0.65894
-0.16785
-0.044922
0.093933
-0.13214
0.036743
0.031677
0.90704
-0.0097046
0.27197
0.013733
-0.06897
0.51617
-0.017456
-0.18866
-0.014221
0.25757
0.13855
0.26892
-0.1076
0.10748
0.024292
0.058044
0.0021362
0.93408
0.059326
0.073364
-0.0177
0.049377
0.018982
-0.10913
-0.0448
0.83929
0.14325
0.28082
0.034851
-0.27704
0.013916
0.17438
-0.05603
-0.11951
-0.020508
0.48425
0.0064697
-0.058533
0.11987
0.071228
0.030151
0.14819
0.016907
0.021973
-0.026672
-0.029785
1.0388
0.0012817
-0.072083
0.037842
0.036255
-0.017029
0.028442
0.036804
0.010986
0.22205
-0.025452
0.51538
0.045715
-0.069336
0.0060425
0.23267
0.028442
0.022278
0.10785
0.021912
-0.039734
0.1629
0.10443
0.28662
0.095276
0.51752
-0.0061035
0.022522
-0.049133
-0.16583
0.056519
0.10236
-0.019104
0.10138
0.73694
-0.071899
0.35046
-0.075195
-0.070313
0.62024
0.068298
0.12335
0.14581
0.0015259
0.079468
0.078186
-0.010376
-0.063171
-0.021606
0.052002
0.87848
-0.063599
0.044495
0.1261
0.0021362
0.047363
0.0027466
-0.0058594
0.077271
0.042053
0.11713
-0.16266
0.014587
-0.0092163
0.85394
0.071655
-0.02124
-0.075439
0.05542
-0.043213
-0.052307
0.022339
-0.060425
0.11499
1.1198
0.072449
0.075317
0.11218
-0.15851
0.014526
0.043579
0.19995
0.16473
0.51434
-0.035278
0.056946
0.067383
-0.09137
-0.020447
-0.093872
0.10974
0.063354
-0.12427
-0.021912
0.54565
-0.043518
0.34814
0.11981
-0.021851
0.22107
0.59698
-0.030518
0.023315
0.16595
-0.042542
0.11505
0.099365
0.045898
-0.071167
0.012756
0.0053101
0.0011597
0.025513
-0.020508
0.019043
0.022156
0.25861
0.10309
0.48413
0.036316
-0.011414
-0.12262
0.085754
-0.023315
0.1571
-0.030823
-0.11566
1.2872
0.055176
-0.0046997
0.017944
0.01123
-0.012634
-0.02948
0.23688
0.035339
0.69244
0.064209
0.13763
-0.018921
0.63922
-0.018372
0.32678
0.060974
-0.06543
0.0023193
0.037354
-0.0073242
0.018066
0.063965
-0.0224
0.6087
0.064148
0.20551
-0.069458
0.29077
-0.0060425
-0.020142
-0.033447
-0.033691
0.067078
-0.034302
-0.036682
-0.012085
0.055847
0.0023193
0.55707
0.12347
0.32623
0.63177
-0.011047
0.1236
0.14874
-0.018555
0.096741
0.10107
0.08136
-0.062317
-0.022278
-0.039673
0.10181
-0.036499
-0.11176
0.047058
0.036621
-0.082214
-0.027344
-0.081299
0.92163
0.22156
-0.044067
-0.063354
0.49408
0.21381
0.026367
0.15399
0.021606
0.071899
-0.051392
-0.013672
0.20605
0.29987
-0.029907
0.23474
-0.030579
0.08783
0
0.030212
-0.022888
-0.052246
-0.0046387
-0.018616
0.029968
0.059021
0.096741
-0.016541
-0.14264
0.048157
1.0255
0.61816
0.0090332
-0.024048
-0.017334
-0.030151
0.16589
0.16498
0.056152
0.054382
-0.057922
-0.028931
0.055847
-0.11932
-0.038635
0.74786
0.0080566
0.11224
0.0054932
0.088135
0.047852
-0.024109
0.014343
0.39337
-0.021667
0.056702
0.35388
0.22888
-0.095337
0.22797
-0.048035
0.11169
-0.046509
0.22479
0.093079
0.15173
0.31049
0.40271
-0.05249
0.10364
-0.087708
-0.1626
0.0070801
0.089783
0.067322
0.020325
0.96912
-0.037476
0.059204
0.075012
-0.02002
0.0033569
-0.086426
-0.062378
-0.027527
-0.031921
0.064331
-0.010437
0.041748
0.078308
0.85028
-0.022217
-0.0056763
-0.022583
-0.013
0.075317
-0.08197
0.020691
-0.035706
-0.16302
1.187
0.11511
0.052246
0.20422
-0.011292
0.3595
-0.016052
0.30231
0.0054321
-0.01416
0.027832
-0.010376
0.022827
0.50299
0.12714
0.070068
-0.030884
0.1535
0.02832
0.061768
-0.016785
0.06012
0.033936
-0.016174
-0.032837
-0.0081787
-0.055115
-0.010986
0.55737
-0.047668
0.46826
-0.0016479
0.52905
0.022705
0.4632
0.12152
0.005127
-0.047607
0.077393
-0.074158
-0.012268
0.22174
0.0090332
0.12964
-0.15436
-0.033508
-0.01178
0.30347
0.0071411
0.78619
-0.023865
0.0048218
1.0406
-0.0401
-0.070923
0.039612
0.019409
0.025085
-0.0032959
0.041687
0.013306
0.018433
0.008606
0.082092
0.038269
0.66699
0.050781
0.15234
0.043701
-0.028931
-0.021301
-0.085022
0.055786
0.46393
0.059448
0.33405
-0.057007
0.20099
-0.02356
-0.024719
-0.0448
0.25372
0.017334
0.18848
0.61072
0.054199
-0.043579
0.15009
-0.015442
0.051758
0.027466
-0.018372
0.0057373
-0.10699
-0.021973
-0.00097656
0.20868
0.0095825
0.84943
0.10986
0.015503
-0.12982
-0.066833
0.10712
0.069824
-0.0033569
0.29144
0.17981
0.15594
0.56042
-0.012329
-0.030273
0.0083618
0.054626
0.02832
0.71851
0.065002
0.26978
-0.084473
0.013184
0.0177
0.72266
0.00067139
-0.17682
0.023682
0.14996
0.031372
0.2373
-0.018372
0.050232
0.063538
-0.0087891
0.074158
0.26312
0.054626
0.71222
-0.0023804
-0.051453
-0.0044556
-0.2843
0.044495
-0.070618
-0.0081787
0.13007
-0.012268
-0.083374
0.46625
0.063782
0.10791
0.3429
0.14337
-0.076294
0.35284
0.10742
-0.15729
0.58398
0.093811
-0.02533
0.03125
-0.061157
0.057251
0.10614
0.019531
0.33838
-0.017822
0.19257
0.079651
0.32703
-0.048279
-0.060303
0.02356
-0.030945
0.067322
-0.054138
-0.05658
0.1778
0.17975
-0.079712
-0.039001
0.029236
0.86041
-0.014832
0.20673
-0.057434
0.59625
0.10156
0.020752
0.081238
0.047852
0.0095825
0.0053711
-0.0062866
-0.0033569
-0.02594
-0.082397
0.06604
1.3258
-0.00061035
-0.12567
-0.018433
-0.10938
0.1369
0.018066
-0.049377
-0.12207
0.045898
0.054077
0.10535
0.026489
0.56604
-0.10706
0.92096
0.020081
0.023071
0.047607
-0.0025024
0.039063
0.1214
-0.058105
-0.02063
0.02771
-0.0077515
0.75488
0.052917
0.065857
0.0042114
0.034119
-0.019714
0.074524
-0.0037231
0.0039673
0.006897
0.017273
-0.0043945
0.010254
-0.06366
-0.06427
-0.062256
-0.032654
-0.043884
0.92316
-0.046936
-0.083801
0.17822
0.0054932
0.48047
-0.0043335
0.40924
0.0031128
0.0060425
-0.025452
0.068787
0.058533
-0.00042725
-0.039429
0.022095
0.11121
0.053528
0.77887
0.03656
0.0018311
0.02594
-0.019714
-0.073364
1.0412
-0.088074
0.030457
-0.042603
-0.040222
0.055786
-0.029602
-0.0081787
0.048279
-0.034363
0.030945
0.039734
-0.1568
0.028687
0.97992
0.017029
-0.0056152
-0.042419
0.059631
0.027283
0.21149
0.50201
0.011414
0.19116
0.005249
-0.021606
-0.051208
-0.077454
0.069763
0.36487
0.012878
0.40717
0.06427
0.22931
-0.065674
-0.0079346
0.0021362
0.071411
-0.076172
-0.10522
0.014221
0.29291
-0.0079956
0.21692
-0.052795
0.19159
0.093933
0.75464
0.091431
-0.23029
-0.10437
0.22937
0.097595
0.27899
-0.11353
0.04303
0.00177
-0.052734
0.059631
0.45715
0.028503
0.27057
0.029724
0.35822
0.029602
0.00073242
-0.08197
0.10632
0.62604
-0.017517
-0.0039673
0.18823
-0.050842
0.037598
-0.0672
-0.0672
0.051086
0.10352
0.014465
-0.11224
0.48529
0.18256
0.054993
0.15674
0.030884
-0.062256
-0.0067139
-0.017334
0.053162
0.040527
0.46136
0.12689
0.049988
0.21533
0.084595
-0.0495
0.039124
0.54224
0.072021
0.041931
-0.20929
-0.20276
-0.15826
0.17218
-0.15155
0.12524
-0.068848
0.084106
0.046509
0.001709
-0.047363
-0.05011
0.16589
0.059387
0.59802
0.008728
0.19122
0.93811
-0.044312
0.07196
-0.012939
-0.10217
-0.023987
0.083618
-0.087585
-0.06366
0.071533
0.0059814
-0.07428
0.03418
0.071594
-0.045288
0.80109
0.062317
0.10376
0.12805
-0.076843
0.059875
-0.027466
-0.0018921
0.013245
-0.10297
0.075439
0.037842
-0.12683
0.053406
1.0235
0.00097656
0.0073242
0.026245
0.033325
0.046448
0.05719
0.13074
-0.089783
0.64825
0.0078735
0.060669
-0.030823
0.042908
0.046936
-0.070251
0.21368
-0.056885
0.013733
0.13184
0.23944
0.032532
-0.0029297
0.23987
0.44141
0.20038
0.030396
0.13342
-0.044922
0.055664
-0.058838
0.076965
0.09436
0.040039
0.0059814
0.016296
0.12225
0.016724
0.82214
-0.042603
-0.062378
0.014893
0.036377
-0.08844
-0.048035
0.029053
0.059143
-0.020142
0.019531
-0.076477
0.73218
-0.00061035
-0.039124
0.015625
0.07605
-0.14691
0.046082
-0.10468
-0.054077
0.021606
0.88928
0.0064697
0.042419
0.21039
-0.027832
0.25439
-0.013
0.30939
-0.008606
0.18732
0.0033569
-0.025879
0.0095825
-0.045288
-0.072998
0.16608
0.035217
0.13
0.1095
0.79156
0.014648
0.047607
-0.058716
0.14075
0.12213
0.032532
0.031433
0.11859
0.12823
0.47247
-0.011841
0.84619
0.0083618
0.030823
0.085571
-0.08728
0.057617
0.067322
-0.012207
-0.036804
-0.030396
-0.020996
1.0134
-0.065186
-0.10773
0.039917
0.076294
-0.035828
-0.018555
-0.056091
-0.011047
0.008728
0.049316
0.26703
-0.075195
0.48303
-0.0019531
0.30017
-0.032654
-0.054565
0.039795
-0.018433
0.030762
0.24121
-0.05426
0.55383
0.054016
0.20593
0.00073242
0.036072
0.012512
1.3622
-0.012695
0.16437
0.079102
-0.28619
-0.010559
0.063599
-0.075073
-0.038513
-0.0020752
-0.065125
0.027222
0.42169
-0.07373
0.043457
0.27124
0.086731
-0.12848
0.16339
0.020569
-0.035095
0.060486
0.038025
0.071289
-0.029297
0.13214
0.046875
0.036011
0.8645
-0.02594
0.065796
0.74701
-0.065247
0.2868
0.056824
-0.025696
0.0043335
0.072876
-0.10901
0.078491
0.046143
-0.0098267
0.40149
0.22894
0.16687
0.29871
0.18018
-0.1297
-0.14771
-0.049988
0.073059
0.73145
-0.086426
0.10419
0.033691
-0.0059814
-0.058533
-0.032349
0.032349
0.0048828
0.47717
-0.046082
0.0092773
0.22095
0.053833
0.03363
0.22052
-0.034363
0.073914
0.033447
0.042542
0.11353
-0.12244
0.58472
0.26923
0.088928
0.1073
-0.03418
0.070374
-0.020691
-0.044983
0.070923
0.54095
0.00061035
0.12488
-0.10498
0.2713
0.10022
0.0012207
-0.049561
0.055725
0.064148
0.017761
0.047974
0.042725
0.029053
0.086426
1.0267
-0.062561
-0.085693
0.058533
-0.049255
-0.031677
0.011719
0.049011
-0.019897
0.11151
-0.090637
1.0919
-0.05658
-0.013977
-0.015198
-0.00079346
-0.010193
0.023499
-0.19061
0.037903
1.0027
-0.072632
0.036194
0.96698
0.052002
-0.062744
-0.074524
-0.049683
0.052612
0.028625
0.00097656
-0.034119
0.0061035
0.020386
0.010681
-0.052063
0.081055
0.82526
0.044373
0.13757
0.10437
-0.078979
0.024536
-0.053345
0.022766
-0.026489
0.89734
-0.036438
0.054016
-0.020142
0.063904
0.062073
-0.065979
0.0077515
-0.077148
0.072266
-0.029297
0.74658
0.064819
0.29041
-0.054077
0.067322
0.025208
-0.05072
0.10583
0.17371
0.014893
0.8197
0.055298
0.01709
-0.070862
0.06311
0.049438
-0.040466
0.0064697
0.12122
0.082458
-0.013062
0.52533
-0.0062866
0.23987
0.14459
-0.088318
-0.061707
-0.0084229
-0.014221
0.044067
0.028625
0.039001
-0.024414
0.93396
-0.0076904
0.021301
-0.031189
0.06012
-0.018372
0.015442
-0.051514
0.039978
0.04303
0.30249
-0.015076
0.56378
-0.036011
0.06427
0.21429
0.046875
0.37067
0.016663
0.41022
0.014771
0.055298
-0.0177
-0.038452
-0.042664
-0.051025
-0.029358
-0.0010986
0.98352
0.012268
0.22211
0.095398
-0.11621
0.13098
0.029968
0.479
-0.039673
0.063538
0.019531
0.16144
0.034546
0.10437
0.061218
-0.006958
-0.033081
0.031189
-0.043091
0.61798
0.050354
0.39288
-0.023926
0.067566
0.0047607
-0.0012207
0.064636
0.044922
-0.097595
-0.015137
0.59039
0.086426
0.0068359
0.17426
0.22339
0.57306
0.099487
-0.10272
0.16925
0.040405
0.0013428
0.093689
0.041382
-0.05835
-0.01416
-0.085083
0.82513
-0.091858
0.21777
0.023621
0.062134
-0.0058594
-0.039734
-0.025635
-0.0062256
-0.01239
-0.011047
-0.029236
-0.032959
-0.011597
-0.035828
0.013611
0.97748
-0.11609
0.040833
0.4024
0.080322
0.28668
-0.033081
0.077148
-0.10187
0.24023
-0.050781
0.10339
0.0092163
-0.0025635
0.040955
-0.044312
0.038818
-0.027893
-0.24677
0.03418
0.55579
-0.0050049
0.37903
0.03418
-0.028259
0.22992
-0.03186
0.20978
0.17688
0.47412
-0.014404
0.035522
-0.034851
0.6629
-0.017212
-0.059937
0.092102
-0.015625
0.081055
0.16016
-0.0354
0.016541
0.024963
0.90778
-0.11847
0.0029297
-0.034851
-0.099792
-0.020264
0.12921
-0.051941
-0.14868
0.008606
0.012756
-0.079285
0.20044
0.50049
0.19525
0.061646
0.24695
-0.028564
-0.079041
-0.050354
-0.077759
-0.046143
0.0049438
0.034729
-0.055603
0.82825
-0.069092
0.10016
-0.10358
-0.044128
0.15576
0.73712
0.012085
0.073669
0.12958
-0.013306
0.039917
0.036072
0.016113
-0.030518
-0.082642
1.0416
-0.04657
-0.03241
0.010681
0.079651
0.011047
-0.016602
0.0072021
-0.016052
0.0071411
0.02832
0.29309
-0.065735
0.42902
0.031921
0.16589
0.055054
-0.033325
-0.10651
-0.023865
0.022766
-0.0495
0.43481
0.42554
-0.031982
0.19208
-0.0078735
0.005249
-0.012207
0.015503
-0
0.11249
0.17841
0.31421
0.027649
0.43939
-0.0029297
0.025269
-0.0056763
0.019592
0.014221
-0.06665
-0.062256
0.01355
0.12537
0.057007
-0.087402
0.031677
0.94727
0.10675
-0.080994
-0.052185
0.10022
-0.060486
0.054688
0.11407
0.068787
0.71667
-0.029724
