0.082642
0.045471
-0.060913
0.23907
0.34833
0.023926
0.22406
0.0027466
0.074585
-0.022217
0.36285
-0.014709
0.097168
0.16345
0.12024
0.052917
0.20044
0.011353
0.02948
-0.0089111
-0.0087891
-0.022888
-0.064148
0.084106
0.044861
0.11334
-0.0010376
-0.21552
0.90454
0.012878
-0.039917
0.039429
0.054688
0.076599
0.20123
0.021057
0.15106
0.018188
0.7381
0.15601
-0.044128
0.13251
0.12225
-0.02948
0.66418
-0.067627
0.12573
-0.035583
0.060303
0.041504
-0.084473
0.020569
0.25543
-0.05304
0.38959
0.023865
0.38342
-0.05603
0.12494
-0.074646
0.48041
-0.050293
-0.14343
0.16852
0.078491
0.043213
0.30927
-0.084717
0.14563
0.026428
-0.020813
1.1239
-0.074341
-0.12433
0.048462
0.078979
0.047607
-0.015991
-0.0037231
0.0018921
-0.036011
0.029358
0.11377
0.033142
0.59973
-0.038818
0.21515
0.021851
-0.037231
0.019409
0.17432
0.19855
-0.090515
0.22913
0.30768
0.05658
0.060364
-0.007019
-0.00177
-0.007019
0.16577
-0.035034
0.50958
0.044067
0.039795
0.024841
0.2381
0.010498
-0.05835
0.031189
0.055481
0.9903
-0.055847
-0.0016479
0.044006
0.027344
-0.023193
-0.052673
-0.075684
-0.0023193
-0.012268
0.058044
-0.011047
-0.016235
-0.018127
0.85986
0.041443
0.035034
-0.014465
0.13409
0.0039063
-0.005127
0.082336
0.072083
0.46753
0.033081
0.17316
-0.021484
0.092468
-0.0085449
0.059631
-0.029602
0.20038
0.032104
0.28717
-0.021362
0.37372
-0.019104
-0.013977
0.025818
0.16406
-0.083679
0.117
0.24884
0.13934
-0.061768
0.11243
0.021973
0.041016
0.013367
0.23987
0.2486
-0.051697
0.36017
0.23718
0.094604
0.0074463
0.039551
-0.043091
-0.017761
0.11407
0.10486
0.048523
0.67377
0.077209
0.011536
0.02179
0.018921
0.020752
-0.032227
0.12048
-0.024841
0.086853
0.011963
0.54993
-0.032593
0.12689
0.028687
0.052856
-0.024475
0.016357
-0.025208
0.19513
-0.018433
-0.00067139
0.56964
0.035339
0.094788
0.0090942
0.28546
0.043579
0.016052
0.3595
0.0021973
0.28156
-0.056396
0.28674
0.0040283
0.093811
-0.030396
0.048523
-0.19904
-0.094421
0.57916
-0.086914
0.084167
0.087463
0.21796
0.50787
0.036377
-0.026978
0.095276
0.017395
-0.099731
0.052795
0.52155
-0.0093384
0.44531
-0.11456
0.056274
0.054199
-0.066772
0.066101
0.0849
0.46472
0.019653
0.36414
-0.026489
0.033691
0.0027466
0.2038
0.096375
-0.040588
0.25604
0.18964
-0.032898
0.12891
-0.0059204
-0.024292
0.060608
0.048401
0.20715
-0.046143
0.85931
0.054871
-0.003418
-0.12402
-0.032593
-0.070435
-0.038269
-0.028748
1.1192
-0.027893
-0.094238
0.0057373
0.018555
0.017151
-0.045898
0.021423
0.045654
-0.022583
0.0224
-0.19006
0.0060425
0.1936
0.0022583
0.028259
-0.054993
1.2642
-0.016052
0.18561
-0.060974
-0.070374
0.014038
0.53766
0.057861
0.30902
0.0177
0.10254
-0.10107
-0.01239
-0.013916
-0.019165
-0.10913
0.031982
-0.0054932
0.018982
0.037659
0.67432
0.056641
-0.041016
-0.026306
-0.026489
-0.028809
0.076416
0.015015
0.041138
-0.11499
-0.033447
1.0133
0.018494
0.019043
0.035339
0.0099487
0.055908
-0.06781
-0.0061646
0.44891
-0.012451
0.58661
-0.037109
0.037231
0.025757
-0.067688
-0.07251
0.99182
0.033997
0.068481
0.03241
-0.01355
0.035889
-0.075195
0.011475
-0.003418
-0.025269
1.1099
0.08551
0.042786
0.068237
-0.10089
-0.018616
0.052917
-0.084229
-0.015198
-0.0021362
0.20367
-0.1803
-0.1308
1.125
0.079163
0.0053711
0.10956
0.63647
-0.028503
0.14587
0.021851
0.12769
-0.044556
0.014282
0.017273
-0.04718
-0.05896
0.034973
-0.035828
-0.11469
0.53021
-0.078247
0.037903
0.24335
0.24103
0.05835
0.16254
-0.068604
0.14966
0.4129
0.023376
0.26483
0.033142
0.014648
0.029968
-0.0056152
-0.038452
0.12189
-0.031799
0.74304
0.069214
0.22681
0.0059814
0.013611
-0.015381
0.085205
0.036499
0.073792
0.1236
0.37421
-0.05365
0.20886
0.082397
0.104
-0.0077515
-0.10095
0.014343
-0.053589
0.074158
-0.0084229
1.3093
-0.30884
0.1203
-0.033264
-0.042969
-0.063416
-0.0093994
0.35468
0.015747
0.435
-0.00073242
0.27448
-0.034607
-0.056763
-0.028809
-0.024414
-0.003479
-0.044067
0.010132
0.017822
0.17816
-0.025208
0.19568
-0.12799
0.70868
0.12646
-0.043457
0.48126
-0.005249
0.35394
-0.0013428
0.19928
-0.013367
-0.023682
-0.0042114
0.045044
0.052734
-0.043823
-0.00061035
0.050842
0.34387
0.00177
0.75751
-0.031738
0.081665
0.054321
0.84296
-0.011841
0.018738
0.06897
0.0098877
-0.037292
0.018616
0.015442
-0.0076294
0.68896
-0.051819
0.051147
0.040283
0.10883
0.044006
0.31903
-0.041016
0.0080566
0.016418
0.1709
0.071533
0.29846
0.045593
0.20648
0.052185
0.1853
0.064148
-0.0011597
-0.028015
-0.027893
0.10883
-0.023254
0.24658
0.59595
0.033569
0.08606
0.029114
-0.02533
-0.031555
0.5285
-0.086731
-0.11292
0.23553
0.075623
-0.01001
0.33405
-0.042969
0.0022583
0.031067
-0.052063
-0.071655
-0.017517
0.020874
0.010681
0.020996
-0.043701
0.26135
0.044495
0.76758
0.019226
0.022949
0.064331
-0.026428
0.090027
0.029907
0.12048
0.076843
0.57678
-0.06897
0.29498
0.15308
-0.044556
0.47906
0.046814
-0.05011
0.083008
0.035034
-0.021301
-0.0032959
0.048157
0.10364
0.26495
0.013916
0.315
0.044495
0.34546
0.04425
-0.064026
0.03479
-0.03949
0.00054932
-0.028137
0.053528
-0.031372
0.14502
-0.00018311
0.0578
0.10437
0.62317
-0.014282
1.0272
0.034607
0.005188
-0.040833
0.023376
-0.036682
0.0014648
0.0025024
-0.018982
-0.010254
-0.041809
-0.023804
0.056641
0.033142
0.040649
0.0091553
-0.094238
-0.0046387
1.0606
0.042542
0.036438
0.038696
-0.0061646
0.68445
0.01239
0.0047607
0.038269
0.036621
0.0076904
-0.0093994
0.06311
0.052795
0.041443
-0.02533
0.69409
-0.05426
0.31415
-0.022949
-0.13824
0.13855
-0.017822
-0.037781
0.70111
0.17664
0.088684
0.014832
-0.030701
-0.049072
-0.048218
-0.011902
0.0063477
-0.023193
-0.0014038
0.049805
1.136
-0.028503
-0.07782
-0.028625
-0.12866
-0.045898
0.095764
0.10803
0.0075684
0.55322
-0.028076
0.25244
-0.032471
0.073975
-0.02124
-0.14172
0.10217
-0.038086
0.84613
0.076355
0.015076
0.040894
0.0046997
0.016052
0.013245
0.026001
0.10071
0.18463
-0.026184
0.71326
-0.01416
-0.11761
0.020142
-0.013062
0.064758
0.18188
0.047791
0.45184
-0.0028687
0.12726
-0.085999
0.23993
0.03717
0.067688
0.067505
-0.068481
0.85669
-0.063354
0.11798
0.033508
0.14862
-0.013733
-0.031616
0.040466
-0.030457
0.71912
-0.0080566
-0.077332
-0.062805
-0.07959
0.043579
0.18768
-0.038635
0.0055542
-0.035217
-0.02301
-0.0081177
0.39288
0.041565
0.32147
-0.07251
0.24103
0.0098267
0.030823
-0.015991
-0.1192
0.070618
0.45996
-0.16229
0.43689
0.0088501
0.4483
-0.027832
-0.080627
-0.047729
0.24756
0.52759
0.048706
0.37231
0.027771
0.24384
0.072449
-0.038879
-0.27283
0.0031738
-0.014343
-0.014954
-0.024963
0.084778
0.028748
-0.13269
0.028625
1.2846
0.0073853
-0.064514
0.042175
0.019714
0.020203
-0.026306
-0.018738
-0.010864
0.048157
-0.011658
0.56104
0.061218
-0.015198
0.12939
-0.035095
0.3064
0.46716
-0.013977
0.054688
0.014404
0.044128
-0.053223
-0.0076904
0.060974
-0.031189
-0.066467
0.033752
0.6441
0.048767
0.30157
0.036255
0.089294
0.036682
-0.017151
0.081116
-0.1131
-0.045837
0.46448
0.11499
0.050354
0.15912
0.29041
0.093079
0.012756
-0.059265
0.020081
-0.013855
0.15417
-0.00048828
0.084778
0.029053
0.67712
0.66644
0.04425
0.016479
0.021057
-0.021179
0.03186
0.17371
0.0053711
0.063782
-0.01178
-0.11176
0.015564
0.014221
0.099487
0.47009
0.066284
0.25836
-0.056335
0.19501
-0.021301
0.014099
0.2207
0.01825
0.69153
0.042297
0.040222
-0.0026855
0.054993
0.019287
-0.026367
0.018433
-0.06366
0.14362
-0.013
0.70343
0.095581
0.22607
-0.03009
-0.0040283
-0.00036621
-0.022766
-0.14325
-0.09137
0.071533
0.025452
0.82935
0.092346
0.10748
-0.074219
-0.026123
-0.14258
-0.027222
0.083252
-0.032471
0.079346
0.55811
-0.11975
0.24408
-0.022949
0.059814
-0.078613
-0.019775
-0.059082
0.043396
-0.029663
0.42847
-0.061157
0.36102
0.064331
0.29395
0.015869
0.014099
-0.023987
-0.022034
0.030212
-0.11377
0.081909
1.1766
-0.068054
-0.0048218
0.089172
0.040894
0.19653
0.040161
0.070923
0.2337
0.29272
-0.041992
0.053711
0.036621
-0.030151
0.91333
0.038818
-0.032043
0.085205
0.0033569
-0.034241
0.092041
0.012695
0.04895
0.17609
0.21692
-0.0025635
0.33221
0.12408
-0.081543
0.086792
0.093079
0.05365
0.0014038
0.092896
0.30414
-0.02948
0.80621
-0.038208
0.006958
-0.10004
-0.078918
-0.034485
-0.044617
-0.0087891
-0.0014038
-0.029968
-0.0045776
0.0057983
-0.18994
0.047607
1.2228
0.016541
-0.067261
0.68756
0.013062
0.13202
0.079285
0.030518
0.001709
0.26611
0.031616
-0.001709
0.015259
-0.0896
0.037109
-0.11206
0.072693
0.027283
1.0922
-0.088928
0.097046
0.05542
-0.12128
-0.06665
-0.016235
-0.029175
-0.061218
0.022888
0.1853
-0.014832
0.80719
-0.015686
-0.048828
0.5484
-0.077087
-0.14911
-0.074585
0.17957
0.03186
0.30951
-0.086182
0.04718
0.078918
0.071716
0.0354
-0.060181
-0.019653
-0.088135
0.026917
-0.02179
-0.07074
1.2698
-0.012146
0.086914
0.068298
-0.060669
0.86853
-0.067688
-0.027954
-0.0065308
-0.1109
-0.016418
-0.048767
-0.11993
0.0059814
0.011108
-0.00177
-0.056152
0.82587
-0.070374
0.21082
0.037781
0.091797
0.032471
-0.084045
-0.05365
0.031738
-0.019287
1.061
-0.18262
-0.17688
-0.20099
0.20978
0.012878
-0.022705
-0.18274
-0.070618
0.091064
0.029358
-0.0046387
-0.028015
1.0858
0.014282
-0.00067139
1.05
-0.059326
-0.13593
0.010803
-0.014771
0.0067139
0.01593
-0.041931
-0.048828
0.020142
0.0012817
-0.064026
-0.025146
0.044434
0.067871
0.0065308
0.0099487
-0.050659
0.87897
-0.042419
-0.012268
0.21088
-0.035767
0.63715
0.06012
0.19562
0.041626
0.03418
0.043091
0.30804
0.10425
0.10022
0.12567
-0.019958
0.1676
0.11707
0.12067
0.030457
-0.077026
0.00048828
0.00024414
0.11084
-0.01123
0.69641
-0.012268
0.17419
0.0074463
0.1192
-0.019287
0.090088
-0.030762
0.22559
0.037659
0.052307
0.03363
0.20062
-0.054626
0.13324
0.079834
-0.088684
1.0138
0.0061646
-0.0091553
0.1181
-0.021912
0.037048
-0.047424
-0.0096436
0.098389
-0.031616
-0.036926
0.10431
0.085571
0.28247
0.10339
0.40631
-0.014526
0.0067139
-0.017395
0.43604
0.042725
0.035034
0.10126
0.017639
0.076782
0.20026
0.071655
0.097717
-0.048584
0.19489
0.75952
0.056458
0.10376
0.082947
-0.059082
-0.041565
0.013855
0.027588
0.0028076
-0.03772
-0.0071411
0.62628
0.049683
0.11188
0.0019531
0.26801
-0.015198
-0.03894
0.03064
0.035645
0.12445
-0.0075073
-0.061829
-0.015259
0.26501
-0.027039
-0.035522
-0.11322
0.60492
0.39764
-0.076416
-0.073181
0.46869
-0.051575
-0.033569
0.077454
-0.05835
0.1499
-0.046143
-0.094604
0.092773
-0.27032
0.038696
0.37219
0.099243
0.02948
-0.066406
0.49518
-0.033142
0.054199
1.0269
-0.0041504
-0.019226
0.028076
0.042114
-0.069458
-0.047363
0.01062
0.051392
-0.022156
0.92261
-0.042419
0.0059814
0.0085449
0.037048
-0.011169
0.016785
0.02594
-0.0012207
-0.054138
-0.019653
-0.050964
-0.049133
0.084167
0.29077
-0.003418
0.73993
-0.092041
-0.10931
0.061768
0.055786
0.13184
-0.06842
0.03949
0.61267
0.079285
-0.14685
0.56635
-0.093384
-0.010803
0.014771
0.4693
-0.10205
0.33276
-0.048523
0.34631
0.084595
0.10101
-0.13647
0.028809
-0.041382
0.16785
-0.087402
0.029663
0.92627
0.12604
-0.0088501
0.088013
0.039368
-0.038025
-0.046265
0.030212
-0.011169
0.035889
0.28467
0.049072
0.11365
0.10071
0.5575
0.92627
0.031067
-0.0031128
0.035278
-0.026672
0.0038452
0.050964
0.022583
-0.025757
0.02887
0.072144
0.02356
-0.017822
0.068481
0.045654
-0.0098877
-0.0043335
-0.044983
0.84882
-0.019226
0.21338
0.10419
-0.053711
0.53137
0.11029
0.043518
0.0040283
0.052917
0.07019
-0.063782
-0.034607
0.013123
0.081055
-0.0031738
0.72021
0.044006
0.20691
0.027161
-0.0079956
-0.041443
-0.021973
0.095581
0.12891
-0.022827
0.86395
0.046082
-0.026001
-0.017151
-0.017517
0.095337
0.062317
0.038757
0.24554
0.11493
0.36133
-0.032593
0.092468
-0.003479
-0.0010376
0.025269
0.01416
0.080017
-0.048096
-0.022827
-0.0067749
0.31842
0.029968
0.72595
-0.0065918
-0.075562
1.0778
0.016357
-0.043518
-0.025696
-0.078369
0.074524
0.040466
-0.023254
-0.17072
0.095703
-0.035461
0.061279
0.023438
0.052185
-0.046509
0.062317
0.0040283
0.49994
0.16559
0.25403
0.19043
0.082581
-0.067078
0.40198
0.00042725
-0.061523
0.074768
0.10126
0.22217
-0.055115
0.073669
0.12775
-0.075256
0.44281
0.060852
0.022644
0.096802
0.082458
0.070496
0.015503
0.011047
0.019592
0.68176
0.00067139
0.16064
-0.0045776
0.028748
0.020081
-0.073181
0.026428
0.078125
0.34363
0.11475
0.33948
0.20294
-0.069458
-0.065308
0.068176
0.070923
-0.059326
0.010803
-0.0085449
0.018555
-0.057312
-0.0023804
-0.074524
-0.0098267
1.061
0.10608
-0.11871
-0.051819
0.90723
-0.069824
0.10938
0.018555
0.10193
-0.03363
0.0064697
0.030945
0.020874
0.055481
0.039978
0.16833
0.0054932
0.21484
0.0079956
0.29688
-0.0053711
0.083069
0.087402
-0.0038452
-0.06311
0.77228
-0.03064
0.18182
0.0048218
0.11908
-0.027161
-0.033264
0.051453
-0.072449
0.11957
-0.0029297
0.95142
-0.051819
0.022522
-0.036621
0.080627
-0.032959
0.017883
0.18585
0.23169
-0.039307
0.19061
0.22192
0.070801
0.20532
0.048096
0.059753
0.020813
0.58783
0.079651
0.062317
0.10242
0.012451
-0.041565
0.18939
0.077515
0.058594
0.0056152
0.71039
-0.056274
-0.029968
-0.026917
-0.0067749
0.015991
0.24976
0.0046387
0.033203
0.062927
0.058655
-0.0081787
0.185
-0.021545
0.034607
-0.017822
0.25378
0.011292
0.29504
0.018616
0.091064
0.038025
-0.067688
0.026672
0.66376
0.052307
0.19818
-0.0041504
-0.014771
0.0095825
0.041748
-0.032776
-0.07019
-0.1485
-0.0091553
-0.0023193
0.030273
-0.038269
1.2814
0.0030518
0.0045166
0.016663
0.023926
0.018921
0.017578
0.19012
0.060425
0.90344
0.18799
-0.1297
0.86487
0.00012207
0.11121
0.10779
-0.027344
0.013611
0.16364
0.013489
-0.10181
0.011841
0.25085
0.0042114
-0.11121
0.41534
-0.07843
0.089966
0.13483
0.15521
0.01709
-0.050842
0.23169
-0.069092
0.14294
0.20172
0.074524
0.050842
0.30505
-0.0067139
0.055115
-0.053467
-0.011963
-0.0095825
0.0098877
0.35999
0.42969
0.056396
0.25592
0.024414
-0.080872
-0.0026855
-0.005127
0.036743
-0.081787
-0.064575
0.0084229
0.040466
-0.012634
0.69678
-0.07959
0.2901
-0.015991
0.089844
-0.084106
0.82574
0.09491
-0.051025
-0.008667
0.088257
-0.035034
0.073975
0.075195
0.19415
-0.018982
0.14697
0.13464
0.31134
0.09491
0.064697
0.043823
-0.049316
0.024841
-0.08429
0.28357
0.11255
0.26349
-0.040222
0.42505
-0.018311
0.05658
-0.00354
0.65076
-0.0013428
0.027039
-0.12445
-0.078979
0.019958
0.17328
0.029053
0.06366
-0.073853
0.040833
-0.017578
0.52148
-0.042236
0.23383
0.0014038
0.28033
-0.0063477
0.0084229
0.026428
-0.0083618
0.014465
0.12018
-0.046631
0.6333
0.044983
0.2749
0.0020752
0.069763
0.019348
-0.089661
0.037415
0.263
-0.043579
0.46295
0.028442
0.33203
0.047119
0.059937
-0.016663
-0.05658
1.0464
-0.016357
-0.10547
-0.010376
0.025635
0.022522
0.021423
0.0057983
-0.029358
-0.039917
-0.0070801
-0.085266
0.025574
0.030945
0.019287
-0.057556
0.12054
0.75507
0.089478
0.089966
0.36591
0.13025
0.026428
0.22241
-0.066956
0.012207
0.030701
-0.0074463
-0.022034
0.039185
-0.091187
-0.039612
-0.017944
0.058411
0.10236
0.019775
-0.11804
-0.071594
0.89813
-0.027832
0.43304
0.018127
0.55035
0.1062
0.0024414
-0.026855
0.067627
-0.069397
0.0039063
-0.049194
0.086426
0.60779
0.15979
0.19287
-0.0020752
0.09082
0.0010376
0.0071411
-0.0026245
0.024841
0.027405
0.43768
-0.04187
0.080627
0.030579
0.24622
-0.019104
0.10474
0.027893
0.056763
-0.031372
0.070068
-0.051025
0.71362
0.034607
0.31763
-0.048584
-0.076904
0.044556
-0.041626
0.045227
0.42572
0.02124
0.14447
0.014832
0.12103
-0.027527
0.13
0.067139
0.078186
-0.019653
0.18115
0.35248
-0.1051
0.1405
-0.027283
0.086487
0.052307
0.20172
0.068054
0.063904
-0.11084
0.70966
0.088684
0.062073
0.076538
-0.033264
0.050537
0.082336
0.039001
0.0088501
-0.17114
1.0016
0.025818
-0.0015259
0.11273
-0.026917
0.023132
0.026062
0.02356
-0.017883
-0.035095
0.11334
-0.030579
0.82697
0.027954
0.20007
0.055786
-0.080566
0.068237
0.062439
-0.069214
0.83173
0.054626
0.012207
0.038086
-0.10449
-0.046692
0.0065918
-0.025391
0.046997
0.13855
-0.11035
-0.036255
0.58154
-0.0076294
-0.093689
0.17639
0.16077
0.086487
-0.010376
-0.029175
-0.021179
-0.036987
0.046204
0.02002
0.045471
0.69086
-0.032715
-0.12793
0.003479
-0.13208
0.95581
0.039185
-0.013367
0.032349
0.014648
0.076477
0.015259
-0.11682
0.014648
-0.029846
-0.027954
0.02002
0.090515
-0.023804
0.065491
0.025818
0.8429
-0.05188
0.059265
-0.00030518
0.055603
0.037231
0.34119
0.048889
0.69324
0.057861
-0.04303
0.078125
0.0979
0.19025
0.51282
0.17603
0.00097656
0.18427
0.0044556
-0.092773
-0.014099
0.90857
-0.065979
-0.020386
0.1076
-0.11273
0.033386
0.16656
0.032654
-0.077515
0.0068359
0.2262
0.03656
-0.0038452
-0.095093
0.11932
0.435
0.27258
-0.07666
0.14679
-0.071228
0.08844
0.87555
-0.039185
-0.047913
0.053345
0.029297
-0.049561
0.0092773
0.011414
0.037964
0.64862
-0.01593
0.13202
-0.078979
0.070435
-0.039124
0.097595
-0.040771
-0.056702
0.0495
0.10864
0.79059
-0.019226
0.05481
0.08075
0.0060425
0.0037231
0.00018311
-0.04303
-0.044312
0.44012
0.049988
0.17493
0.013428
0.077393
-0.011719
0.083618
6.1035e-05
-0.06073
0.092346
0.0081177
-0.072144
-0.0050049
-0.018555
0.014343
-0.028931
-0.015137
0.97882
-0.04425
0.092285
-0.0037231
0.0078735
-0.0029297
-0.0050049
0.025513
-0.028809
0.056152
1.0823
0.027832
0.026367
0.15558
0.011169
0.1947
0.10797
0.29395
0.039246
0.30389
0.058777
-0.038147
-0.044556
0.0014648
0.063354
0.016541
-0.17859
-0.095032
-0.027893
-0.027588
0.043762
0.85327
0.054993
0.030457
-0.019836
-0.031799
-0.06604
0.095825
-0.0040894
0.046936
-0.13196
-0.061707
0.97864
0.38922
0.014038
0.06897
0.15845
0.11847
-0.03479
0.22107
0.078979
-0.00012207
-0.033875
0.017212
0.82062
-0.0062866
0.10382
0.065613
0.050659
-0.028076
-0.0026855
0.0015259
0.034119
-0.016113
-0.12927
-0.0013428
0.082642
0.031433
0.90192
0.11572
0.02594
-0.051392
-0.080811
0.062256
0.097168
-0.086975
0.070068
0.52954
-0.041138
0.1026
-0.021667
0.069885
-0.0048828
0.028198
-0.021484
-0.029724
0.041504
0.013
0.070557
0.0089111
0.10718
-0.013062
0.78851
0.049805
0.035156
-0.038818
0.14899
0.59094
0.054565
0.070557
0.079346
0.072144
-0.089172
0.0044556
-0.02124
-0.047668
0.039307
0.011475
0.5238
-0.038269
0.51447
0.089661
-0.0056152
-0.035522
0.045837
-0.034729
0.10675
-0.026672
0.034912
-0.036865
-0.038696
0.055115
0.93182
-0.022339
0.014526
-0.020386
0.044983
-0.02356
0.29492
-0.04303
0.10291
-0.032959
0.65033
-0.056274
0.051208
0.0048828
0.040466
-0.10645
0.21796
-0.027771
0.26752
0.16895
0.37842
0.16724
0.071838
-0.041199
0.36945
0.23553
0.023682
0.039001
0.018005
-0.062744
0.15454
-0.0042114
1.0704
-0.064758
-0.053589
0.021912
0.0032959
-0.0271
-0.038696
-0.032776
-0.026062
0.73944
0.13123
-0.048279
0.29614
-0.066223
-0.056274
0.036072
0.04718
0.019531
-0.02948
-0.094238
-0.0063477
-0.09259
0.087891
0.091309
0.07605
-0.017273
-0.085144
0.066772
1.1273
-0.026062
0.042358
-0.027161
0.096069
0.016357
0.16003
0.10297
0.0043335
0.0081787
0.73413
-0.062561
0.024475
-0.021484
-0.030701
0.028076
0.93457
-0.024353
-0.089233
-0.070801
0.053955
0.00091553
1.002
0.0059204
0.012573
0.051208
0.0022583
-0.050903
0.014648
0.015564
0.021973
0.011292
0.018616
-0.069641
-0.01886
-0.01593
-0.083801
0.031311
1.1015
0.069031
-0.075134
0.012451
0.0050659
0.53058
0.016235
0.24384
0.014221
0.24109
0.00054932
-0.05603
-0.046875
-0.039734
-0.0053101
-0.02417
0.041992
0.081116
-0.003418
0.088623
-0.16718
0.067505
0.60577
-0.03363
0.058167
-0.11792
0.85858
-0.025269
-0.042236
-0.020508
0.029968
0.071411
-0.055115
0.092346
-0.21869
-0.15625
-0.021057
-0.015564
0.99316
0.054016
-0.15997
-0.065735
0.048767
0.11438
-0.067627
0.18738
-0.011292
0.24536
0.0049438
0.46277
-0.0057373
0.092896
-0.0074463
0.022461
0.14807
-0.11871
0.037781
0.14722
0.032288
0.058594
-0.1358
1.2908
0.022949
0.04303
1.0075
-0.082458
0.020447
0.0038452
0.032471
-0.016418
0.022461
-0.011658
-0.045227
-0.14978
0.0074463
0.01001
0.020874
0.052307
0.4151
-0.062805
0.50586
0.17389
-0.10168
0.094238
0.057312
0.039185
0.49811
0.35327
0.029663
0.037415
0.080627
-0.039673
-0.022705
0.14429
0.21008
-0.077332
0.70093
0.067566
0.052002
-0.027832
-0.029297
-0.060608
0.023132
0.028015
0.0022583
-0.02417
0.060059
-0.01178
-0.006897
-0.017944
-0.02655
0.75226
-0.0053101
0.045288
-0.029297
0.30994
0.0074463
0.34216
0.057556
0.12628
0.003418
-0.05481
-0.0020142
-0.0177
0.044312
-0.018982
0.048401
0.0057373
0.069946
-0.040283
1.0964
-0.0046997
-0.071777
-0.12457
-0.046692
0.16058
0.028076
0.020935
0.2923
0.10406
-0.005249
0.69226
0.037781
0.096558
0.02533
-0.0089111
-0.086609
-0.07135
-0.037354
0.039124
-0.021057
1.2385
-0.046814
-0.013367
0.045166
-0.033386
-0.041504
-0.022034
0.059021
-0.011658
-0.019531
-0.070251
1.1022
0.04248
0.0067139
0.083008
-0.033142
-0.0049438
-0.076843
0.068359
0.061523
0.17932
0.015137
-0.099182
0.049805
0.20026
0.0014648
0.054443
0.17645
0.1449
-0.070007
0.75635
-0.011963
0.047852
0.050598
-0.027283
0.11047
0.50305
0.0083618
0.16229
0.042603
0.07251
-0.0095215
0.046692
-0.12323
0.040955
0.090088
-0.059204
0.77905
0.10901
0.10944
0.09314
0.052979
0.26544
0.008667
0.092102
-0.010376
0.0050049
-0.070007
0.17627
0.10431
0.38263
-0.099487
-0.071106
0.03302
0.22198
0.085022
0.53058
-0.010498
0.23584
-0.028931
0.14594
-0.016785
0.0090332
0.082214
0.010437
-0.057983
-0.027527
0.98608
-0.019348
-0.19971
-0.057251
0.63409
0.012329
0.10486
0.049683
0.0074463
-0.051636
0.026733
-0.0012817
-0.062317
0.016479
0.9848
0.32843
0.10345
-0.061584
0.11426
0.070313
0.29254
0.34857
0.060425
-0.02002
-0.084778
0.77856
-0.043762
-0.034546
0.1936
-0.08197
-0.032715
0.17804
0.024719
-0.038818
0.0015869
-0.044373
-0.014038
0.020874
0.0044556
-0.023926
1.1793
-0.052429
-0.20752
0.11566
0.066284
-0.068115
-0.078918
-0.10303
0.55396
0.44586
0.055847
0.14301
0.0054321
-0.11151
-0.021362
-0.016296
-0.076843
-0.012024
-0.029053
0.0076294
0.076721
0.043335
0.63654
-0.017456
0.23853
-0.051941
-0.0039673
-0.024841
-0.0079346
0.0077515
-0.06781
-0.022888
0.9245
-0.026733
0.042175
0.032227
0.046143
-0.016541
-0.040649
0.65271
0.028564
0.29376
0.020874
-0.050293
0.018677
-0.047668
0.052429
0.29071
-0.037659
0.60083
0.096619
0.31177
-0.014099
0.067749
-0.038757
-0.017822
0.030396
-0.040588
-0.11621
-0.02002
0.066772
0.064209
0.71399
-0.064697
0.18903
0.059692
0.023315
-0.051514
0.016846
0.47351
0.0080566
0.31152
0.039734
0.027649
-0.048828
0.014893
-0.039124
-0.077393
0.087769
-0.029541
0.66827
0.022888
0.12091
0.060242
0.15082
-0.046021
-0.0081787
-0.088684
-0.1076
0.064636
0.14252
-0.079468
0.0084839
1.0728
0.059692
0.31177
0.021851
0.076233
0.59235
-0.065247
-0.048767
-0.0045166
0.17377
-0.0040283
-0.029419
-0.027344
-0.0055542
-0.047729
-0.080933
0.033569
0.18347
-0.059814
0.98541
-0.075439
-0.053345
-0.012024
-0.032471
0.4939
0.079834
0.1839
0.053467
0.12708
-0.081116
-0.074646
0.036011
-0.041931
0.021179
-0.05896
-0.016357
0.067749
0.22418
0.019958
0.92969
-0.090393
-0.11267
0.33972
0.15082
0.0040894
0.42407
-0.023315
0.12903
0.17096
0.24506
0.0045166
-0.050842
-0.021179
-0.092102
-0.10278
-0.028564
-0.080383
0.021484
0.063049
0.11053
1.0289
0.098572
0.072449
-0.054626
0.040894
-0.041809
0.039673
0.080627
0.16846
-0.067749
0.4939
0.14081
0.1842
-0.0077515
-0.13458
0.19238
0.05603
-0.042419
0.1604
0.094971
0.59784
0.03894
0.0057373
0.020325
0.0048828
0.0058594
-0.055664
-0.11084
-0.015137
0.84406
0.15552
0.012756
0.023499
-0.0010986
0.042664
-0.14166
-0.011963
0.14227
0.090027
0.056152
0.57074
-0.036621
0.044434
-0.095154
0.15472
-0.083984
0.28156
0.046692
0.56616
-0.10974
0.18024
0.0090332
0.71301
0.063721
0.099976
0.021301
0.014771
-0.0040894
0.20129
0.039673
-0.035889
0.027222
0.057678
-0.13959
0.019714
0.014343
0.03772
0.65601
0.05658
0.2771
-0.084717
0.011963
0.031006
-0.0070801
0.02179
0.0097046
0.0046997
-0.11328
-0.025757
1.0843
-0.12964
0.0076904
-0.03656
0.059875
-0.033936
-0.1109
0.031799
0.16992
-0.038574
0.11206
0.0066528
0.66504
0.087524
0.089905
-0.13379
0.061951
0.10016
0.027405
0.017578
-0.041443
1.0876
0.0057373
-0.057007
0.018005
-6.1035e-05
-0.039673
0.087036
0.90094
0.057617
0.1756
0.028809
-0.10455
0.16351
-0.079834
0.32574
-0.1908
0.31708
-0.037598
0.30927
0.025696
0.1358
0.024292
0.63153
0.068115
0.034485
-0.050354
-0.038208
0.035767
0.13226
0.042175
0.029846
-0.074219
0.04248
-0.015137
0.15802
-0.093201
0.51831
-0.016296
0.3736
0.017517
0.023865
-0.0039673
0.028503
0.12988
0.69989
-0.14716
0.080933
0.048096
0.31628
0.040405
-0.0061035
-0.08313
0.21997
0.055298
0.080261
0.017517
0.20911
0.15576
0.27893
-0.0036011
0.024475
-0.033386
0.062805
0.043457
0.40131
-0.032349
0.042358
0.087708
0.26428
-0.01416
0.13873
0.014954
0.17102
-0.076538
-0.067627
0.492
-0.12817
0.15918
0.27704
-0.096008
0.54047
0.042786
0.016357
0.024963
0.018799
0.05658
-0.012756
0.010925
-0.010193
0.063416
-0.028137
0.81757
-0.03064
-0.020447
-0.047668
0.068298
-0.042786
0.016602
-0.044739
0.11139
0.040161
0.87225
-0.039978
1.0704
-0.0031738
-0.033569
0.053894
-0.047913
0.011414
0.010986
-0.010925
0.026917
-0.066284
-0.016357
0.044434
0.12555
-0.027161
0.0015869
-0.096191
-0.17426
0.13177
1.0825
0.0042725
-0.031311
-0.1131
-0.0093994
-0.030273
0.8634
0.045532
0.16827
0.14526
-0.12653
0.0047607
0.038025
-0.11615
-0.0081177
0.048096
-0.037231
0.0080566
0.095093
1.211
-0.077332
-0.060059
0.030273
-0.0084839
-0.022278
0.98267
0.035889
0.12683
-0.12415
-0.0083008
0.060669
0.025635
0.09967
0.18658
-0.10352
0.3847
-0.0083618
0.32996
0.018311
0.17206
0.010986
0.00085449
-0.067444
-0.038025
0.062317
0.33459
0.052612
0.18915
-0.00061035
0.40173
-0.0050659
-0.078918
0.0079956
0.25354
-0.070862
0.56769
0.059021
0.22052
-0.025574
-0.062073
0.058594
0.067444
0.014526
0.20337
0.0089111
-0.0028076
-0.075012
0.14667
0.04541
0.10852
0.00097656
-0.0023804
0.00048828
-0.051453
-0.025818
0.0031128
-0.063538
-0.052673
1.0126
0.10107
-0.0057373
0.0067749
0.04071
0.69067
0.053345
0.21942
-0.034119
0.055115
0.0083618
-0.080078
-0.029053
-0.020264
-0.0080566
-0.050476
-0.041687
-0.02832
0.050903
0.037354
0.03595
0.82733
0.019165
-0.0032959
0.2243
0.14374
0.74854
0.075073
-0.078796
-0.12433
0.15363
-0.18372
0.010742
0.75226
0.0062256
0.065247
0.20569
-0.15668
0.0080566
0.10535
-0.083862
-0.025879
0.0019531
-0.036743
0.056641
-0.014771
-0.026123
0.028198
-0.032898
-0.045105
1.0817
-0.026428
0.0038452
0.085083
0.03302
-0.013489
0.028381
-0.14917
-0.031128
-0.072754
0.031982
1.244
-0.040649
0.0012207
-0.028015
-0.057678
-0.051758
-0.0072632
-0.034363
-0.046936
0.18872
0.84863
0.019287
0.09967
0.071899
-0.024231
0.40143
0.19519
0.02063
0.16058
0.085266
-0.0033569
0.079651
-0.0076294
0.027466
0.0031738
0.029419
-0.014343
0.50696
0.055298
-0.027405
0.13965
0.40997
-0.084045
-0.050171
-0.017944
-0.061401
0.032288
0.13409
0.092896
0.22955
0.056519
0.88104
-0.032288
0.082092
0.040894
0.076904
0.048889
1.0549
0.0032349
0.033569
-0.067566
-0.19379
-0.0049438
0.033203
0.032715
0.10803
-0.025269
-0.044189
-0.075867
-0.21741
-0.047607
1.2753
-0.0095215
0.018616
0.4397
0.0014648
0.071411
0.058899
0.15863
0.018982
0.069946
0.0080566
-0.00042725
-0.068542
-0.02948
-0.076233
0.61346
-0.0039063
0.44434
-0.015869
0.070313
0.0084229
-0.028259
-0.042969
0.00030518
0.042908
-0.10364
0.026855
-0.0802
-0.096191
0.046997
1.0225
-0.024231
0.012695
0.033569
-0.031128
0.030823
-0.049255
-0.010437
1.1456
-0.086426
0.028137
0.049072
0.082886
-0.039612
-0.034546
0.028503
0.65521
0.019531
0.15186
0.075867
-0.014709
0.0020752
0.021545
-0.033508
-0.038818
-0.016357
0.31152
0.06134
0.52594
-0.020447
0.18445
-0.013
0.054993
0.29108
-0.036072
0.63348
0.081177
0.083557
-0.018921
-0.087036
-0.038086
-0.071289
0.029663
-0.0037842
0.040894
-0.021362
0.13196
-0.029846
0.014648
0.039185
0.66168
-0.049988
-0.015686
-0.0085449
-0.026855
0.052795
0.096924
-0.030579
0.13
-0.11829
0.7533
0.16827
0.033325
0.38104
-0.06781
0.1228
0.10034
0.3017
-0.093811
0.13147
-0.021851
-0.065308
-0.04303
0.054077
1.0188
-0.056763
0.052979
-0.016785
0.036255
-0.045959
0.034058
-0.023926
-0.0045166
-0.054565
0.028198
-0.00097656
-0.093689
0.028809
0.21674
0.031738
0.78064
-0.081238
0.02002
-0.025818
-0.13574
0.036926
0.48517
0.064148
0.2171
0.33954
0.21429
0.041626
0.015015
-0.005188
0.82642
0.013
0.020386
0.061096
0.093689
-0.020386
-0.057678
0.030151
0.028748
-0.14716
0.066833
0.047119
1.0197
-0.074402
0.021851
0.10217
0.017273
0.049927
0.044434
0.030701
0.68304
0.15656
0.029358
0.049866
-0.0025024
0.046204
0.0073853
0.027893
0.7746
0.014038
0.02594
0.0030518
0.040955
-0.016785
0.054871
0.067627
0.01886
-0.062988
0.0084839
0.56885
-0.067932
0.41089
0.060425
-0.044189
-0.0033569
-0.058289
0.0096436
-0.057251
0.10504
-0.033752
-0.02948
0.043457
-0.11029
-0.077637
0.0059204
-0.18109
0.86133
-0.091309
0.66931
-0.0495
0.23737
0.058655
0.095703
-0.04248
-0.02179
-0.021667
0.068481
0.064819
-0.049011
0.38739
0.03833
0.15735
0.022522
0.35364
-0.0055542
0.054077
0.047241
-0.056702
-0.02124
0.080566
-0.138
-0.0048218
0.010498
0.010559
0.11005
0.57294
0.0087891
0.036438
0.055786
-0.072632
-0.036194
0.038208
0.97656
0.15961
-0.037659
-0.051636
0.019104
-0.035156
0.91766
-0.038147
-0.055298
0.053589
0.021851
-0.0044556
0.030884
0.0076904
0.031311
-0.088135
0.02301
-0.024719
0.0041504
0.056458
0.15607
0.018738
0.85864
0.0081177
-0.048645
-0.066467
-0.012695
0.0018311
-0.085815
0.025452
0.28186
0.0271
0.034912
0.20819
0.46686
0.28192
-0.069153
0.10199
-0.0076904
0.076721
0.098938
0.27283
-0.0078125
0.16083
-0.030579
-0.02179
0.12604
-0.070129
0.6814
0.098938
0.034912
0.10645
0.079834
0.010498
-0.0043945
0.038452
0.2113
-0.040833
0.52161
0.14276
0.19061
0.12384
0.011719
-0.090576
-0.027527
0.21698
-0.04541
-0.062195
0.22821
0.15222
-0.024475
0.17365
-0.0045166
0.044861
0.030273
-0.062988
0.055664
0.0015259
-0.098938
0.07428
0.031494
-0.061401
-0.043701
-0.15411
1.251
0.28052
0.15369
-0.038391
0.30505
0.17242
-0.09729
0.13123
0.052063
0.068481
-0.050415
0.011536
0.099487
0.27728
0.017029
0.65271
-0.014709
-0.021606
0.051025
-0.059998
0.053894
0.2605
0.12939
-0.01825
0.32428
0.14203
-0.074402
0.098083
0.0495
-0.027771
0.03479
0.84967
0.008667
0.074158
0.17676
-0.10327
-0.049438
0.1181
-0.0068359
0.060791
0.016724
1.0323
0.00073242
-0.027466
-0.013733
-0.13306
0.068115
0.081238
0.0083618
-0.11035
-0.0077515
-0.010864
0.0066528
0.81219
0.033386
0.0011597
-0.05719
0.21759
-0.01416
0.020996
0.046997
0.015259
0.058838
-0.013794
-0.046753
0.15118
0.039429
-0.0020142
-0.078247
-0.047913
0.87262
-0.06488
-0.025574
-0.068298
-0.021118
0.043701
0.026489
0.046448
0.89557
0.0088501
-0.029236
0.034546
0.66119
-0.0031128
0.16766
0.060791
-0.078735
0.025757
0.03302
-0.068604
0.016846
0.030823
0.011475
0.015076
0.074829
0.086182
0.09375
0.058533
-0.087891
-0.015747
0.92828
-0.0177
0.026794
0.080383
0.012268
0.1651
-0.023926
0.22504
-0.060059
0.42432
0.0089722
0.097168
-0.033386
-0.011841
0.005188
0.017761
0.64417
0.11768
-0.037231
-0.092773
0.30988
-0.00042725
-0.0031128
0.34583
0.11456
0.29919
-0.058533
0.15765
-0.086243
0.10785
0.12476
0.05249
-0.049316
-0.0079956
0.022644
-0.10938
-0.0098267
0.035034
-0.023071
0.87769
0.10187
0.025208
0.045471
-0.012085
-0.053955
-0.020752
0.88519
0.12482
0.16394
-0.00048828
-0.033203
0.028503
0.028137
-0.0078125
-0.074585
-0.016968
0.20624
0.082886
0.19598
-0.064941
0.56494
0.008667
0.012939
0.061523
0.024963
0.03125
0.53888
-0.051514
0.10498
-0.086792
0.20667
0.05896
-0.034546
0.74976
-0.04718
0.24268
0.031616
0.20111
-0.01825
-0.036133
-0.034424
-0.0044556
0.0013428
0.13678
-0.0044556
0.40582
0.022522
0.21985
0.0094604
0.085999
-0.016724
0.063782
0.063354
0.203
-0.024475
0.077087
0.018188
0.018433
-0.050903
0.10345
0.010376
0.032227
-0.020142
-0.18439
0.15576
-0.0025635
0.69147
0.045471
0.28528
0.18213
0.14307
0.055603
0.057922
0.15045
0.026367
0.36407
-0.035828
0.20917
0.088928
0.067261
-0.0089722
0.088074
0.074585
0.62946
0.02655
0.060852
-0.035217
0.1394
0.003418
-0.0095215
0.038025
0.053711
0.086121
-0.032654
-0.013794
-0.070984
0.83167
0.085815
0.017029
0.062988
-0.047058
0.0079346
0.076416
0.17542
-0.0011597
0.68524
-0.016113
0.044128
-0.016479
-0.069214
0.086914
0.0012207
-0.060303
1.0501
0.03186
-0.15308
0.045837
0.090515
-0.006897
-0.0060425
0.039246
-0.016418
0.027161
-0.054138
-0.036743
0.068665
0.12689
-0.00048828
0.9259
-0.019409
-0.042053
-0.036194
0.88141
-0.017578
0.093628
0.020508
0.075745
-0.0495
0.02002
0.012207
-0.00030518
0.18622
0.018066
0.19269
-0.049133
0.0061646
-0.064392
0.25067
0.018188
0.16522
0.13159
0.33331
0.0085449
0.087402
0.096802
0.11584
0.0026855
0.33936
0.029419
0.050232
-0.00354
-0.033142
0.040894
0.27789
-0.042358
0.42365
-0.066284
0.18408
0.058472
0.049744
-0.015015
-0.085205
-0.037903
-0.029419
-0.048157
0.22644
0.41913
0.35132
0.02179
0.12854
0.0048218
-0.00085449
-0.0271
-0.17383
0.016174
-0.10193
1.1358
0.086609
0.24518
0.15112
-0.0048828
0.067688
0.0049438
0.34326
0.11346
0.16968
-0.048706
0.34778
-0.0028076
0.055664
0.052917
0.078247
0.054871
0.024536
-0.04248
0.74799
-0.040649
-0.080872
0.036743
-0.064453
0.10077
0.17627
0.030457
0.27472
0.023254
-0.044189
0.071106
0.19257
0.053345
0.091675
0.026428
0.01355
-0.0059204
-0.031982
-0.03302
0.045471
0.51868
0.026245
0.30402
-0.029175
0.242
-0.051941
0.034546
-0.072144
-0.062561
0.061096
0.84045
0.039185
0.13647
0.085205
-0.07605
-0.080505
-0.042664
-0.046204
-0.030518
-0.020264
0.9585
0.11359
0.048645
-0.042542
0.081482
-0.03186
0.987
-0.01416
-0.038391
0.010742
-0.049438
0.044495
0.069031
-0.011475
-0.0070801
-0.057983
-0.041382
-0.016479
0.037292
0.037659
0.41516
-0.083618
0.60779
0.015747
-0.044678
-0.04248
0.0072021
0.22357
0.1261
0.50531
-0.012878
0.10345
0.06781
-0.083618
-0.065002
0.1366
0.02301
0.13898
0.13879
0.29926
0.099915
0.362
0.019531
-0.053345
-0.056335
-0.066589
0.032288
0.14551
0.27576
0.48334
0.063599
0.29095
0.058899
-0.11011
-0.12756
-0.042908
-0.085876
0.35828
0.10938
0.53662
-0.032776
0.084167
-0.055969
-0.12054
-0.019775
-0.076904
0.065796
0.041321
0.019714
0.69501
-0.020752
0.30774
-0.013733
0.072632
-0.01947
0.12653
0.75006
-0.057678
0.020874
0.15948
-0.044556
0.021545
-0.033386
-0.10767
0.008667
0.00085449
0.017395
-0.041077
-0.050232
0.050537
-0.0083618
0.019958
-0.081787
-0.16132
1.0555
0.4422
-0.042053
-0.14862
0.063904
0.099731
-0.0079956
0.25256
0.029236
0.14581
-0.07489
-0.076294
0.048279
0.0068359
0.008606
0.043518
0.011047
0.091431
1.0175
-0.0039673
-0.075378
0.049622
0.042419
0.6618
-0.046204
0.23199
-0.087952
0.16028
0.022034
-0.039551
-0.064758
-0.0087891
0.00054932
-0.005127
0.024048
0.017761
0.05249
0.02655
0.91571
0.087708
-0.053955
0.030579
0.020447
0.025635
0.23328
0.6543
0.035339
0.044128
0.086121
-0.057007
0.032349
0.14581
0.02417
0.34967
0.0090942
0.027283
0.039429
0.20074
0.036926
0.031311
0.077026
-0.093994
-0.063965
-0.11163
0.16968
0.11298
0.0015869
0.079712
-0.19739
-0.065186
1.3353
-0.083984
0.05426
-0.036865
-0.052002
0.033997
0.1568
-0.053955
0.84631
-0.0079956
-0.060425
-0.1214
0.0043335
0.21112
-0.033142
0.57672
0.064331
0.23206
-0.015381
-0.045654
0.049255
-0.039429
0.11761
0.43042
-0.095276
0.54803
0.043091
0.096313
0.026733
-0.01709
-0.058044
0.34576
-0.059143
-0.07312
0.32245
0.15118
0.018433
0.11212
0.013855
-0.036682
0.012817
-0.018066
0.93964
0.011536
0.082153
0.0672
0.00079346
0.0038452
0.030273
-0.027954
0.038391
-0.067505
-0.019104
-0.013
0.030518
0.030029
0.0076294
-0.012451
0.94781
-0.053589
0.061707
-0.020508
0.99756
-0.093567
-0.045166
-0.041565
0.039612
-0.0040894
-0.044067
-0.022583
-0.062378
-0.10907
-0.066711
0.014832
-0.014709
0.86096
0.071899
0.21344
-0.020264
0.02948
-0.0084229
-0.016907
0.060669
0.005249
-0.0076294
0.026306
0.21942
0.042114
0.78687
0.099731
-0.075928
0.57654
0.054932
0.13251
-0.025879
0.082458
0.026672
0.24213
0.12616
-0.043945
-0.010742
0.17938
0.45453
0.00085449
0.20483
0.12238
-0.067017
0.046631
0.025696
0.095703
-0.05426
-0.0015259
0.0067139
-0.04834
-0.031189
0.021179
0.032837
0.0020752
0.9184
0.10022
-0.030762
-0.013672
0.22845
-0.00048828
0.78516
0.026184
-0.0026855
-0.059265
0.024109
-0.030396
0.0046997
0.84778
-0.013184
-0.045898
0.0010986
0.041382
0.023315
0.19818
-0.037109
-0.073853
0.021423
-0.084473
-0.12128
0.16241
0.94379
0.077087
0.080078
0.03186
-0.011047
-0.0093994
-0.072998
0.07428
0.022705
0.11456
-0.047974
0.17065
0.068176
0.16174
0.013855
0.54022
-0.059204
0.11194
-0.093262
0.19275
0.11371
0.093201
0.41681
0.24854
-0.064819
-0.07019
-0.02771
0.12238
-0.028748
0.27655
-0.16284
-0.040894
0.047791
0.23383
0.01062
0.44659
0.14435
1.1206
-0.044495
0.0072632
-0.064331
-0.12097
0.031189
0.0088501
-0.023132
-0.083679
0.03363
-0.023071
-0.014038
0.14484
0.0046997
0.78217
-0.046936
0.10077
-0.0040894
0.10382
0.10223
-0.028748
0.8703
0.0036011
0.076294
0.11938
-0.0057983
-0.016479
0.054688
-0.021179
0.022766
0.034973
0.027039
-0.031128
-0.0062256
0.016968
-0.076599
0.089478
1.1328
0.011292
-0.067444
-0.033142
0.011841
0.0075684
0.052551
-0.04364
0.2019
0.018127
0.31482
0.033936
0.41168
0.64081
-0.0061035
0.14374
0.068665
-0.015259
-0.0025024
0.21393
-0.052673
-0.036926
-0.0025024
-0.018555
0.1272
0.35657
0.028809
0.42249
0.0043945
0.046387
-0.015686
-0.07019
0.00036621
-0.03186
-0.018433
-0.049805
-0.030334
0.011292
0.11682
0.056396
0.11914
0.041382
0.73108
0.0079956
-0.0032959
0.58386
0.079651
0.090515
-0.0054932
0.22424
0.0061035
-0.028381
0.0040894
0.20972
0.1297
-0.12891
0.41333
0.083435
-0.071472
0.14575
-0.0014038
0.071411
0.0060425
-0.00018311
-0.016663
-0.061401
0.082092
0.041748
0.044922
-0.012695
1.0464
-0.0031738
0.0043945
0.011169
1.0809
-0.081787
-0.13501
0.019653
0.076965
0.00177
0.0064087
0.029663
0.025696
0.051941
0.040771
-0.0095215
0.037354
-0.018066
0.41046
-0.024109
0.29102
0.067688
0.21014
0.073669
-0.022644
-0.090576
-0.086243
0.064636
0.97748
0.13885
-0.086975
0.2262
-0.03656
0.094238
-0.081787
0.4967
0.079468
0.023987
0.019531
0.26923
-0.02533
-0.028687
0.0078735
0.039795
-0.033081
0.0056152
0.033936
0.042175
0.25482
0.035339
0.01178
0.056702
0.74316
0.078247
0.0090942
-0.15259
-0.0098877
0.12488
0.03064
0.071533
-0.044617
1.0276
-0.042786
-0.061157
0.079895
0.48181
-0.015747
0.15771
0.112
0.099182
-0.02832
0.044128
0.018738
0.019775
0.040466
0.37299
-0.0064697
0.49066
-0.082214
0.12445
0.027771
0.0037231
0.026306
1.0309
0.00354
-0.073792
-0.063477
-0.07019
0.088501
0.13873
0.01947
-0.13129
0.074951
-0.051941
0.14233
-0.079163
0.62762
0.092041
0.054382
0.023376
0.035645
0.01532
0.12537
0.14172
-0.16644
-0.082886
0.87823
0.030823
0.11005
0.024414
0.007019
-0.011047
-0.050903
0.034668
0.005249
0.9588
0.032471
-0.086609
-0.016296
0.18463
0.047852
-0.016968
-0.050415
0.029846
0.030273
0.73267
0.025635
0.11713
-0.049377
0.16217
0.011353
0.0026245
-0.016052
-0.071167
0.041138
-0.037231
-0.018616
0.0093384
0.10052
0.088501
-0.016602
0.64185
-0.016113
-0.019409
0.40198
-0.047791
0.5907
0.097656
-0.0083008
0.030029
0.03241
0.04657
-0.042419
0.57623
0.057678
0.088379
0.063416
0.01001
0.042114
0.13159
0.054504
-0.025452
-0.023621
0.016296
-0.045654
-0.070251
0.0098877
0.050476
0.049622
0.098145
-0.21045
1.0335
0.033142
-0.067627
0.87592
-0.058899
-0.0039063
0.056152
0.035645
0.010986
0.049683
0.00012207
-0.030823
0.026855
-0.0025024
-0.0078735
-0.027405
-0.0082397
0.043274
0.080139
-0.0090332
0.32477
0.014221
0.16553
0.41418
0.074158
0.37372
0.2168
-0.071167
-0.048401
-0.041504
-0.093811
0.022705
1.0261
0.06311
-0.010986
-0.010437
-0.14063
0.030212
0.0055542
0.095581
-0.050598
0.026733
0.047302
0.93829
0.041748
0.016846
-0.010254
-0.054626
-0.036072
0.049622
0.019714
-0.043091
-0.12421
0.13165
0.30792
-0.19916
0.53052
0.068298
0.41351
0.00042725
0.16302
-0.02948
-0.05072
0.0045166
-0.028625
-0.014465
0.023438
-0.036682
0.047791
1.149
-0.060974
-0.080078
-0.03949
-0.13733
0.031311
0.91479
0.07428
0.065063
0.1488
-0.0093384
0.052551
-0.035706
-0.0043335
0.07428
-0.085815
0.022217
-0.020569
0.17316
-0.029114
0.92615
-0.03009
0.0042114
-0.094421
-0.021912
-0.029846
0.032349
0.063477
-0.030884
-0.040161
1.1697
0.031067
-0.12488
-0.022583
0.081665
0.00073242
0.76312
0.015747
0.0090942
0.02478
0.053284
0.093933
0.054504
0.053101
0.028809
0.23267
0.61713
0.074707
0.046875
-0.013855
0.029114
-0.1264
-0.13861
-0.029175
-0.031006
0.0018311
0.015625
-0.022949
0.20856
0.0050049
0.10797
0.031189
0.8457
0.013977
-0.0015869
0.10907
-0.0026245
-0.0014648
0.16669
-0.05249
-0.006897
0.03418
0.86737
0.39331
0.048462
0.21808
0.22925
-0.0075073
0.10699
0.27466
-0.055237
-0.0028687
-0.011414
0.026428
0.038635
0.41107
0.062317
0.03949
-0.1192
0.14789
-0.0021362
0.024292
0.056702
0.042419
0.056763
0.59882
-0.1084
0.26862
-0.033447
0.21942
0.039368
0.10382
-0.037842
-0.08313
0.062073
0.086182
-0.070251
0.05011
0.72974
0.12714
0.018127
0.1449
0.29095
-0.093323
0.01825
-0.041382
-0.024292
-0.066467
0.091431
-0.05957
0.015137
0.95276
-0.032898
0.043579
0.018738
0.1535
-0.11786
-0.00097656
0.2251
0.0079346
0.031921
0.027344
1.0842
0.057983
0.14178
0.13049
0.37213
0.041077
0.16418
0.0072021
0.11163
-0.13312
0.040283
0.045898
0.11877
0.088806
0.37299
0.24707
0.054077
0.072571
0.04718
0.071594
-0.044189
-0.1156
-0.060303
0.10364
0.071838
0.042236
0.38159
-0.063416
0.54919
0.09436
0.0013428
0.055847
0.038696
-0.11017
-0.022339
0.73254
-0.019043
0.25024
0.065002
-0.093079
0.047241
-0.073669
0.75037
-0.044312
0.19312
0.033508
0.067566
-0.032288
0.0021362
-0.027954
0.032166
0.26544
0.00067139
0.06427
0.36853
-0.076416
0.10614
0.19489
-0.15778
0.056702
-0.015442
0.1004
-0.038269
0.069275
-0.093811
0.044617
0.21741
0.10834
0.16101
0.047241
0.56744
-0.0098267
-0.0095825
0.073547
-0.1051
0.71381
0.034546
0.28021
-0.044373
0.1062
0.023804
-0.029053
0.10321
-0.054993
0.6272
0.15192
0.0059204
0.061279
0.030579
-0.049377
-0.0080566
0.03064
-0.042969
0.63647
0.010376
0.24585
0.00073242
0.20435
-0.013062
0.0056152
0.075073
0.48651
0.023743
-0.18787
0.097473
0.21667
0.045532
0.36426
-0.065247
0.045593
0.072083
-0.0065308
0.8952
0.0039063
0.17175
-0.021851
-0.045044
-0.048096
-0.01123
-0.055786
-0.010986
0.045898
-0.058777
-0.12592
0.0090942
-0.060608
0.010254
-0.027588
0.10095
1.2122
0.010681
0.055481
0.78888
-0.027771
0.0025635
0.053772
-0.015015
0.089539
0.12939
-0.045593
0.050232
-0.00073242
0.088867
0.060059
0.21936
0.35321
0.0082397
0.11145
0.037415
0.036682
-0.027405
-0.10913
0.067322
-0.039612
0.2453
0.65338
0.022278
0.082703
0.027588
-0.0065918
-0.075378
0.66034
0.082642
0.0010376
0.18341
-0.065369
-0.079407
0.22229
0.00177
-0.038025
0.0012207
0.18481
0.034363
0.43848
-0.072937
0.27472
-0.015808
0.37488
0.052002
-0.049683
-0.017639
-0.024902
0.88385
0.0056763
0.021362
0.027771
0.0046997
0.064697
-0.0057373
-0.021423
-0.00036621
0.038208
-0.056152
-0.0010376
-0.049255
0.017212
0.24219
0.086487
0.45111
0.032471
0.30884
0.95911
0.0053711
0.051208
0.0072021
-0.066284
0.0078125
0.14307
0.0098267
-0.022522
0.003418
-0.019592
0.15247
-0.058044
0.050964
0.021912
0.70251
-0.018188
0.33276
-0.052063
-0.067566
-0.072388
0.13654
0.18878
0.39429
0.25928
0.11902
0.13177
0.062134
-0.10022
-0.040161
0.097412
-0.035583
-0.042969
0.026489
-0.0043945
0.97504
0.13623
-0.079102
0.06073
-0.08905
0.035828
0.11053
0.0023804
0.79675
0.015015
0.0072632
0.037231
0.0059204
0.066589
0.044434
0.56927
0.025085
-0.13361
0.0019531
0.1972
-0.029846
0.35608
0.034668
0.060181
0.054626
0.015076
0.046265
0.27838
-0.022217
0.41705
0.012207
0.17554
0.043762
-0.015503
-0.020386
0.041138
1.0734
-0.087952
-0.098083
-0.014343
0.077942
0.037537
-0.018738
0.020996
0.0040283
0.23267
0.11981
-0.031067
-0.10083
0.083679
0.20154
0.47095
0.13092
0.12732
-0.099976
0.82025
0.0023193
-0.080627
-0.12402
0.11963
0.091797
0.1969
-0.021729
-0.014771
-0.0047607
0.046448
0.028625
-0.027588
0.0053101
-0.013672
0.050171
0.055847
1.0386
0.0078125
-0.056152
0.18445
-0.018738
0.29614
0.15424
0.27466
0.020447
0.30743
0.086182
-0.073242
-0.065308
0.038147
-0.014832
0.23914
0.056763
0.23462
0.051331
0.34955
-0.0053101
0.097839
-0.040955
-0.048584
0.040039
0.66437
-0.016724
0.401
0.00054932
-0.04718
0.024109
-0.19574
0.0037231
0.051819
-0.045776
-0.047852
0.86005
0.24939
0.092651
0.042358
0.0053101
-0.044128
-0.032898
-0.028809
0.06842
0.19269
-0.017456
0.53668
-0.14148
0.28729
0.059021
-0.047485
0.034424
0.095093
0.22565
-0.076538
0.37775
0.2804
-0.011597
0.20392
0.013367
-0.031311
0.11102
-0.031189
0.075317
-0.012634
0.040283
0.07135
0.74377
-0.058167
0.26929
-0.033386
-0.029114
0.027283
-0.066711
0.89081
0.056458
-0.010559
-0.029663
0.10864
-0.028931
-0.034241
0.067993
-0.0075684
0.032227
-0.023987
0.050842
-0.014282
0.27039
0.019775
0.092468
0.0060425
0.56647
0.27783
0.0098877
-0.10034
0.26831
0.21039
-0.005188
0.18353
0.037109
-0.022034
0.014954
0.11298
-0.047607
-0.069092
0.34528
-0.097046
-0.082825
0.15796
0.21027
0.59784
0.0084839
0.85663
0.041077
-0.019958
0.056519
-0.078918
0.069641
0.018311
0.016846
-0.086731
0.014282
-0.036316
-0.0039063
-0.020447
0.41382
0.46277
0.054932
0.21033
-0.0018311
-0.023865
-0.041382
0.040527
-0.013611
0.44897
0.06958
0.14038
0.11761
0.25092
0.038269
0.17731
-0.027771
0.33264
0.28149
0.037659
0.12634
0.14667
-0.030457
0.10327
-0.0077515
0.074463
-0.0031738
-0.068542
0.95911
-0.042358
0.094238
0.031433
0.03302
0.010925
0.0068359
-0.023376
0.014282
0.039063
-0.019958
0.053467
-0.057556
0.053223
0.089233
0.13965
0.75616
0.030396
-0.030334
-0.09259
-0.010498
0.085327
-0.056396
0.097046
1.0234
0.042358
0.17761
-0.024414
-0.065857
0.18298
0.047058
0.30487
0.33118
0.089844
0.062317
0.048157
0.10205
-0.042419
-0.084839
0.027649
0.025574
-0.039246
0.64673
0.25134
0.084717
0.23346
-0.051941
-0.04425
-0.023987
-0.044617
0.11243
-0.03894
0.8432
0.080688
0.037659
0.062134
0.0073242
-0.016418
-0.076233
-0.039185
-0.029175
0.64496
0.016846
0.1377
-0.020203
0.10919
0.029236
0.057983
0.0061035
0.31818
0.014038
-0.05658
0.10858
0.015381
0.32465
0.12115
0.031921
0.017395
-0.063293
-0.065002
0.026611
0.01532
1.1279
-0.040771
-0.05072
-0.068054
-0.0056152
0.041992
0.0092773
-0.073425
-0.017822
0.029968
-0.014404
0.011902
0.55066
-0.05896
0.0026855
0.37793
0.078857
-0.013245
-0.010193
0.28864
0.038208
0.37079
-0.055664
0.19067
0.0015869
0.16534
-0.053589
0.062927
0.030579
0.079041
-0.059875
0.44812
0.057861
0.34082
0.029724
0.0048218
-0.031921
0.0057373
0.026794
0.75171
-0.061584
0.23743
0.02594
0.18274
0.039856
-0.021973
-0.069824
-0.014404
0.13214
-0.01825
0.097717
0.015625
1.1882
-0.015686
-0.21008
-0.016113
0.24194
-0.00018311
0.82227
0.02478
0.13971
0.049133
-0.048035
-0.023926
-0.03833
0.0033569
0.10071
-0.10156
0.11554
0.14288
-0.14984
0.88568
0.038269
0.090149
-0.020691
-0.069458
0.059387
-0.01593
0.060181
0.61133
-0.064148
0.056824
-0.029907
0.17719
0.017822
0.11652
0.12061
0.024719
0.0033569
0.50989
0.016052
0.1554
-0.03479
0.2663
-0.032959
0.028259
-0.026123
-0.076416
0.68097
-0.043396
0.12671
0.11749
0.12244
-0.056763
0.0068359
-0.038574
0.048462
0.094971
-0.038757
-0.0066528
-0.066528
-0.067627
-0.18097
-0.048889
0.083923
0.10754
1.0188
0.024597
-0.03302
0.10834
0.51605
0.28223
0.057068
0.11481
-0.018799
-0.046509
-0.074158
-0.09906
-0.10608
0.50763
-0.25403
0.56036
0.18134
0.27905
-0.16107
0.080994
-0.080566
0.069946
0.026611
0.21533
0.0050049
0.16071
0.40118
0.37274
-0.071289
0.11206
-0.073853
-0.069336
0.095215
-0.014832
0.10638
0.078613
0.15332
-0.039063
-0.057434
-0.14636
0.99536
-0.081543
0.051636
-0.070862
-0.016968
0.0055542
0.76947
0.058594
0.20349
0.090088
0.066711
