0.101562
0.023438
-0.207031
-0.128906
-0.003906
0.000000
-0.132812
0.109375
1.425781
0.089844
0.738281
0.046875
-0.027344
-0.046875
0.062500
0.050781
0.195312
-0.031250
-0.023438
0.000000
0.550781
-0.027344
-0.027344
0.035156
0.082031
-0.046875
0.250000
-0.019531
0.089844
0.039062
-0.003906
0.023438
-0.039062
0.894531
-0.007812
0.007812
0.000000
-0.023438
0.074219
-0.019531
0.062500
-0.035156
0.316406
-0.019531
0.332031
0.042969
0.308594
0.000000
-0.011719
-0.035156
0.554688
-0.042969
-0.144531
0.000000
0.140625
0.039062
0.250000
-0.031250
0.054688
-0.003906
0.039062
-0.058594
0.027344
-0.046875
-0.027344
0.007812
0.070312
0.070312
0.804688
-0.046875
0.011719
1.128906
-0.058594
-0.042969
-0.003906
0.058594
0.015625
-0.015625
-0.007812
0.000000
0.070312
0.035156
0.746094
0.027344
0.136719
-0.113281
0.480469
0.085938
-0.070312
-0.167969
0.222656
0.023438
-0.019531
0.597656
0.000000
0.015625
0.191406
-0.015625
0.000000
0.011719
0.156250
0.097656
0.015625
0.652344
0.000000
0.011719
0.019531
0.011719
0.066406
0.000000
-0.042969
0.972656
0.000000
-0.023438
0.019531
0.054688
-0.003906
-0.039062
0.027344
0.003906
-0.113281
0.019531
0.070312
0.042969
0.015625
0.667969
-0.089844
0.175781
-0.156250
-0.085938
-0.058594
-0.027344
-0.003906
-0.140625
0.011719
0.980469
0.140625
-0.242188
0.023438
0.242188
0.265625
0.019531
-0.023438
0.726562
-0.007812
0.011719
-0.062500
0.011719
-0.062500
-0.046875
-0.089844
0.082031
0.269531
0.062500
0.476562
-0.046875
0.093750
0.000000
-0.058594
0.000000
0.031250
-0.011719
0.535156
0.125000
0.171875
-0.019531
0.222656
0.000000
-0.042969
0.074219
0.027344
0.003906
-0.058594
0.015625
-0.015625
0.000000
0.046875
1.042969
-0.019531
-0.023438
0.003906
0.929688
-0.023438
0.089844
0.054688
0.019531
-0.046875
-0.039062
-0.023438
0.082031
-0.011719
-0.042969
-0.015625
0.871094
-0.023438
0.019531
-0.003906
0.042969
0.058594
0.058594
0.195312
0.000000
0.210938
0.011719
0.046875
0.046875
0.238281
0.074219
0.082031
0.058594
0.000000
0.066406
-0.109375
0.886719
-0.035156
0.042969
0.003906
0.066406
0.039062
0.074219
0.234375
0.082031
-0.125000
0.425781
0.070312
-0.082031
0.097656
-0.019531
0.085938
-0.031250
0.289062
0.152344
0.035156
0.375000
0.125000
0.054688
0.132812
0.191406
0.058594
-0.058594
0.109375
0.023438
0.707031
0.019531
-0.062500
-0.011719
0.128906
-0.066406
-0.039062
0.097656
-0.031250
0.027344
0.218750
0.089844
0.375000
0.019531
0.238281
-0.007812
0.031250
0.000000
-0.058594
-0.074219
0.117188
0.046875
0.000000
0.074219
0.113281
0.160156
0.601562
-0.082031
0.339844
-0.082031
0.019531
-0.066406
0.019531
0.093750
0.308594
-0.085938
0.246094
0.000000
0.007812
0.035156
-0.015625
0.031250
0.007812
-0.015625
0.046875
-0.054688
0.613281
0.011719
-0.015625
0.148438
-0.050781
-0.007812
0.234375
0.085938
0.023438
-0.035156
0.285156
-0.003906
-0.066406
0.050781
0.054688
0.023438
0.027344
0.292969
-0.003906
0.730469
0.113281
-0.097656
0.796875
-0.066406
-0.019531
0.078125
-0.101562
0.082031
0.054688
0.015625
0.015625
0.000000
-0.093750
0.046875
0.000000
0.925781
-0.007812
0.042969
0.039062
0.000000
-0.011719
0.003906
0.042969
0.222656
0.253906
-0.097656
0.238281
0.046875
0.003906
-0.039062
-0.003906
-0.003906
-0.027344
0.035156
0.152344
0.855469
0.199219
0.003906
0.023438
-0.093750
-0.132812
-0.027344
0.101562
0.054688
-0.027344
0.007812
0.292969
0.062500
0.085938
-0.015625
0.382812
0.015625
-0.035156
0.183594
-0.003906
0.980469
-0.011719
-0.011719
-0.027344
0.000000
-0.007812
-0.031250
-0.054688
-0.113281
0.214844
0.031250
0.667969
-0.027344
0.347656
-0.039062
0.074219
-0.039062
-0.007812
0.929688
-0.042969
-0.019531
0.015625
0.027344
0.000000
0.000000
0.042969
-0.007812
0.023438
0.035156
0.554688
0.046875
0.078125
0.007812
0.144531
0.007812
0.062500
0.039062
0.597656
-0.039062
-0.109375
0.050781
0.148438
-0.039062
0.351562
-0.003906
0.042969
0.031250
0.441406
-0.027344
-0.046875
0.238281
-0.046875
0.050781
0.058594
-0.019531
0.007812
0.000000
0.351562
-0.023438
-0.023438
-0.097656
-0.082031
-0.007812
0.164062
0.050781
0.136719
-0.125000
-0.027344
0.000000
0.019531
0.050781
0.019531
-0.042969
-0.066406
1.082031
-0.007812
0.000000
-0.054688
0.000000
0.000000
-0.011719
0.011719
0.207031
0.031250
0.683594
0.105469
-0.023438
-0.023438
-0.085938
-0.019531
-0.011719
0.046875
0.023438
0.035156
-0.085938
0.886719
-0.031250
0.058594
0.011719
0.101562
0.378906
0.132812
0.031250
0.035156
0.003906
0.070312
0.027344
0.164062
0.000000
0.246094
0.101562
0.000000
-0.031250
0.199219
0.019531
0.039062
0.000000
0.003906
0.031250
0.000000
0.160156
-0.101562
-0.171875
-0.140625
-0.203125
0.035156
1.105469
0.007812
-0.019531
-0.035156
-0.089844
-0.023438
1.074219
0.027344
-0.015625
-0.023438
0.101562
-0.015625
-0.058594
-0.066406
-0.015625
0.597656
0.003906
0.449219
-0.027344
0.085938
-0.039062
0.421875
0.117188
-0.035156
0.160156
0.062500
-0.074219
0.156250
0.003906
0.003906
0.015625
0.000000
0.007812
-0.042969
-0.101562
0.046875
0.062500
0.039062
-0.066406
0.000000
0.980469
0.097656
-0.042969
-0.003906
0.156250
0.160156
0.570312
0.089844
-0.507812
-0.113281
0.902344
-0.007812
0.019531
0.117188
0.007812
0.570312
-0.019531
0.167969
0.007812
0.023438
-0.007812
0.253906
0.082031
0.031250
0.343750
0.019531
-0.023438
0.156250
0.031250
0.097656
-0.042969
0.023438
-0.031250
0.000000
0.019531
-0.050781
-0.066406
-0.046875
0.023438
0.578125
0.000000
-0.031250
-0.050781
0.007812
0.046875
-0.019531
0.066406
0.003906
0.523438
0.093750
0.175781
0.121094
0.214844
-0.031250
0.554688
0.062500
0.058594
-0.117188
0.082031
-0.054688
-0.007812
0.019531
-0.082031
0.398438
-0.007812
0.007812
0.113281
0.031250
0.117188
0.171875
0.039062
0.164062
-0.117188
0.035156
1.042969
0.003906
-0.003906
-0.062500
0.000000
-0.101562
0.031250
-0.019531
-0.039062
-0.007812
0.054688
0.019531
0.148438
0.003906
0.746094
-0.066406
0.035156
-0.003906
0.015625
0.000000
-0.023438
0.011719
0.300781
0.089844
0.046875
0.042969
0.578125
0.707031
0.011719
-0.042969
0.082031
-0.027344
0.003906
0.089844
-0.007812
-0.078125
0.039062
0.066406
-0.003906
0.691406
-0.050781
0.125000
-0.003906
0.273438
0.093750
0.007812
-0.019531
-0.066406
0.011719
-0.003906
0.046875
0.035156
0.988281
-0.007812
-0.011719
0.050781
-0.050781
0.035156
0.734375
-0.074219
0.089844
0.046875
0.035156
0.007812
0.082031
-0.011719
0.003906
1.027344
0.031250
-0.003906
-0.035156
-0.140625
0.007812
0.078125
0.039062
0.011719
0.027344
-0.062500
0.042969
0.015625
0.011719
0.109375
0.992188
0.121094
0.144531
0.015625
-0.089844
0.359375
0.062500
0.191406
0.015625
-0.097656
0.011719
0.222656
0.062500
0.019531
-0.074219
-0.046875
0.031250
0.011719
1.007812
-0.042969
0.050781
-0.027344
0.027344
-0.023438
-0.046875
0.003906
-0.046875
0.000000
-0.074219
-0.082031
0.308594
-0.054688
0.085938
0.144531
0.496094
0.054688
-0.019531
-0.027344
0.007812
0.035156
0.335938
0.062500
0.617188
-0.015625
-0.035156
0.121094
-0.019531
-0.066406
-0.007812
-0.007812
0.085938
0.003906
0.015625
0.070312
0.914062
0.089844
-0.035156
0.058594
-0.042969
0.417969
0.019531
0.367188
0.039062
0.078125
-0.015625
0.480469
-0.058594
0.070312
0.132812
0.000000
-0.042969
0.136719
-0.019531
0.062500
0.039062
-0.046875
0.003906
0.000000
0.054688
0.019531
-0.050781
-0.015625
1.046875
-0.062500
-0.062500
0.078125
1.140625
-0.054688
-0.191406
0.039062
0.046875
0.007812
-0.054688
0.035156
0.023438
0.015625
0.003906
0.039062
0.078125
-0.035156
-0.089844
0.042969
0.035156
0.070312
-0.054688
1.171875
0.011719
-0.027344
-0.113281
-0.156250
0.117188
0.062500
0.109375
-0.136719
-0.035156
-0.066406
0.019531
-0.066406
-0.082031
0.015625
0.140625
0.058594
0.050781
0.382812
0.054688
0.027344
-0.011719
-0.042969
-0.050781
0.152344
0.000000
0.238281
-0.125000
0.378906
0.000000
-0.105469
0.089844
0.316406
-0.082031
0.445312
0.046875
0.242188
-0.031250
0.000000
0.031250
0.042969
-0.058594
0.546875
-0.019531
0.097656
0.007812
0.175781
0.062500
0.011719
0.007812
0.074219
0.074219
-0.097656
-0.023438
-0.007812
0.277344
0.011719
0.371094
0.007812
0.285156
-0.085938
0.078125
0.093750
-0.027344
0.093750
0.050781
0.117188
0.074219
0.523438
-0.035156
0.218750
-0.054688
0.488281
0.414062
0.031250
0.101562
0.250000
0.027344
-0.121094
-0.078125
0.019531
-0.003906
0.441406
-0.078125
0.335938
0.035156
0.277344
-0.039062
0.097656
0.097656
-0.054688
-0.027344
0.292969
0.031250
0.648438
0.007812
0.164062
-0.015625
-0.066406
-0.097656
0.125000
-0.042969
0.031250
0.042969
0.429688
0.015625
0.386719
-0.066406
0.121094
0.070312
0.000000
-0.058594
0.019531
-0.011719
0.000000
-0.031250
0.074219
0.105469
0.007812
1.066406
-0.015625
0.011719
-0.007812
0.003906
0.007812
0.164062
-0.011719
0.722656
0.015625
0.113281
0.156250
0.007812
0.027344
0.796875
0.003906
0.054688
-0.058594
0.019531
0.015625
0.007812
0.023438
0.015625
0.070312
0.007812
0.527344
-0.011719
0.082031
0.046875
0.019531
0.000000
0.054688
-0.078125
0.105469
-0.031250
-0.003906
0.566406
0.183594
0.093750
0.035156
0.210938
-0.019531
0.039062
0.031250
0.011719
0.597656
-0.011719
0.199219
-0.003906
-0.007812
0.054688
-0.101562
0.007812
-0.117188
0.160156
-0.031250
1.019531
-0.003906
-0.011719
-0.027344
-0.031250
-0.039062
0.835938
0.035156
0.019531
0.058594
-0.027344
0.000000
0.046875
0.011719
0.000000
0.046875
0.089844
-0.031250
0.027344
0.000000
0.093750
-0.011719
0.058594
-0.007812
0.859375
-0.074219
0.058594
0.109375
0.066406
0.027344
0.894531
-0.050781
0.281250
-0.031250
-0.101562
0.585938
-0.023438
0.007812
0.078125
0.000000
0.000000
0.066406
-0.003906
-0.031250
0.000000
-0.117188
0.000000
0.023438
0.000000
0.011719
1.027344
0.015625
0.070312
-0.007812
-0.066406
0.058594
0.039062
0.207031
-0.054688
-0.097656
-0.066406
0.132812
0.007812
0.246094
0.042969
0.000000
0.113281
0.000000
0.027344
0.546875
0.011719
0.187500
0.027344
0.109375
0.003906
-0.007812
0.992188
0.003906
0.027344
-0.003906
-0.015625
0.011719
-0.042969
-0.015625
0.019531
0.039062
-0.113281
0.000000
-0.070312
-0.027344
-0.281250
0.031250
0.453125
0.070312
0.710938
0.000000
-0.023438
-0.035156
0.050781
-0.062500
-0.070312
-0.125000
0.019531
0.000000
1.015625
0.164062
0.144531
-0.082031
0.562500
0.039062
0.000000
0.023438
0.031250
0.035156
-0.042969
-0.074219
0.031250
-0.035156
0.527344
0.261719
0.027344
0.113281
0.000000
0.031250
0.000000
0.105469
0.179688
0.000000
0.683594
0.101562
-0.035156
0.054688
-0.058594
0.027344
-0.015625
0.015625
-0.015625
0.101562
0.011719
0.187500
0.015625
0.261719
0.003906
0.187500
-0.015625
-0.078125
0.171875
-0.046875
-0.101562
0.105469
-0.027344
-0.007812
-0.082031
-0.078125
1.066406
0.207031
0.621094
0.003906
-0.007812
0.265625
-0.066406
0.000000
-0.003906
-0.039062
0.031250
0.242188
0.191406
-0.027344
0.378906
0.210938
-0.078125
0.042969
0.050781
-0.015625
0.011719
0.078125
0.035156
-0.089844
0.871094
0.011719
0.117188
0.046875
0.019531
0.000000
0.031250
0.003906
-0.007812
0.000000
0.007812
-0.042969
0.074219
0.007812
-0.078125
-0.054688
0.964844
-0.187500
-0.050781
-0.039062
-0.031250
0.097656
1.203125
0.027344
-0.171875
0.074219
-0.132812
-0.023438
-0.070312
0.078125
0.089844
0.656250
-0.031250
0.359375
-0.019531
0.011719
0.015625
0.042969
-0.011719
0.003906
0.042969
-0.062500
0.144531
0.066406
0.066406
0.445312
0.019531
0.093750
0.042969
0.863281
-0.003906
-0.089844
0.050781
0.000000
-0.003906
-0.019531
0.019531
0.046875
0.175781
0.074219
-0.093750
0.832031
0.007812
-0.136719
0.062500
-0.125000
0.023438
0.039062
0.835938
-0.007812
0.039062
0.011719
-0.042969
0.011719
0.097656
-0.031250
0.011719
0.027344
0.027344
0.101562
-0.007812
0.628906
-0.003906
0.128906
-0.003906
-0.003906
-0.023438
1.246094
0.011719
-0.074219
0.085938
-0.226562
0.050781
-0.058594
0.000000
-0.171875
0.054688
0.406250
-0.042969
0.007812
0.203125
0.082031
0.050781
0.320312
0.058594
0.007812
-0.031250
-0.027344
0.050781
-0.007812
0.000000
0.027344
0.074219
0.015625
0.921875
0.062500
0.054688
-0.003906
0.027344
-0.003906
-0.062500
0.007812
0.121094
0.027344
-0.007812
0.062500
0.609375
0.714844
-0.085938
-0.105469
0.261719
-0.148438
-0.003906
0.339844
-0.152344
0.113281
0.066406
0.160156
0.101562
0.066406
0.410156
-0.007812
-0.023438
0.000000
0.097656
-0.144531
0.070312
0.031250
0.367188
0.023438
0.472656
-0.160156
0.050781
-0.070312
0.312500
0.078125
0.082031
-0.121094
0.078125
0.656250
0.070312
0.121094
0.082031
0.023438
-0.015625
0.097656
0.054688
-0.085938
0.628906
0.003906
0.417969
0.101562
0.000000
-0.027344
0.109375
-0.093750
0.015625
0.339844
-0.054688
-0.074219
0.109375
0.062500
0.011719
0.175781
0.011719
0.062500
-0.027344
-0.074219
0.011719
0.000000
0.078125
-0.027344
0.054688
-0.007812
0.015625
0.136719
0.800781
0.085938
0.035156
0.246094
-0.121094
-0.023438
0.148438
0.199219
0.097656
0.476562
-0.035156
0.085938
0.664062
-0.039062
0.015625
0.218750
0.007812
0.003906
-0.066406
-0.011719
0.015625
0.156250
0.167969
-0.050781
0.664062
-0.066406
0.000000
0.015625
-0.003906
0.003906
-0.007812
-0.089844
-0.023438
-0.007812
0.027344
0.074219
0.378906
-0.078125
0.605469
-0.070312
-0.125000
0.160156
-0.011719
0.117188
0.578125
0.011719
-0.097656
0.054688
0.046875
0.222656
-0.101562
0.074219
-0.019531
0.015625
0.062500
-0.003906
0.191406
0.000000
0.007812
-0.062500
0.941406
-0.007812
0.000000
-0.097656
0.042969
-0.027344
0.031250
-0.058594
-0.011719
-0.027344
1.062500
0.039062
0.023438
-0.011719
0.031250
-0.015625
0.546875
-0.058594
0.320312
0.000000
0.222656
-0.007812
0.000000
0.359375
0.015625
0.593750
0.031250
0.136719
-0.089844
0.000000
0.000000
0.039062
0.019531
0.617188
0.000000
0.187500
-0.089844
0.250000
0.023438
0.050781
0.003906
-0.042969
-0.031250
0.031250
1.082031
0.042969
0.000000
0.019531
0.078125
-0.046875
-0.027344
0.062500
-0.007812
0.261719
0.019531
0.105469
-0.082031
0.261719
0.062500
0.117188
0.011719
-0.093750
-0.011719
0.128906
-0.031250
0.128906
0.117188
0.289062
0.039062
0.558594
0.027344
0.066406
-0.035156
-0.054688
0.023438
-0.011719
0.113281
0.093750
0.171875
0.542969
0.015625
0.042969
-0.082031
-0.054688
0.058594
-0.109375
1.191406
0.171875
0.085938
0.195312
-0.035156
0.101562
0.117188
-0.062500
0.046875
0.000000
0.847656
0.011719
0.152344
-0.027344
-0.085938
-0.054688
1.042969
-0.082031
-0.078125
0.000000
0.050781
0.003906
-0.062500
0.000000
0.015625
0.093750
-0.003906
-0.007812
-0.003906
0.148438
0.050781
0.082031
-0.023438
0.519531
0.046875
0.035156
0.023438
-0.046875
0.003906
0.000000
0.097656
0.066406
-0.050781
0.695312
-0.058594
0.039062
-0.050781
-0.097656
0.054688
0.023438
0.734375
-0.019531
0.148438
0.050781
0.093750
-0.066406
-0.046875
-0.003906
0.164062
-0.015625
0.175781
0.070312
0.480469
0.082031
0.214844
-0.070312
-0.062500
0.054688
-0.019531
-0.019531
0.062500
0.019531
-0.132812
0.046875
0.988281
-0.027344
0.011719
0.000000
0.007812
0.023438
0.265625
0.027344
0.218750
0.023438
0.640625
0.226562
-0.046875
-0.023438
0.785156
-0.105469
0.023438
0.019531
-0.007812
0.101562
0.003906
-0.027344
0.070312
-0.074219
0.156250
0.527344
-0.031250
0.261719
0.011719
0.000000
0.027344
0.093750
0.039062
0.097656
0.046875
0.199219
0.062500
0.382812
-0.046875
0.140625
-0.035156
0.140625
0.011719
0.375000
0.082031
0.125000
0.000000
0.312500
0.000000
-0.074219
-0.015625
-0.015625
0.050781
0.000000
0.011719
0.070312
0.355469
-0.042969
0.691406
0.156250
-0.132812
0.015625
0.031250
-0.027344
-0.050781
0.046875
-0.054688
0.031250
-0.046875
-0.082031
1.046875
-0.042969
0.000000
0.253906
-0.015625
0.617188
0.054688
0.175781
-0.019531
-0.105469
-0.109375
0.175781
-0.039062
0.117188
-0.054688
0.003906
0.035156
0.238281
0.066406
0.179688
0.089844
0.031250
-0.058594
-0.058594
-0.035156
0.031250
0.019531
0.054688
0.667969
-0.125000
0.324219
0.000000
0.050781
-0.039062
0.050781
0.023438
0.707031
-0.042969
0.148438
0.066406
-0.042969
0.023438
0.082031
-0.066406
0.175781
0.609375
-0.007812
0.179688
0.007812
-0.031250
-0.011719
0.000000
0.054688
0.000000
-0.027344
0.035156
-0.070312
0.027344
1.003906
-0.062500
0.003906
0.101562
-0.035156
0.207031
-0.003906
0.273438
0.000000
0.394531
0.035156
0.144531
-0.046875
0.046875
1.058594
0.000000
-0.054688
0.031250
0.046875
-0.035156
-0.023438
-0.011719
0.015625
0.000000
0.019531
0.125000
-0.050781
0.746094
-0.027344
0.144531
0.019531
0.089844
0.015625
-0.113281
0.082031
0.214844
-0.007812
0.476562
-0.031250
0.335938
-0.011719
0.042969
-0.050781
-0.023438
0.117188
0.558594
0.035156
0.121094
0.101562
0.148438
-0.050781
-0.019531
0.007812
0.679688
0.152344
0.097656
0.082031
-0.023438
-0.023438
0.066406
-0.011719
-0.039062
0.011719
-0.003906
0.058594
0.015625
0.070312
-0.031250
-0.062500
-0.035156
0.085938
0.039062
0.792969
0.351562
0.031250
0.074219
0.109375
0.156250
-0.023438
0.316406
0.101562
0.019531
-0.011719
0.476562
0.023438
-0.097656
0.218750
0.003906
-0.011719
0.167969
-0.062500
-0.042969
0.105469
0.042969
0.070312
-0.074219
0.027344
-0.023438
0.847656
0.019531
0.117188
0.140625
-0.039062
-0.023438
0.886719
-0.039062
0.035156
0.000000
0.070312
0.011719
0.070312
0.058594
-0.007812
-0.039062
0.820312
-0.023438
0.156250
0.007812
0.078125
-0.054688
0.000000
0.015625
0.015625
0.054688
-0.042969
-0.015625
-0.027344
0.000000
0.406250
0.003906
0.472656
0.171875
0.000000
-0.046875
-0.015625
0.031250
-0.003906
0.042969
0.117188
0.046875
-0.109375
0.761719
0.058594
0.093750
0.046875
0.027344
0.894531
-0.039062
0.058594
-0.027344
-0.019531
-0.007812
-0.054688
-0.058594
-0.011719
0.480469
0.050781
0.191406
-0.011719
0.195312
0.023438
-0.050781
0.003906
0.062500
0.023438
0.183594
0.097656
0.140625
0.171875
0.339844
-0.019531
0.019531
-0.003906
0.046875
-0.113281
0.660156
-0.035156
0.046875
-0.070312
0.101562
-0.074219
0.066406
0.152344
0.871094
0.035156
0.000000
0.031250
-0.031250
-0.027344
0.101562
0.007812
-0.015625
0.015625
0.605469
-0.113281
0.164062
0.105469
-0.046875
0.070312
0.207031
0.175781
-0.007812
0.000000
0.000000
0.027344
0.183594
-0.054688
0.519531
0.039062
0.261719
0.050781
0.027344
-0.042969
0.027344
-0.082031
-0.031250
-0.046875
-0.007812
0.195312
-0.023438
0.128906
-0.007812
0.972656
-0.035156
-0.015625
-0.027344
0.101562
0.054688
0.628906
0.023438
0.074219
0.195312
-0.031250
0.093750
0.027344
0.515625
0.019531
0.078125
0.101562
0.281250
0.000000
0.042969
-0.039062
0.097656
0.023438
0.105469
0.031250
0.312500
0.039062
0.371094
0.046875
0.054688
0.011719
-0.023438
-0.027344
0.007812
-0.050781
0.730469
-0.019531
0.324219
-0.007812
0.031250
-0.015625
0.019531
-0.039062
0.093750
-0.097656
0.773438
0.046875
0.261719
0.082031
-0.070312
-0.050781
0.511719
-0.113281
0.246094
0.128906
-0.023438
-0.097656
0.308594
-0.058594
0.066406
0.078125
0.109375
0.902344
-0.078125
-0.054688
0.136719
-0.023438
0.019531
-0.031250
-0.031250
-0.027344
0.074219
-0.074219
-0.003906
-0.101562
-0.015625
1.417969
0.066406
-0.234375
-0.148438
0.011719
0.015625
0.085938
0.128906
0.062500
0.183594
0.117188
0.230469
0.046875
0.089844
-0.085938
-0.062500
-0.027344
-0.027344
-0.027344
0.035156
0.039062
-0.031250
1.171875
0.082031
-0.117188
0.000000
0.121094
-0.089844
0.066406
0.011719
0.234375
0.031250
-0.132812
0.984375
-0.011719
0.156250
0.031250
0.222656
0.000000
0.160156
0.054688
0.421875
0.000000
0.109375
-0.003906
0.054688
-0.011719
-0.023438
0.050781
0.031250
0.035156
0.011719
0.972656
-0.003906
-0.074219
-0.046875
0.000000
-0.042969
-0.039062
0.046875
0.113281
0.023438
0.953125
0.000000
-0.023438
1.027344
0.035156
0.269531
0.074219
-0.203125
-0.039062
-0.039062
0.089844
-0.082031
-0.054688
-0.089844
0.074219
0.066406
-0.109375
0.031250
0.058594
-0.070312
0.199219
0.792969
-0.003906
-0.046875
0.015625
0.070312
0.062500
0.390625
-0.007812
0.335938
-0.027344
0.175781
-0.042969
0.621094
-0.093750
-0.144531
0.367188
-0.082031
-0.007812
0.113281
0.007812
-0.046875
0.007812
0.042969
-0.070312
0.000000
-0.023438
0.582031
-0.011719
0.335938
-0.007812
0.085938
0.003906
-0.003906
0.023438
-0.019531
0.066406
0.000000
0.414062
0.039062
-0.003906
0.011719
0.675781
0.156250
0.792969
0.007812
-0.019531
0.125000
-0.082031
-0.007812
0.000000
-0.031250
-0.011719
-0.039062
-0.066406
0.429688
0.214844
0.457031
-0.054688
-0.062500
-0.019531
-0.152344
-0.035156
0.019531
0.910156
-0.031250
-0.007812
0.054688
0.023438
-0.011719
0.003906
0.027344
0.000000
-0.062500
0.007812
-0.015625
-0.015625
-0.015625
0.015625
0.019531
0.796875
0.046875
0.156250
0.000000
0.054688
0.066406
0.000000
0.371094
0.000000
0.312500
0.003906
0.082031
-0.003906
-0.019531
-0.027344
0.031250
0.980469
-0.035156
0.070312
-0.066406
-0.039062
-0.023438
0.000000
-0.062500
-0.023438
0.277344
-0.078125
0.476562
0.011719
0.363281
-0.093750
0.164062
-0.007812
0.007812
0.054688
0.132812
-0.050781
-0.035156
-0.109375
0.117188
-0.046875
-0.082031
0.996094
0.011719
-0.011719
-0.011719
0.015625
-0.011719
-0.050781
-0.019531
0.199219
0.035156
0.871094
0.023438
0.031250
0.480469
0.015625
0.148438
-0.066406
0.332031
0.097656
0.089844
0.000000
0.039062
-0.074219
0.007812
-0.042969
0.675781
0.000000
0.332031
-0.058594
-0.011719
0.039062
-0.015625
0.062500
-0.070312
0.085938
0.707031
0.046875
0.160156
0.046875
-0.093750
0.003906
-0.054688
0.003906
-0.011719
1.050781
-0.058594
0.050781
0.085938
-0.097656
-0.011719
0.066406
0.242188
0.175781
-0.144531
0.449219
0.187500
0.011719
0.074219
-0.058594
-0.003906
0.003906
0.089844
-0.160156
-0.101562
0.121094
0.007812
0.628906
-0.015625
0.628906
-0.093750
-0.203125
-0.031250
0.039062
0.011719
0.000000
0.023438
0.312500
-0.011719
0.695312
0.023438
-0.062500
-0.023438
0.070312
0.066406
-0.148438
0.105469
1.218750
0.078125
-0.363281
0.042969
0.175781
-0.062500
0.000000
0.855469
-0.003906
0.148438
0.031250
0.050781
0.003906
0.039062
0.050781
0.003906
-0.011719
-0.011719
-0.003906
-0.023438
0.171875
-0.007812
0.972656
-0.160156
-0.046875
0.058594
0.007812
0.000000
-0.035156
-0.003906
-0.046875
0.035156
0.000000
0.687500
0.027344
-0.050781
0.121094
0.035156
-0.109375
0.070312
-0.105469
0.039062
-0.125000
-0.050781
0.957031
-0.007812
0.031250
-0.054688
0.000000
-0.011719
0.156250
-0.035156
0.015625
0.078125
0.691406
-0.101562
0.039062
0.621094
0.074219
0.226562
-0.035156
0.078125
-0.011719
-0.050781
-0.070312
-0.054688
0.035156
0.023438
0.027344
-0.015625
0.144531
-0.007812
0.851562
-0.078125
-0.062500
0.023438
0.050781
-0.105469
0.042969
0.074219
0.253906
0.019531
-0.011719
0.992188
0.062500
-0.019531
-0.003906
0.007812
0.039062
0.003906
0.050781
0.011719
0.972656
0.015625
-0.062500
-0.054688
0.011719
-0.003906
-0.070312
0.046875
0.000000
-0.054688
0.992188
0.105469
-0.003906
-0.101562
0.031250
-0.085938
0.027344
0.015625
0.652344
0.027344
0.449219
0.113281
-0.164062
-0.109375
0.054688
0.136719
-0.105469
0.019531
0.054688
0.105469
0.136719
0.574219
0.007812
-0.066406
0.000000
0.000000
0.000000
0.046875
0.140625
0.003906
1.000000
-0.078125
-0.070312
0.003906
-0.031250
0.085938
-0.011719
0.488281
-0.003906
0.390625
0.019531
0.035156
-0.015625
0.015625
-0.015625
0.152344
0.050781
0.332031
-0.039062
0.390625
-0.007812
0.140625
0.031250
-0.019531
-0.042969
0.035156
-0.042969
-0.011719
0.160156
-0.023438
-0.019531
-0.050781
0.757812
0.660156
-0.023438
-0.144531
-0.027344
0.210938
0.105469
0.285156
-0.070312
0.000000
-0.011719
0.023438
1.246094
0.019531
-0.078125
-0.027344
-0.050781
0.011719
-0.054688
0.039062
-0.003906
0.046875
0.113281
-0.117188
-0.035156
0.074219
0.019531
-0.039062
-0.132812
1.449219
-0.015625
-0.023438
0.031250
-0.035156
0.031250
0.000000
0.128906
0.015625
0.957031
-0.035156
-0.042969
0.039062
0.121094
-0.042969
0.023438
-0.003906
0.773438
-0.039062
-0.289062
-0.070312
0.480469
0.105469
0.062500
0.277344
-0.097656
0.273438
0.023438
0.292969
0.031250
0.101562
0.019531
0.003906
0.015625
0.117188
-0.078125
-0.046875
1.011719
-0.121094
-0.257812
0.023438
0.257812
0.097656
0.046875
-0.035156
0.476562
0.046875
0.019531
0.175781
0.062500
0.011719
0.109375
-0.019531
-0.113281
-0.027344
-0.003906
0.019531
0.007812
0.117188
0.878906
-0.085938
0.000000
-0.160156
0.289062
0.269531
-0.296875
0.765625
0.015625
0.542969
0.140625
-0.363281
-0.078125
-0.019531
-0.062500
0.253906
0.082031
0.367188
-0.007812
0.324219
-0.011719
-0.097656
0.027344
0.003906
-0.015625
0.062500
0.148438
0.000000
0.792969
-0.039062
0.187500
0.062500
-0.039062
0.007812
0.042969
-0.105469
0.074219
0.031250
1.132812
-0.121094
0.269531
0.019531
0.023438
0.007812
-0.011719
0.140625
0.015625
0.460938
-0.093750
0.335938
0.011719
0.097656
-0.031250
0.000000
-0.035156
-0.019531
0.042969
0.000000
0.273438
0.046875
0.128906
0.023438
0.421875
-0.058594
0.015625
-0.062500
0.042969
-0.011719
-0.054688
-0.015625
0.128906
-0.027344
0.890625
0.109375
0.710938
-0.011719
0.101562
0.023438
0.058594
-0.035156
-0.031250
0.042969
-0.015625
0.023438
0.000000
0.003906
0.015625
-0.035156
0.074219
-0.039062
0.062500
0.062500
0.855469
-0.066406
-0.089844
-0.058594
0.015625
0.007812
1.289062
-0.132812
-0.113281
-0.093750
-0.183594
-0.003906
0.039062
0.035156
0.023438
-0.082031
0.128906
-0.074219
-0.203125
0.011719
0.867188
-0.039062
0.015625
0.113281
-0.007812
0.406250
0.054688
0.417969
-0.066406
0.054688
0.042969
0.007812
0.058594
0.015625
0.117188
0.597656
0.011719
0.117188
0.000000
-0.015625
0.078125
-0.027344
1.195312
0.046875
-0.078125
-0.039062
-0.019531
-0.074219
-0.007812
0.015625
0.011719
-0.050781
-0.007812
-0.039062
0.027344
0.062500
0.308594
0.027344
0.261719
0.046875
0.320312
0.019531
0.101562
-0.039062
0.019531
-0.003906
0.054688
-0.113281
-0.003906
1.210938
0.023438
-0.058594
-0.003906
0.089844
0.867188
0.011719
0.042969
-0.007812
-0.023438
-0.007812
0.035156
0.035156
0.007812
0.031250
-0.011719
-0.070312
0.605469
-0.171875
-0.109375
0.164062
0.410156
-0.011719
1.019531
0.039062
0.062500
0.000000
-0.023438
-0.023438
-0.015625
0.000000
0.003906
0.097656
0.113281
0.089844
-0.144531
0.187500
-0.179688
0.125000
0.121094
0.636719
-0.105469
0.035156
0.019531
0.191406
-0.003906
0.355469
-0.023438
0.417969
0.027344
0.023438
0.000000
0.023438
0.011719
-0.046875
-0.015625
-0.125000
0.925781
0.007812
-0.351562
0.097656
0.472656
0.234375
0.027344
-0.003906
0.332031
0.023438
0.390625
-0.015625
0.121094
0.093750
-0.074219
0.058594
-0.011719
0.863281
-0.015625
0.085938
0.007812
0.113281
0.019531
-0.054688
-0.066406
-0.175781
0.074219
0.035156
0.976562
0.046875
0.082031
-0.148438
0.054688
-0.031250
0.011719
0.054688
0.023438
0.000000
0.023438
0.019531
0.171875
0.097656
0.664062
0.089844
0.007812
-0.046875
1.027344
0.039062
0.000000
0.011719
-0.042969
-0.035156
0.019531
0.015625
0.000000
0.007812
0.824219
0.007812
0.082031
0.132812
0.039062
-0.093750
0.011719
-0.050781
0.035156
-0.007812
0.980469
-0.023438
-0.011719
0.007812
-0.039062
0.000000
0.042969
-0.007812
-0.011719
0.105469
0.058594
0.085938
-0.031250
0.027344
-0.019531
0.144531
-0.046875
0.863281
0.039062
0.015625
-0.062500
0.027344
0.015625
0.035156
0.101562
0.015625
0.867188
-0.144531
0.101562
-0.085938
0.031250
-0.015625
0.039062
0.031250
0.710938
-0.066406
0.546875
-0.183594
-0.187500
-0.109375
0.027344
0.093750
0.089844
0.378906
-0.058594
0.328125
-0.023438
0.089844
0.000000
0.019531
0.027344
-0.003906
0.488281
0.328125
0.054688
0.144531
0.007812
0.031250
0.027344
-0.011719
0.160156
0.281250
-0.078125
0.484375
0.023438
0.125000
0.089844
-0.019531
-0.058594
0.000000
0.015625
0.019531
0.011719
-0.058594
-0.179688
-0.042969
0.898438
0.007812
0.101562
0.644531
0.000000
0.101562
0.042969
-0.097656
-0.015625
0.078125
-0.027344
0.019531
0.000000
0.613281
0.000000
0.003906
0.175781
-0.066406
-0.066406
0.070312
-0.015625
0.074219
0.011719
-0.054688
0.000000
-0.054688
-0.019531
0.058594
0.863281
-0.054688
-0.062500
0.093750
0.070312
0.203125
0.164062
-0.023438
0.601562
-0.011719
-0.042969
0.050781
0.027344
0.019531
-0.023438
-0.066406
0.093750
0.082031
-0.050781
0.671875
-0.058594
0.265625
0.000000
0.160156
-0.035156
0.039062
0.023438
-0.003906
0.050781
-0.070312
-0.019531
-0.042969
-0.015625
0.828125
-0.035156
0.281250
-0.042969
0.214844
0.074219
0.210938
0.000000
0.414062
0.003906
0.027344
-0.003906
-0.039062
-0.007812
0.000000
0.011719
0.031250
0.449219
-0.003906
0.445312
-0.062500
-0.027344
0.015625
-0.011719
0.433594
0.042969
0.468750
-0.015625
0.171875
-0.082031
-0.054688
-0.027344
-0.074219
0.023438
0.007812
0.011719
0.058594
0.191406
0.000000
0.949219
0.000000
-0.062500
0.324219
0.042969
-0.105469
0.371094
0.058594
-0.027344
0.183594
-0.070312
0.042969
0.031250
0.144531
-0.085938
0.632812
0.179688
-0.023438
-0.039062
0.199219
-0.023438
-0.078125
-0.019531
0.140625
0.218750
0.015625
0.644531
0.085938
0.015625
0.000000
0.007812
0.000000
-0.015625
0.003906
0.054688
0.257812
-0.031250
0.601562
0.000000
0.179688
0.003906
-0.078125
0.042969
0.027344
0.000000
-0.027344
0.023438
-0.027344
-0.023438
0.027344
1.046875
0.113281
-0.078125
0.089844
-0.011719
-0.046875
0.101562
0.011719
0.046875
-0.039062
-0.109375
1.367188
0.058594
0.804688
-0.097656
-0.070312
-0.058594
0.097656
0.027344
0.355469
-0.027344
-0.042969
0.007812
-0.046875
0.031250
0.011719
0.042969
0.000000
0.308594
0.031250
0.664062
0.027344
0.136719
0.929688
-0.031250
-0.011719
-0.046875
-0.128906
0.035156
0.187500
-0.062500
0.000000
-0.011719
-0.042969
0.015625
-0.015625
0.121094
0.000000
0.015625
-0.121094
-0.132812
0.207031
0.914062
-0.078125
0.023438
-0.058594
0.070312
-0.054688
0.972656
-0.250000
-0.015625
-0.101562
0.007812
-0.015625
-0.019531
-0.156250
0.105469
0.085938
0.101562
-0.019531
0.062500
0.976562
-0.019531
0.347656
-0.039062
-0.136719
-0.160156
0.160156
-0.023438
0.218750
-0.132812
0.121094
-0.007812
-0.019531
0.019531
-0.007812
-0.035156
0.000000
0.011719
0.023438
0.976562
0.050781
-0.023438
0.171875
0.097656
-0.023438
0.484375
-0.062500
0.113281
-0.007812
0.113281
0.207031
-0.066406
-0.132812
-0.011719
0.039062
0.039062
0.042969
0.390625
0.039062
-0.054688
0.171875
0.535156
0.921875
0.023438
-0.031250
0.042969
-0.085938
0.035156
0.089844
0.031250
-0.085938
0.050781
-0.003906
0.062500
-0.082031
0.042969
0.062500
-0.089844
-0.039062
-0.039062
-0.046875
1.035156
-0.007812
-0.015625
0.003906
0.074219
0.000000
0.007812
-0.003906
0.820312
0.148438
0.000000
-0.066406
-0.066406
-0.082031
0.953125
0.000000
0.007812
-0.003906
0.054688
0.000000
0.062500
0.628906
0.183594
0.011719
0.074219
0.050781
0.023438
0.171875
0.085938
0.019531
-0.019531
0.367188
-0.074219
-0.011719
0.015625
-0.015625
0.039062
0.117188
-0.011719
-0.007812
0.050781
-0.085938
-0.023438
-0.132812
-0.062500
0.011719
1.062500
0.058594
0.187500
-0.007812
0.070312
0.000000
0.035156
-0.011719
0.000000
-0.027344
-0.078125
-0.035156
0.867188
0.050781
0.089844
-0.160156
-0.078125
0.113281
-0.027344
-0.015625
0.261719
0.125000
-0.171875
0.765625
-0.011719
-0.082031
0.062500
0.300781
-0.046875
0.515625
-0.027344
0.164062
0.042969
-0.031250
-0.039062
-0.003906
-0.031250
0.000000
0.761719
0.074219
0.042969
-0.007812
0.050781
0.011719
0.011719
-0.074219
1.222656
0.085938
-0.132812
-0.031250
-0.054688
-0.046875
0.035156
-0.027344
0.015625
0.015625
0.042969
0.101562
0.062500
-0.007812
0.074219
0.023438
0.015625
-0.003906
0.902344
0.921875
-0.003906
-0.050781
-0.121094
-0.003906
0.019531
0.234375
-0.031250
-0.050781
-0.019531
-0.003906
-0.039062
0.714844
-0.046875
0.199219
-0.015625
0.324219
0.070312
0.027344
-0.039062
0.011719
-0.050781
0.039062
0.035156
0.000000
-0.074219
-0.003906
-0.003906
0.070312
0.882812
0.000000
1.011719
-0.039062
-0.070312
0.011719
0.031250
-0.019531
-0.003906
0.000000
-0.046875
0.050781
0.300781
-0.027344
0.414062
-0.042969
0.125000
0.003906
0.070312
0.230469
0.050781
0.191406
-0.003906
0.148438
0.054688
0.230469
-0.019531
0.437500
0.011719
0.000000
-0.035156
0.390625
0.003906
0.058594
0.167969
0.406250
0.136719
0.265625
0.003906
-0.003906
0.046875
0.074219
0.082031
-0.136719
0.363281
0.417969
0.074219
0.156250
-0.035156
0.097656
-0.035156
0.203125
0.078125
-0.039062
0.132812
0.195312
-0.027344
0.058594
0.000000
0.281250
-0.050781
-0.007812
-0.093750
0.160156
0.101562
0.332031
0.023438
0.441406
-0.015625
0.152344
-0.054688
0.093750
0.000000
0.710938
-0.007812
0.023438
0.023438
0.238281
-0.007812
0.062500
-0.011719
-0.039062
0.074219
-0.152344
0.375000
0.433594
0.039062
0.171875
-0.070312
0.046875
0.050781
-0.117188
0.070312
0.128906
-0.125000
0.023438
0.250000
0.031250
-0.113281
0.964844
0.007812
0.035156
0.050781
0.062500
-0.066406
0.328125
-0.031250
0.468750
-0.011719
0.031250
0.082031
0.042969
-0.011719
0.285156
0.140625
0.226562
0.015625
0.335938
0.003906
0.070312
0.058594
-0.011719
0.011719
0.035156
0.066406
0.015625
0.097656
-0.085938
0.062500
-0.035156
0.863281
0.058594
0.050781
-0.062500
0.078125
0.003906
0.695312
0.011719
0.343750
0.058594
0.085938
0.480469
-0.007812
-0.042969
0.199219
0.128906
-0.019531
0.238281
0.070312
0.027344
-0.011719
0.019531
1.199219
-0.054688
-0.179688
-0.023438
0.019531
0.027344
-0.023438
-0.015625
0.027344
-0.019531
0.015625
0.027344
0.007812
-0.027344
0.335938
0.058594
-0.132812
0.613281
-0.015625
0.042969
0.023438
0.214844
0.019531
0.234375
-0.019531
0.281250
0.003906
0.035156
0.000000
0.105469
-0.066406
-0.031250
0.113281
0.359375
0.007812
0.109375
0.058594
0.160156
0.054688
0.160156
0.621094
0.000000
0.140625
0.042969
0.015625
0.050781
0.046875
0.023438
0.023438
0.011719
-0.035156
0.195312
0.019531
0.589844
0.015625
0.160156
-0.039062
0.003906
0.027344
0.085938
0.015625
0.250000
-0.035156
0.203125
-0.085938
0.277344
0.117188
0.132812
-0.066406
0.023438
-0.066406
0.000000
-0.093750
-0.082031
-0.101562
0.023438
0.027344
-0.050781
1.164062
0.078125
0.250000
0.019531
0.058594
0.402344
-0.050781
0.039062
0.136719
-0.023438
-0.011719
-0.078125
0.035156
-0.046875
0.812500
0.093750
0.082031
0.039062
0.031250
-0.062500
0.093750
0.003906
0.046875
-0.035156
-0.015625
0.003906
-0.089844
0.070312
0.898438
0.074219
0.003906
-0.093750
-0.031250
-0.007812
0.121094
-0.011719
-0.046875
-0.089844
0.019531
0.011719
1.062500
0.218750
-0.003906
0.039062
-0.031250
0.058594
-0.117188
0.191406
0.199219
0.398438
-0.136719
-0.042969
0.023438
-0.093750
1.117188
0.000000
0.007812
0.000000
0.015625
0.027344
-0.003906
-0.027344
-0.050781
-0.039062
-0.027344
0.003906
0.695312
0.031250
0.292969
0.179688
-0.027344
-0.070312
0.058594
-0.125000
0.109375
0.339844
0.187500
0.226562
-0.148438
0.347656
-0.085938
0.011719
0.035156
-0.070312
0.191406
0.066406
0.625000
-0.089844
0.292969
0.000000
0.000000
-0.019531
0.019531
0.003906
0.093750
0.015625
-0.039062
-0.113281
0.011719
0.062500
1.015625
0.085938
-0.082031
0.128906
-0.078125
0.046875
0.011719
0.183594
-0.062500
0.199219
0.101562
-0.105469
0.015625
-0.152344
0.062500
0.042969
0.777344
-0.105469
0.355469
0.128906
-0.109375
0.050781
0.000000
0.066406
0.839844
0.246094
0.050781
-0.066406
-0.027344
-0.160156
-0.015625
1.011719
0.070312
-0.011719
-0.027344
-0.136719
0.082031
-0.039062
-0.011719
-0.019531
0.015625
0.074219
0.566406
0.121094
0.117188
0.074219
0.117188
0.003906
0.019531
-0.070312
0.011719
-0.011719
0.027344
0.640625
-0.035156
0.269531
0.007812
0.238281
0.070312
-0.050781
-0.058594
-0.027344
-0.003906
0.210938
-0.113281
0.687500
0.035156
0.210938
-0.019531
0.000000
0.000000
0.023438
0.039062
0.152344
-0.074219
0.363281
0.039062
0.363281
-0.019531
0.070312
0.031250
-0.074219
0.894531
-0.074219
-0.011719
0.062500
0.074219
-0.019531
-0.007812
-0.015625
0.027344
-0.007812
0.000000
-0.019531
-0.015625
0.027344
0.207031
0.019531
0.039062
-0.066406
0.937500
-0.156250
-0.050781
0.042969
-0.066406
0.839844
0.128906
0.191406
-0.058594
0.011719
0.000000
-0.074219
0.019531
-0.160156
0.363281
0.511719
0.058594
0.199219
-0.019531
-0.007812
0.039062
0.507812
0.039062
-0.097656
0.300781
0.003906
0.015625
0.207031
-0.019531
-0.035156
0.015625
-0.019531
0.027344
0.058594
-0.101562
-0.035156
0.707031
-0.054688
0.082031
0.148438
0.117188
0.070312
-0.011719
0.042969
0.011719
-0.015625
0.375000
0.019531
0.210938
0.007812
0.250000
-0.066406
0.023438
0.097656
0.117188
0.558594
-0.011719
0.222656
-0.003906
-0.050781
0.000000
0.183594
0.000000
0.070312
0.281250
0.167969
-0.031250
0.195312
0.011719
0.093750
-0.003906
0.031250
-0.015625
0.593750
-0.003906
0.039062
-0.011719
0.285156
0.003906
0.042969
-0.003906
0.757812
0.000000
-0.019531
0.066406
0.062500
0.101562
0.101562
-0.058594
0.019531
-0.011719
0.054688
0.359375
0.195312
-0.019531
0.222656
-0.003906
0.062500
0.027344
-0.023438
-0.058594
0.003906
0.152344
-0.136719
0.117188
0.613281
-0.023438
0.128906
0.031250
0.007812
0.050781
0.015625
0.007812
0.000000
0.007812
-0.019531
-0.074219
-0.058594
0.125000
0.019531
0.906250
0.050781
-0.011719
-0.023438
0.003906
0.046875
-0.074219
0.039062
0.273438
0.074219
0.714844
-0.058594
-0.035156
0.074219
0.015625
0.000000
0.039062
-0.015625
0.867188
-0.023438
0.000000
0.683594
0.058594
0.062500
0.023438
-0.054688
0.015625
0.160156
0.023438
0.000000
-0.015625
-0.031250
1.113281
0.000000
-0.089844
-0.003906
-0.027344
-0.023438
-0.011719
0.031250
-0.023438
0.011719
0.007812
0.589844
0.007812
0.132812
0.015625
0.253906
0.007812
-0.031250
0.000000
0.171875
0.101562
0.105469
-0.097656
0.085938
0.128906
0.175781
0.097656
0.218750
-0.050781
1.140625
0.011719
-0.015625
-0.035156
-0.218750
0.003906
0.035156
-0.042969
-0.023438
0.007812
-0.066406
-0.003906
0.203125
0.050781
0.507812
-0.039062
0.234375
-0.050781
-0.011719
-0.015625
0.109375
0.007812
0.292969
-0.078125
0.402344
0.007812
0.316406
0.085938
0.042969
-0.097656
0.062500
0.074219
0.414062
-0.019531
0.089844
0.152344
0.265625
0.000000
0.035156
-0.074219
-0.089844
0.039062
-0.089844
-0.011719
0.156250
1.128906
0.093750
-0.007812
0.132812
-0.097656
0.070312
0.000000
-0.070312
-0.003906
-0.035156
0.152344
-0.023438
0.015625
0.058594
0.835938
0.003906
-0.027344
0.253906
-0.054688
0.703125
0.011719
0.222656
-0.031250
0.019531
-0.074219
0.054688
0.015625
-0.054688
0.074219
-0.085938
0.093750
-0.070312
-0.167969
0.941406
0.089844
0.074219
0.148438
0.222656
0.230469
0.292969
0.007812
0.269531
-0.007812
-0.125000
-0.011719
-0.019531
0.000000
0.203125
-0.027344
0.417969
-0.046875
0.429688
-0.039062
0.117188
0.007812
-0.011719
0.875000
0.000000
0.058594
0.015625
-0.015625
0.007812
0.007812
-0.042969
-0.039062
-0.003906
0.031250
0.011719
-0.042969
-0.046875
0.773438
0.097656
0.187500
0.027344
0.011719
0.218750
-0.171875
0.042969
-0.054688
0.050781
0.062500
0.046875
0.019531
-0.117188
0.804688
-0.050781
0.015625
0.558594
-0.085938
0.171875
0.015625
0.144531
0.039062
0.031250
0.113281
0.089844
0.875000
-0.011719
0.078125
0.054688
-0.023438
-0.023438
-0.042969
-0.027344
0.042969
0.105469
0.054688
0.164062
-0.031250
0.152344
-0.050781
0.132812
0.109375
0.492188
-0.042969
0.023438
0.031250
-0.011719
0.050781
0.035156
0.046875
0.007812
0.207031
-0.027344
0.906250
-0.050781
0.070312
0.144531
1.207031
-0.140625
-0.046875
-0.214844
-0.031250
-0.097656
0.031250
0.019531
0.859375
-0.003906
0.121094
0.023438
-0.058594
0.007812
0.000000
-0.023438
-0.039062
0.000000
0.042969
-0.007812
0.023438
0.007812
-0.003906
0.015625
1.050781
-0.011719
-0.011719
0.011719
0.949219
-0.039062
0.031250
0.074219
-0.027344
0.003906
-0.074219
-0.105469
0.035156
0.117188
0.480469
0.019531
0.343750
0.011719
0.027344
-0.042969
-0.011719
0.031250
0.000000
-0.046875
0.597656
-0.058594
0.128906
-0.003906
0.093750
-0.113281
0.132812
0.062500
0.058594
0.085938
0.039062
-0.054688
-0.171875
0.109375
0.085938
-0.046875
0.148438
-0.062500
0.742188
0.039062
0.921875
-0.066406
-0.035156
0.082031
0.054688
-0.035156
0.015625
-0.070312
-0.007812
-0.003906
-0.101562
0.109375
0.847656
0.101562
0.000000
0.167969
-0.070312
0.027344
-0.070312
0.007812
0.000000
0.027344
-0.015625
-0.023438
-0.007812
0.050781
0.035156
0.156250
0.007812
-0.035156
-0.070312
0.128906
-0.179688
0.027344
0.179688
0.152344
-0.164062
0.003906
1.269531
0.003906
0.007812
-0.011719
0.000000
-0.011719
0.312500
-0.019531
0.062500
-0.070312
0.699219
0.113281
0.542969
-0.089844
-0.050781
0.398438
-0.058594
0.167969
0.000000
0.054688
-0.007812
0.050781
-0.035156
-0.031250
-0.003906
0.035156
0.167969
0.046875
-0.058594
-0.042969
1.097656
0.031250
0.007812
0.179688
0.011719
0.296875
0.023438
0.476562
0.023438
0.066406
-0.015625
0.761719
0.035156
-0.015625
-0.050781
0.035156
0.054688
0.082031
0.031250
-0.042969
0.031250
0.035156
-0.062500
-0.011719
0.089844
0.000000
0.765625
0.089844
0.167969
0.054688
-0.144531
0.101562
-0.007812
-0.117188
-0.019531
0.027344
0.082031
-0.054688
-0.015625
0.910156
-0.019531
-0.042969
0.015625
-0.089844
0.156250
-0.015625
0.734375
-0.144531
-0.027344
-0.050781
-0.027344
-0.199219
-0.160156
-0.015625
0.261719
0.027344
0.320312
-0.054688
0.300781
0.175781
0.230469
-0.031250
0.000000
0.062500
-0.046875
0.000000
0.269531
0.000000
0.136719
0.136719
0.519531
0.109375
0.042969
0.011719
0.843750
0.054688
0.000000
-0.019531
-0.015625
0.019531
-0.062500
-0.031250
0.039062
0.027344
-0.058594
0.109375
-0.015625
0.050781
-0.050781
0.972656
-0.050781
0.078125
-0.027344
0.007812
-0.023438
-0.011719
0.164062
0.085938
-0.054688
0.003906
0.562500
0.132812
0.132812
0.000000
0.242188
0.269531
-0.031250
0.093750
0.093750
0.148438
-0.054688
-0.070312
-0.015625
-0.011719
0.058594
0.011719
0.011719
0.000000
0.960938
0.050781
-0.093750
0.015625
-0.031250
0.070312
-0.003906
0.007812
0.222656
0.132812
0.046875
0.484375
-0.011719
-0.046875
0.097656
0.597656
-0.128906
0.226562
0.011719
0.230469
-0.003906
0.085938
-0.003906
-0.027344
-0.035156
-0.019531
0.058594
-0.050781
0.050781
-0.011719
0.179688
0.023438
0.585938
0.003906
0.015625
0.863281
0.062500
0.093750
-0.011719
0.101562
0.007812
-0.121094
-0.082031
0.847656
-0.019531
0.003906
-0.035156
-0.039062
0.015625
0.257812
0.078125
-0.054688
-0.019531
0.078125
0.730469
0.039062
0.128906
0.027344
-0.003906
-0.007812
0.031250
-0.019531
0.050781
-0.125000
0.007812
0.070312
-0.152344
0.023438
0.503906
0.132812
0.121094
0.105469
0.234375
1.000000
0.050781
-0.019531
0.011719
-0.125000
0.007812
0.035156
0.062500
-0.042969
-0.074219
0.011719
0.011719
-0.062500
0.066406
0.007812
0.050781
0.046875
1.027344
-0.007812
-0.042969
0.113281
0.003906
0.000000
0.222656
-0.011719
0.175781
0.089844
0.242188
0.343750
0.015625
0.531250
-0.027344
-0.085938
0.031250
0.148438
0.000000
0.320312
-0.031250
0.046875
0.039062
0.589844
0.082031
-0.011719
0.226562
-0.046875
0.000000
0.054688
0.031250
-0.027344
0.019531
-0.007812
0.015625
-0.078125
0.066406
-0.011719
0.074219
0.000000
0.156250
0.007812
0.585938
-0.054688
1.011719
-0.035156
0.070312
0.000000
-0.019531
-0.007812
-0.031250
-0.027344
0.015625
-0.039062
1.207031
0.027344
-0.042969
0.000000
0.000000
-0.046875
-0.046875
0.015625
0.019531
0.046875
0.132812
-0.066406
0.015625
0.062500
0.078125
0.035156
-0.003906
0.949219
0.000000
-0.035156
0.101562
0.277344
-0.042969
0.343750
-0.035156
0.238281
0.050781
-0.015625
0.007812
0.066406
0.035156
0.035156
0.042969
0.003906
-0.050781
0.011719
-0.097656
0.796875
0.000000
0.019531
-0.027344
-0.039062
-0.007812
0.042969
0.000000
0.019531
0.117188
0.109375
0.773438
-0.039062
-0.015625
0.378906
0.023438
0.363281
0.046875
0.242188
0.015625
-0.011719
-0.062500
0.914062
0.070312
-0.085938
0.011719
-0.089844
0.015625
0.097656
0.058594
-0.093750
0.007812
-0.031250
-0.011719
-0.015625
0.019531
-0.023438
0.132812
-0.046875
0.605469
0.164062
-0.007812
0.207031
0.023438
0.437500
0.011719
0.039062
-0.070312
0.269531
0.035156
0.066406
-0.023438
0.351562
0.062500
-0.105469
0.500000
-0.097656
-0.085938
0.082031
-0.031250
0.101562
-0.007812
1.003906
0.054688
-0.113281
-0.101562
-0.085938
0.085938
0.023438
0.011719
-0.128906
0.035156
-0.054688
-0.019531
-0.082031
-0.027344
0.066406
1.003906
-0.019531
0.046875
0.003906
-0.023438
0.000000
0.882812
-0.074219
0.109375
0.050781
0.144531
-0.117188
-0.042969
0.046875
0.023438
0.218750
-0.035156
0.445312
0.066406
0.050781
0.035156
0.304688
0.031250
-0.058594
0.027344
-0.082031
0.031250
0.046875
0.066406
0.199219
-0.015625
0.203125
-0.097656
0.691406
-0.031250
-0.144531
0.113281
0.636719
0.015625
0.218750
-0.031250
0.003906
-0.082031
-0.046875
0.023438
0.222656
0.000000
-0.011719
0.406250
0.015625
-0.011719
0.066406
0.042969
0.207031
-0.015625
-0.011719
0.000000
-0.015625
-0.015625
0.000000
-0.097656
0.066406
0.558594
0.039062
0.414062
0.000000
0.015625
0.207031
-0.078125
0.089844
0.246094
0.246094
-0.035156
0.113281
0.121094
0.234375
0.351562
0.167969
0.503906
0.152344
-0.101562
-0.058594
0.003906
-0.097656
0.031250
-0.003906
0.078125
-0.089844
0.027344
0.078125
-0.007812
-0.035156
-0.066406
-0.132812
1.082031
-0.011719
0.000000
0.039062
0.066406
0.000000
0.128906
-0.011719
0.988281
0.015625
-0.105469
0.109375
0.105469
0.171875
-0.019531
0.140625
0.406250
0.246094
-0.035156
0.007812
-0.066406
-0.031250
1.121094
-0.066406
-0.097656
0.054688
0.093750
0.039062
-0.031250
-0.003906
0.003906
-0.046875
0.011719
-0.011719
0.906250
-0.042969
0.003906
0.007812
-0.046875
0.113281
0.078125
0.015625
-0.023438
0.000000
-0.007812
0.042969
-0.011719
-0.019531
0.515625
-0.050781
0.468750
0.070312
0.046875
0.503906
0.054688
0.171875
0.054688
0.402344
0.085938
-0.003906
-0.058594
-0.027344
-0.074219
0.089844
0.019531
0.789062
0.039062
0.226562
-0.046875
0.066406
0.011719
0.960938
0.035156
0.046875
0.027344
-0.011719
0.000000
0.109375
0.039062
-0.058594
0.003906
-0.089844
0.066406
-0.082031
0.777344
0.117188
0.003906
0.000000
0.097656
-0.050781
-0.015625
-0.078125
0.003906
-0.054688
-0.007812
-0.015625
-0.023438
-0.019531
1.015625
0.023438
-0.078125
-0.093750
-0.011719
-0.062500
0.007812
-0.023438
0.339844
-0.039062
0.515625
0.042969
0.167969
0.027344
0.742188
0.011719
0.203125
0.023438
0.015625
-0.085938
0.011719
-0.031250
0.007812
-0.062500
1.109375
0.000000
-0.128906
-0.011719
0.011719
-0.023438
0.011719
0.003906
-0.007812
0.093750
-0.035156
0.000000
0.089844
-0.082031
0.121094
0.000000
0.082031
0.066406
0.496094
0.019531
0.062500
-0.015625
0.027344
-0.074219
1.207031
-0.125000
-0.316406
0.027344
0.312500
0.246094
0.121094
-0.027344
0.433594
-0.027344
0.082031
0.015625
0.101562
0.207031
-0.031250
-0.093750
-0.074219
-0.050781
0.035156
-0.007812
0.835938
0.054688
0.242188
-0.082031
-0.070312
-0.105469
0.011719
0.281250
-0.007812
0.644531
0.070312
0.167969
0.011719
0.050781
-0.027344
0.203125
-0.031250
0.058594
0.183594
0.144531
0.089844
0.433594
0.019531
0.066406
-0.054688
0.027344
-0.015625
0.070312
0.003906
0.421875
-0.031250
0.449219
0.000000
0.093750
-0.019531
-0.074219
1.085938
0.019531
-0.066406
0.011719
-0.011719
0.000000
0.011719
-0.023438
-0.023438
0.015625
0.003906
-0.003906
-0.039062
0.000000
0.539062
0.062500
0.007812
0.105469
0.183594
0.000000
0.007812
0.734375
-0.015625
0.265625
0.019531
0.097656
0.019531
-0.093750
-0.078125
0.000000
0.582031
0.023438
0.386719
0.085938
0.003906
-0.015625
0.074219
-0.027344
0.007812
0.285156
-0.023438
-0.039062
0.230469
0.203125
0.003906
0.226562
0.015625
-0.019531
0.007812
0.062500
0.066406
0.546875
-0.074219
0.050781
0.164062
0.281250
-0.054688
0.121094
0.070312
0.015625
-0.015625
-0.160156
0.066406
0.023438
0.886719
0.093750
0.101562
0.058594
0.000000
0.000000
-0.003906
-0.039062
-0.050781
0.003906
0.062500
0.011719
0.210938
0.066406
0.644531
0.000000
0.007812
0.000000
-0.023438
0.046875
0.050781
-0.015625
0.132812
-0.058594
0.847656
-0.082031
0.078125
0.316406
-0.171875
0.351562
0.070312
0.359375
0.023438
0.046875
-0.046875
0.121094
0.019531
0.144531
0.171875
0.132812
-0.074219
0.093750
0.082031
0.222656
-0.023438
-0.015625
-0.058594
0.238281
0.023438
0.679688
0.039062
0.285156
-0.054688
0.117188
-0.019531
-0.070312
0.886719
-0.019531
0.238281
0.078125
-0.070312
0.058594
0.070312
-0.125000
-0.050781
-0.027344
0.031250
0.007812
0.058594
0.062500
-0.074219
0.042969
1.144531
-0.066406
-0.105469
0.007812
-0.023438
0.089844
0.031250
0.007812
0.351562
0.058594
0.023438
0.082031
0.378906
0.847656
0.046875
-0.015625
0.062500
-0.066406
0.027344
0.148438
0.062500
-0.042969
-0.031250
-0.078125
0.046875
0.019531
-0.003906
0.000000
0.382812
-0.007812
0.683594
0.062500
-0.074219
-0.027344
-0.023438
-0.062500
-0.093750
0.097656
-0.089844
-0.027344
1.218750
-0.011719
0.062500
0.035156
0.054688
0.078125
0.605469
0.078125
-0.011719
0.062500
0.062500
0.000000
0.019531
-0.113281
0.101562
0.035156
1.000000
0.011719
0.019531
-0.046875
-0.007812
-0.011719
-0.023438
0.171875
-0.132812
-0.019531
0.656250
-0.246094
0.207031
0.222656
-0.203125
0.546875
0.027344
0.062500
-0.054688
0.203125
-0.160156
0.390625
0.089844
0.402344
0.050781
0.039062
-0.015625
