0.078125
0.664062
0.003906
0.050781
0.066406
0.066406
0.019531
0.015625
0.027344
-0.023438
0.378906
0.179688
0.105469
-0.042969
0.234375
-0.156250
0.097656
-0.281250
0.199219
-0.003906
0.011719
1.070312
-0.097656
-0.046875
0.054688
0.078125
0.074219
-0.054688
-0.011719
0.042969
0.023438
-0.019531
-0.003906
0.023438
0.472656
-0.027344
0.335938
0.000000
0.050781
-0.003906
-0.097656
0.097656
-0.054688
0.015625
0.117188
0.093750
0.015625
0.023438
0.804688
-0.011719
0.050781
0.019531
0.019531
0.011719
-0.136719
0.671875
-0.101562
-0.214844
0.027344
0.175781
0.058594
-0.027344
0.144531
0.167969
0.414062
0.046875
0.390625
0.058594
-0.070312
-0.046875
0.699219
-0.015625
-0.167969
-0.054688
0.183594
0.082031
0.277344
-0.031250
-0.011719
0.000000
-0.019531
0.011719
0.246094
0.035156
0.570312
0.015625
-0.007812
0.007812
-0.031250
0.015625
0.828125
-0.015625
-0.121094
-0.195312
0.171875
0.046875
0.257812
-0.066406
-0.015625
0.011719
-0.093750
-0.003906
0.140625
0.007812
0.828125
0.054688
0.210938
0.019531
-0.011719
-0.007812
-0.054688
0.019531
-0.011719
0.046875
0.054688
0.035156
-0.015625
0.039062
0.101562
0.777344
0.015625
0.164062
0.031250
0.847656
-0.078125
0.003906
-0.074219
-0.003906
0.035156
-0.027344
-0.082031
-0.003906
0.175781
-0.074219
0.058594
0.031250
0.109375
0.125000
0.675781
0.007812
-0.132812
0.042969
-0.050781
0.011719
0.027344
0.796875
-0.085938
0.253906
0.000000
-0.058594
-0.027344
0.140625
0.300781
-0.097656
0.605469
-0.046875
0.054688
0.078125
-0.128906
0.027344
0.097656
-0.011719
0.023438
0.003906
0.031250
0.105469
0.132812
0.050781
0.492188
0.019531
0.113281
-0.082031
0.203125
0.050781
0.199219
0.164062
0.500000
-0.007812
0.062500
-0.027344
0.027344
0.066406
0.726562
-0.082031
0.242188
-0.015625
0.269531
0.113281
0.011719
-0.074219
-0.023438
0.000000
0.128906
0.089844
-0.058594
0.050781
-0.042969
0.054688
0.597656
-0.117188
0.078125
0.285156
-0.070312
-0.027344
0.601562
-0.140625
0.113281
-0.003906
0.031250
-0.019531
-0.035156
-0.007812
0.250000
-0.019531
0.550781
0.019531
0.191406
0.023438
-0.054688
0.019531
0.062500
0.015625
-0.007812
-0.093750
0.679688
0.003906
0.214844
0.007812
-0.007812
0.000000
0.289062
0.117188
-0.085938
0.285156
-0.031250
0.023438
0.125000
0.035156
0.210938
-0.023438
0.058594
0.042969
0.003906
0.007812
0.058594
0.003906
0.058594
-0.023438
0.632812
-0.011719
-0.003906
0.011719
-0.031250
-0.050781
0.054688
0.136719
0.000000
0.511719
-0.007812
0.210938
-0.082031
-0.066406
-0.050781
0.011719
0.070312
0.781250
0.085938
0.222656
0.007812
-0.054688
-0.015625
0.027344
0.929688
-0.050781
0.265625
-0.062500
0.710938
0.109375
-0.316406
-0.125000
0.046875
0.070312
-0.257812
0.042969
0.066406
-0.093750
-0.042969
-0.128906
1.324219
-0.027344
0.027344
0.015625
-0.027344
0.031250
-0.003906
0.183594
0.023438
0.144531
0.015625
0.597656
0.023438
0.015625
0.511719
0.058594
0.242188
-0.031250
0.250000
0.027344
-0.035156
-0.066406
0.062500
0.027344
-0.015625
-0.101562
0.019531
0.160156
-0.027344
-0.003906
-0.015625
0.738281
-0.058594
-0.066406
0.082031
0.027344
0.082031
0.984375
0.015625
0.175781
-0.019531
-0.097656
0.015625
0.058594
-0.050781
-0.097656
0.039062
0.062500
-0.039062
0.000000
-0.035156
0.640625
0.019531
-0.027344
0.480469
-0.070312
0.382812
-0.039062
0.398438
0.082031
-0.003906
-0.082031
0.187500
0.507812
0.003906
0.054688
0.203125
-0.050781
0.085938
0.058594
0.019531
-0.070312
0.531250
0.117188
-0.007812
0.105469
-0.082031
0.160156
0.167969
0.039062
0.062500
-0.007812
0.015625
-0.042969
0.242188
-0.082031
0.492188
0.046875
0.187500
0.003906
0.054688
-0.062500
0.148438
0.808594
-0.035156
0.082031
0.085938
-0.003906
0.000000
-0.019531
-0.003906
-0.015625
0.003906
0.000000
-0.015625
-0.011719
0.035156
0.062500
0.054688
0.460938
-0.011719
0.417969
-0.003906
0.023438
-0.054688
-0.007812
-0.015625
-0.054688
0.039062
1.085938
0.031250
-0.078125
-0.035156
1.128906
-0.054688
-0.132812
0.093750
0.070312
0.054688
-0.085938
0.027344
0.050781
-0.027344
0.000000
-0.007812
-0.019531
0.015625
0.183594
0.035156
0.812500
0.109375
-0.082031
-0.089844
0.046875
0.015625
0.933594
-0.003906
0.011719
0.000000
0.000000
0.042969
-0.039062
0.015625
-0.066406
-0.011719
0.132812
-0.179688
0.894531
-0.109375
-0.027344
0.226562
-0.062500
0.003906
-0.015625
-0.031250
0.000000
0.062500
0.035156
0.113281
-0.027344
0.753906
0.039062
-0.035156
-0.019531
-0.046875
0.000000
0.046875
0.027344
-0.023438
1.070312
0.027344
-0.054688
-0.027344
0.058594
0.527344
0.023438
0.238281
0.007812
0.230469
-0.027344
0.074219
-0.027344
-0.023438
0.074219
0.230469
-0.082031
0.000000
0.578125
-0.035156
0.003906
-0.066406
0.347656
-0.015625
0.726562
-0.082031
0.113281
0.058594
0.019531
-0.019531
0.089844
-0.027344
0.039062
0.039062
-0.003906
-0.054688
0.003906
0.015625
0.921875
0.097656
-0.070312
0.027344
0.000000
0.042969
-0.019531
0.386719
-0.035156
0.082031
0.113281
0.261719
0.000000
0.214844
-0.027344
1.046875
-0.078125
0.019531
-0.015625
-0.175781
0.003906
0.175781
-0.019531
0.039062
0.062500
0.542969
0.042969
-0.023438
0.093750
0.156250
-0.027344
0.332031
-0.007812
0.105469
0.000000
1.113281
0.066406
-0.093750
0.000000
-0.046875
0.062500
0.027344
-0.035156
-0.148438
0.050781
-0.152344
0.800781
-0.105469
0.082031
0.156250
0.078125
0.031250
-0.035156
-0.054688
0.023438
0.144531
-0.003906
0.281250
-0.042969
0.273438
0.007812
0.281250
0.070312
-0.007812
-0.007812
-0.007812
-0.035156
0.183594
-0.042969
0.687500
0.074219
0.250000
-0.019531
0.000000
0.000000
0.074219
0.031250
0.062500
0.082031
0.617188
0.039062
0.222656
-0.019531
0.015625
0.050781
-0.003906
0.023438
-0.062500
-0.019531
-0.011719
0.160156
0.007812
-0.113281
0.804688
0.003906
0.859375
-0.015625
0.007812
-0.019531
-0.054688
0.000000
0.121094
-0.015625
-0.035156
0.011719
0.183594
0.058594
-0.046875
0.644531
-0.082031
0.046875
0.003906
0.031250
0.175781
-0.054688
0.078125
-0.003906
0.492188
0.042969
0.097656
0.015625
0.164062
0.035156
-0.007812
-0.031250
0.121094
-0.019531
0.046875
-0.035156
0.058594
-0.023438
0.156250
0.082031
0.656250
-0.101562
0.125000
0.109375
0.011719
0.988281
-0.089844
-0.109375
-0.109375
0.000000
0.023438
0.050781
0.042969
0.054688
-0.035156
0.066406
0.031250
0.566406
-0.015625
0.160156
-0.027344
0.199219
-0.070312
0.425781
0.218750
-0.117188
0.511719
0.027344
0.054688
0.000000
-0.113281
0.027344
0.113281
-0.046875
0.210938
0.398438
0.128906
0.058594
0.292969
-0.039062
0.000000
0.035156
0.019531
-0.191406
0.015625
1.046875
-0.066406
-0.015625
0.050781
-0.050781
0.027344
-0.019531
0.218750
0.035156
0.160156
0.179688
0.093750
0.023438
0.296875
0.015625
0.007812
-0.007812
0.011719
-0.039062
-0.046875
0.199219
0.000000
0.648438
0.128906
-0.062500
0.078125
0.410156
0.046875
0.535156
0.023438
0.187500
0.105469
0.011719
0.042969
0.031250
0.039062
0.042969
-0.015625
0.144531
-0.023438
0.125000
0.218750
0.117188
-0.074219
-0.132812
0.992188
0.066406
0.089844
0.156250
-0.007812
0.945312
0.031250
0.031250
-0.085938
-0.023438
-0.089844
0.003906
0.003906
1.066406
-0.023438
-0.140625
0.035156
-0.054688
-0.003906
0.031250
0.000000
-0.039062
-0.054688
0.000000
0.152344
-0.039062
0.078125
-0.019531
0.160156
-0.023438
0.558594
-0.066406
0.050781
-0.019531
0.007812
0.015625
-0.019531
0.832031
0.015625
0.109375
0.089844
-0.031250
0.175781
-0.050781
0.078125
0.214844
-0.187500
0.109375
0.039062
-0.199219
1.074219
0.011719
-0.093750
0.085938
0.375000
0.082031
0.429688
0.035156
0.195312
-0.019531
0.089844
0.003906
0.007812
-0.015625
0.269531
0.085938
0.492188
-0.042969
0.078125
-0.042969
0.058594
-0.039062
1.058594
0.054688
0.042969
0.000000
-0.175781
0.007812
0.003906
0.035156
0.000000
0.089844
0.085938
0.222656
-0.058594
0.558594
0.078125
0.011719
0.003906
0.000000
0.003906
-0.019531
-0.007812
0.023438
-0.046875
0.019531
-0.046875
-0.203125
-0.019531
1.054688
0.003906
0.023438
0.070312
-0.007812
-0.035156
-0.058594
-0.019531
0.003906
0.031250
0.003906
0.785156
-0.007812
-0.027344
1.027344
-0.070312
-0.019531
0.070312
0.082031
0.070312
-0.023438
0.058594
0.019531
0.191406
0.101562
-0.101562
0.339844
0.343750
0.019531
0.054688
0.117188
0.000000
-0.003906
-0.058594
0.035156
0.015625
-0.046875
0.128906
0.054688
-0.003906
-0.035156
-0.042969
1.167969
0.671875
-0.003906
0.054688
0.085938
0.054688
0.000000
0.214844
0.062500
-0.019531
-0.031250
-0.011719
0.136719
0.597656
-0.019531
0.054688
0.097656
0.226562
-0.089844
0.011719
-0.007812
0.132812
0.078125
0.054688
-0.046875
-0.046875
0.128906
0.125000
0.035156
0.945312
0.011719
-0.019531
1.046875
0.023438
-0.089844
-0.007812
-0.015625
-0.011719
0.058594
0.023438
0.023438
0.097656
0.066406
0.109375
0.078125
0.425781
0.054688
0.113281
0.050781
0.000000
-0.011719
0.015625
0.054688
-0.003906
0.042969
0.054688
-0.003906
0.105469
-0.011719
0.578125
0.019531
0.015625
-0.070312
-0.082031
0.003906
0.101562
-0.023438
0.003906
-0.035156
1.097656
-0.093750
-0.019531
0.132812
0.058594
0.914062
0.085938
-0.035156
0.042969
0.007812
-0.132812
-0.066406
0.527344
0.117188
0.152344
0.011719
-0.007812
-0.015625
0.054688
-0.003906
0.050781
0.019531
0.000000
-0.011719
0.035156
-0.062500
0.027344
0.113281
0.089844
0.050781
0.960938
-0.074219
-0.152344
-0.011719
-0.023438
0.050781
0.058594
0.414062
-0.046875
0.460938
0.132812
0.000000
-0.031250
-0.035156
0.015625
0.000000
0.015625
0.417969
-0.023438
0.625000
0.113281
-0.050781
-0.109375
0.011719
-0.007812
-0.128906
0.078125
0.992188
0.050781
0.054688
-0.019531
-0.003906
-0.062500
0.003906
0.222656
-0.003906
0.824219
0.062500
0.003906
0.050781
-0.070312
-0.027344
0.000000
0.027344
-0.042969
-0.019531
-0.023438
0.238281
0.000000
0.878906
0.054688
-0.042969
-0.066406
0.035156
-0.011719
-0.011719
0.000000
-0.070312
-0.062500
0.968750
0.062500
0.082031
0.714844
0.042969
-0.148438
0.000000
0.234375
0.085938
0.300781
-0.027344
-0.031250
-0.023438
0.101562
0.625000
-0.109375
0.152344
0.218750
0.113281
-0.027344
-0.054688
-0.058594
0.035156
0.019531
-0.105469
0.117188
0.011719
-0.035156
0.113281
0.121094
0.035156
0.597656
0.027344
0.156250
0.843750
-0.058594
0.046875
0.066406
0.015625
-0.003906
-0.011719
0.031250
-0.050781
0.000000
-0.011719
-0.011719
-0.078125
0.062500
-0.054688
-0.015625
0.496094
-0.035156
0.640625
0.031250
0.050781
-0.031250
-0.074219
0.089844
0.007812
0.039062
0.605469
-0.097656
0.390625
0.898438
0.003906
-0.039062
0.027344
-0.066406
0.023438
0.105469
0.050781
-0.089844
0.062500
-0.054688
0.234375
0.003906
0.847656
-0.015625
0.019531
-0.089844
0.039062
0.019531
-0.074219
0.023438
0.757812
0.015625
0.269531
0.031250
-0.109375
-0.011719
0.000000
-0.042969
0.058594
0.144531
-0.027344
0.242188
0.117188
0.175781
0.000000
0.367188
0.039062
0.144531
0.000000
0.000000
-0.019531
-0.003906
0.175781
0.023438
0.664062
0.050781
0.296875
0.062500
0.195312
-0.121094
-0.003906
-0.078125
-0.031250
0.054688
0.980469
0.113281
-0.054688
-0.054688
-0.046875
-0.011719
0.031250
-0.027344
0.789062
-0.019531
0.121094
0.050781
-0.066406
0.105469
0.027344
-0.011719
0.035156
-0.027344
0.050781
-0.027344
0.085938
-0.003906
-0.121094
0.707031
0.062500
0.000000
-0.035156
0.070312
0.078125
0.007812
-0.171875
-0.054688
-0.074219
0.058594
1.156250
0.062500
0.125000
-0.128906
0.140625
0.414062
-0.023438
0.250000
0.070312
0.070312
0.000000
0.503906
0.187500
0.105469
0.179688
0.035156
0.019531
0.242188
0.031250
-0.042969
-0.027344
-0.023438
0.035156
0.015625
-0.113281
0.082031
0.007812
-0.023438
-0.113281
-0.136719
1.132812
0.023438
0.031250
-0.035156
-0.003906
-0.003906
1.281250
-0.011719
-0.246094
-0.066406
0.300781
-0.015625
0.597656
-0.039062
0.257812
0.074219
0.042969
-0.046875
0.042969
0.039062
0.011719
-0.054688
-0.015625
-0.035156
0.035156
0.003906
-0.132812
-0.007812
1.230469
0.011719
-0.042969
0.039062
-0.144531
0.437500
0.230469
0.070312
0.171875
0.289062
-0.082031
0.160156
-0.078125
-0.058594
0.761719
-0.046875
0.191406
0.035156
0.085938
-0.054688
-0.011719
-0.011719
0.027344
-0.023438
0.050781
-0.074219
0.019531
-0.011719
0.703125
-0.046875
0.210938
0.113281
-0.031250
0.144531
-0.023438
0.265625
0.117188
0.191406
0.000000
0.210938
0.054688
0.105469
-0.023438
0.171875
-0.019531
-0.031250
-0.062500
-0.050781
0.109375
0.140625
-0.097656
0.328125
-0.089844
0.070312
0.179688
-0.136719
0.519531
0.042969
0.160156
0.105469
0.007812
0.042969
0.121094
-0.160156
-0.019531
0.085938
0.750000
0.300781
0.000000
0.156250
-0.058594
-0.054688
-0.089844
0.109375
0.175781
-0.027344
0.011719
0.058594
0.457031
0.203125
0.003906
0.058594
-0.054688
0.019531
0.011719
-0.019531
0.007812
-0.035156
0.167969
0.023438
0.445312
-0.148438
0.343750
0.027344
0.761719
-0.031250
0.039062
0.046875
-0.105469
0.035156
-0.003906
-0.015625
0.023438
0.144531
0.253906
-0.019531
0.476562
0.062500
-0.054688
-0.027344
0.042969
0.011719
0.074219
-0.027344
0.066406
0.187500
0.070312
0.539062
-0.015625
0.093750
0.058594
0.011719
0.007812
-0.015625
0.085938
-0.078125
0.160156
0.652344
0.011719
0.078125
0.050781
-0.070312
0.042969
0.039062
0.019531
-0.042969
-0.066406
-0.058594
0.441406
0.023438
0.292969
0.042969
0.199219
0.015625
0.042969
0.007812
0.042969
-0.035156
0.554688
-0.007812
0.539062
0.117188
-0.035156
0.148438
0.269531
-0.082031
0.441406
0.093750
0.058594
-0.054688
-0.003906
-0.074219
0.019531
0.050781
-0.070312
0.398438
0.113281
0.164062
-0.046875
0.203125
0.039062
-0.046875
0.023438
0.011719
0.011719
0.015625
-0.019531
0.070312
-0.019531
0.011719
1.230469
-0.046875
0.019531
-0.144531
0.058594
0.015625
0.898438
0.007812
0.031250
-0.027344
0.054688
0.019531
0.019531
-0.113281
0.082031
-0.054688
1.015625
0.027344
0.050781
0.023438
-0.027344
0.000000
-0.062500
-0.082031
-0.003906
0.019531
0.101562
0.042969
0.160156
-0.089844
1.101562
-0.101562
0.050781
0.019531
-0.058594
0.000000
-0.164062
-0.003906
0.007812
-0.015625
0.035156
0.761719
0.062500
-0.023438
-0.054688
-0.031250
0.054688
0.128906
0.000000
-0.062500
0.031250
1.191406
-0.042969
-0.039062
0.023438
0.429688
-0.031250
0.398438
-0.031250
0.242188
0.082031
-0.027344
-0.035156
0.058594
0.011719
0.035156
-0.156250
-0.031250
0.695312
0.140625
0.121094
0.230469
0.097656
-0.035156
-0.007812
0.117188
0.007812
0.433594
-0.035156
0.492188
-0.023438
0.144531
-0.023438
-0.050781
0.003906
0.058594
0.093750
0.000000
-0.035156
0.015625
0.000000
0.097656
0.941406
0.113281
-0.027344
0.074219
-0.011719
0.046875
0.035156
0.117188
0.886719
-0.011719
-0.023438
0.066406
0.207031
-0.054688
0.359375
-0.070312
0.269531
0.070312
0.050781
0.121094
-0.042969
0.148438
-0.023438
0.410156
-0.015625
0.167969
-0.007812
0.199219
0.074219
0.000000
-0.042969
-0.019531
0.000000
-0.023438
0.062500
-0.082031
-0.015625
-0.234375
-0.128906
-0.007812
0.917969
0.000000
0.039062
0.089844
1.027344
-0.121094
0.058594
-0.093750
0.070312
-0.074219
-0.019531
0.238281
0.000000
-0.007812
0.070312
0.078125
-0.007812
0.226562
0.007812
0.117188
0.007812
0.015625
0.023438
-0.042969
-0.019531
0.023438
0.613281
-0.003906
0.328125
0.054688
0.023438
-0.035156
-0.003906
0.117188
0.000000
-0.082031
0.714844
0.011719
-0.078125
0.078125
0.101562
0.398438
-0.097656
0.066406
0.226562
0.125000
0.125000
0.335938
-0.082031
0.082031
-0.046875
-0.027344
-0.003906
0.003906
0.011719
0.000000
-0.039062
-0.046875
0.343750
-0.082031
0.726562
-0.058594
0.824219
-0.078125
0.128906
0.007812
0.109375
-0.007812
0.003906
0.003906
0.007812
-0.066406
0.003906
0.093750
-0.062500
0.683594
-0.015625
0.316406
0.015625
0.042969
0.007812
0.101562
0.296875
0.078125
0.070312
0.011719
0.152344
0.105469
0.300781
0.101562
0.066406
0.019531
-0.054688
-0.160156
-0.082031
0.000000
0.937500
0.015625
0.085938
-0.019531
0.050781
0.074219
0.132812
0.292969
-0.062500
0.316406
-0.011719
0.277344
0.011719
0.140625
-0.003906
-0.011719
0.015625
0.000000
-0.007812
0.671875
0.015625
0.218750
0.031250
0.023438
0.039062
-0.019531
0.914062
-0.003906
0.050781
0.097656
0.019531
0.074219
0.003906
0.031250
0.000000
-0.078125
-0.019531
0.105469
0.082031
0.535156
-0.031250
0.175781
-0.070312
0.082031
0.003906
0.828125
0.046875
0.019531
0.074219
-0.109375
-0.023438
0.062500
-0.011719
-0.015625
-0.070312
0.468750
-0.082031
0.128906
0.675781
-0.101562
0.035156
0.027344
0.050781
0.000000
-0.003906
0.082031
0.273438
0.058594
0.687500
-0.003906
-0.039062
0.023438
-0.023438
-0.039062
0.015625
0.460938
-0.062500
-0.019531
0.195312
0.101562
0.035156
0.410156
-0.039062
-0.011719
0.101562
0.015625
0.019531
-0.160156
0.984375
0.007812
0.058594
0.050781
0.015625
0.023438
0.011719
0.339844
-0.027344
-0.078125
-0.136719
0.132812
-0.035156
0.203125
-0.113281
0.167969
0.000000
0.011719
0.015625
0.050781
-0.039062
0.023438
-0.031250
0.140625
0.039062
0.226562
0.035156
-0.003906
0.062500
-0.050781
0.070312
0.417969
0.042969
0.343750
-0.015625
0.082031
0.011719
-0.058594
-0.007812
-0.019531
-0.003906
0.023438
0.253906
-0.011719
0.800781
0.113281
0.000000
-0.097656
0.000000
0.078125
-0.019531
-0.003906
0.707031
-0.011719
0.054688
0.128906
0.113281
-0.105469
0.023438
-0.078125
-0.027344
0.062500
0.707031
-0.062500
0.347656
0.031250
-0.054688
-0.042969
0.015625
-0.089844
-0.039062
0.011719
0.027344
0.007812
0.941406
0.109375
-0.175781
0.695312
-0.023438
-0.015625
0.066406
0.000000
0.058594
0.214844
0.125000
0.117188
0.042969
-0.007812
0.066406
-0.011719
0.031250
0.000000
0.371094
-0.007812
0.867188
0.039062
-0.128906
0.000000
-0.015625
0.019531
0.015625
0.000000
-0.140625
-0.023438
0.351562
-0.058594
0.738281
-0.015625
0.035156
0.082031
0.031250
0.273438
-0.023438
0.238281
-0.007812
0.261719
-0.039062
0.093750
0.203125
-0.054688
0.292969
0.320312
0.035156
0.093750
0.042969
0.050781
0.003906
0.027344
0.050781
0.531250
0.003906
0.292969
-0.007812
0.242188
-0.023438
0.062500
0.007812
-0.019531
-0.011719
-0.027344
0.019531
0.003906
0.000000
0.007812
0.097656
-0.046875
0.964844
0.062500
0.074219
0.292969
-0.035156
0.097656
0.023438
0.203125
0.019531
0.027344
-0.027344
-0.042969
-0.019531
-0.085938
0.121094
0.007812
0.058594
-0.015625
0.261719
0.050781
0.257812
0.187500
0.835938
-0.058594
0.007812
0.167969
-0.074219
0.058594
-0.007812
-0.011719
-0.031250
0.015625
0.007812
-0.078125
-0.089844
0.003906
0.046875
0.035156
-0.042969
0.679688
0.000000
-0.003906
-0.039062
0.136719
-0.042969
-0.019531
0.035156
-0.015625
0.000000
0.796875
0.070312
0.070312
0.015625
-0.078125
-0.031250
-0.035156
0.007812
-0.003906
0.011719
0.949219
-0.058594
-0.015625
-0.050781
0.074219
0.089844
-0.078125
0.699219
-0.156250
-0.273438
0.046875
0.414062
-0.027344
-0.007812
-0.039062
0.027344
0.015625
0.093750
0.058594
-0.058594
0.710938
-0.039062
-0.066406
0.125000
-0.003906
0.839844
0.121094
0.042969
-0.078125
0.011719
-0.089844
0.011719
0.054688
0.027344
-0.027344
0.046875
-0.015625
0.035156
-0.058594
-0.023438
0.855469
0.062500
0.046875
0.011719
-0.054688
-0.007812
0.015625
0.203125
-0.031250
0.031250
-0.066406
0.843750
0.109375
-0.062500
0.105469
0.808594
0.070312
-0.070312
0.078125
0.078125
-0.070312
0.062500
0.261719
-0.042969
0.109375
-0.039062
-0.039062
-0.035156
0.257812
0.011719
0.511719
-0.062500
1.187500
0.042969
0.042969
-0.082031
-0.214844
-0.027344
0.070312
0.027344
-0.062500
-0.031250
-0.003906
0.031250
0.546875
0.027344
0.355469
-0.003906
0.105469
-0.019531
-0.050781
-0.035156
-0.011719
1.082031
0.000000
-0.054688
-0.054688
0.011719
-0.027344
0.000000
0.058594
-0.023438
-0.011719
-0.027344
0.023438
-0.023438
0.003906
0.042969
0.062500
0.109375
0.679688
0.000000
0.000000
0.000000
0.199219
-0.082031
0.421875
-0.054688
0.339844
-0.015625
0.082031
0.031250
-0.082031
0.015625
0.097656
0.042969
0.574219
0.011719
0.343750
-0.078125
0.113281
0.042969
0.460938
-0.007812
0.148438
0.015625
0.000000
-0.136719
0.199219
0.082031
0.164062
-0.054688
0.687500
0.050781
0.035156
-0.058594
0.066406
0.046875
0.136719
-0.011719
-0.015625
0.046875
-0.019531
0.082031
-0.082031
0.078125
-0.035156
0.058594
-0.109375
0.054688
0.058594
0.832031
-0.011719
-0.085938
-0.082031
0.000000
0.046875
0.570312
0.019531
0.324219
-0.027344
0.019531
0.148438
0.105469
0.035156
0.332031
0.207031
0.007812
0.261719
0.042969
0.027344
-0.011719
-0.050781
0.925781
-0.046875
0.000000
0.023438
0.000000
0.023438
0.007812
-0.015625
0.058594
0.039062
0.000000
0.070312
0.117188
-0.015625
0.421875
-0.062500
0.125000
0.058594
0.160156
0.039062
0.882812
-0.019531
0.164062
-0.015625
-0.042969
0.000000
-0.042969
-0.023438
-0.054688
-0.015625
-0.039062
-0.074219
1.074219
-0.042969
-0.023438
-0.003906
0.003906
0.066406
0.027344
0.031250
0.039062
-0.058594
-0.031250
-0.011719
0.914062
0.125000
0.121094
0.000000
0.074219
0.558594
-0.039062
0.089844
0.074219
0.082031
-0.011719
0.253906
0.011719
-0.062500
-0.031250
-0.062500
0.042969
0.000000
-0.050781
0.242188
0.128906
0.074219
0.085938
0.550781
-0.148438
-0.132812
0.042969
0.808594
0.011719
0.070312
0.101562
0.023438
-0.027344
0.160156
0.066406
0.007812
0.855469
-0.039062
0.101562
0.031250
0.042969
-0.039062
0.035156
0.035156
0.000000
0.015625
-0.003906
-0.046875
0.019531
-0.023438
0.144531
0.000000
0.675781
0.136719
-0.035156
-0.113281
-0.015625
-0.078125
0.539062
0.363281
-0.015625
0.140625
-0.082031
-0.027344
0.003906
0.980469
0.031250
0.007812
0.117188
-0.121094
0.046875
0.082031
-0.011719
-0.042969
0.054688
-0.113281
0.074219
0.027344
-0.031250
0.046875
0.269531
-0.113281
-0.074219
1.117188
0.000000
0.089844
-0.062500
0.605469
0.011719
0.054688
-0.007812
0.222656
0.046875
0.003906
0.000000
0.078125
0.039062
0.003906
0.074219
0.003906
0.230469
-0.011719
0.156250
0.027344
0.304688
0.468750
0.039062
-0.058594
0.273438
0.007812
0.039062
0.042969
0.019531
-0.070312
0.007812
-0.019531
-0.027344
0.027344
0.019531
-0.050781
-0.031250
-0.011719
0.035156
0.007812
0.976562
0.570312
-0.089844
0.113281
-0.011719
-0.058594
-0.054688
0.218750
0.042969
0.003906
-0.058594
1.027344
-0.074219
0.011719
-0.035156
-0.121094
0.015625
0.070312
0.027344
-0.109375
-0.042969
-0.039062
0.003906
0.050781
0.011719
0.832031
0.000000
0.167969
-0.042969
0.050781
-0.042969
-0.074219
1.136719
0.015625
-0.121094
0.062500
-0.023438
0.015625
0.011719
0.007812
0.000000
0.058594
0.062500
0.492188
-0.078125
0.140625
-0.089844
0.121094
-0.117188
0.046875
0.046875
0.007812
-0.101562
0.156250
0.152344
0.183594
0.066406
0.449219
-0.042969
0.160156
-0.031250
0.066406
0.023438
0.328125
-0.128906
0.246094
0.148438
0.300781
0.000000
0.046875
-0.027344
0.027344
-0.085938
0.097656
0.011719
-0.007812
0.132812
0.070312
-0.015625
-0.148438
0.843750
-0.027344
0.933594
-0.023438
0.023438
0.042969
-0.003906
0.035156
0.062500
0.023438
0.019531
-0.062500
0.117188
0.066406
0.054688
0.621094
0.085938
0.082031
0.070312
0.003906
-0.082031
0.015625
0.046875
0.031250
0.031250
-0.015625
0.015625
0.019531
0.242188
0.066406
0.656250
0.023438
-0.105469
-0.023438
-0.046875
0.093750
0.234375
-0.039062
0.585938
0.136719
0.167969
-0.042969
-0.042969
0.187500
0.054688
0.109375
0.062500
0.230469
-0.089844
0.257812
0.015625
-0.140625
0.109375
0.640625
-0.050781
0.199219
0.035156
0.125000
-0.019531
0.121094
-0.011719
0.023438
-0.074219
0.156250
0.050781
0.265625
0.148438
0.476562
-0.039062
0.066406
-0.027344
0.304688
0.066406
0.148438
0.031250
0.000000
0.050781
0.167969
0.070312
0.015625
0.031250
0.023438
-0.011719
-0.031250
0.000000
0.050781
-0.042969
-0.019531
-0.019531
-0.015625
1.324219
0.000000
0.023438
-0.066406
-0.046875
0.011719
0.003906
-0.062500
1.113281
0.128906
0.000000
-0.074219
0.136719
-0.160156
0.039062
0.253906
0.054688
0.148438
-0.093750
0.718750
0.089844
-0.027344
-0.019531
0.105469
0.015625
-0.074219
0.832031
-0.062500
0.296875
0.011719
-0.046875
0.574219
0.105469
0.210938
0.003906
-0.046875
0.015625
0.117188
-0.011719
0.042969
0.011719
0.042969
0.019531
0.027344
0.000000
0.011719
-0.144531
-0.062500
0.082031
-0.011719
0.820312
0.687500
0.000000
-0.042969
-0.027344
-0.070312
0.015625
0.218750
0.070312
0.070312
-0.035156
1.003906
0.066406
-0.019531
-0.113281
-0.031250
0.062500
0.214844
0.000000
-0.023438
-0.015625
0.566406
0.097656
-0.070312
0.152344
-0.039062
-0.089844
0.199219
0.019531
-0.046875
0.007812
0.050781
0.042969
0.054688
0.105469
-0.003906
0.003906
-0.039062
0.003906
1.156250
0.011719
0.019531
0.964844
-0.070312
0.097656
0.140625
0.000000
-0.011719
-0.039062
-0.054688
0.046875
0.191406
0.007812
-0.070312
0.878906
-0.058594
-0.027344
0.054688
-0.019531
0.054688
-0.003906
0.195312
0.179688
0.109375
0.187500
0.140625
-0.023438
0.289062
0.050781
0.019531
0.039062
0.015625
-0.003906
-0.011719
-0.027344
0.035156
0.003906
-0.003906
1.011719
0.015625
0.007812
-0.117188
0.003906
-0.097656
-0.101562
0.093750
1.281250
-0.164062
-0.046875
-0.121094
0.152344
-0.019531
-0.011719
0.039062
-0.042969
-0.093750
0.101562
0.003906
0.046875
0.644531
0.078125
0.007812
-0.015625
0.476562
0.066406
0.460938
-0.160156
0.332031
0.085938
-0.023438
0.074219
0.023438
0.160156
-0.062500
-0.195312
0.019531
0.890625
0.058594
0.011719
-0.054688
0.332031
0.265625
0.058594
0.421875
0.167969
0.042969
-0.011719
0.429688
0.085938
-0.015625
0.000000
0.042969
0.000000
-0.113281
0.062500
0.105469
0.101562
0.031250
0.003906
0.964844
0.046875
-0.078125
-0.003906
-0.027344
0.066406
-0.035156
-0.066406
-0.035156
0.046875
0.000000
1.109375
-0.066406
1.000000
-0.039062
-0.023438
0.003906
-0.011719
0.019531
0.015625
-0.027344
-0.003906
-0.023438
-0.015625
0.007812
0.019531
0.007812
0.070312
0.000000
-0.050781
0.000000
1.085938
-0.007812
0.878906
0.070312
0.007812
0.042969
0.054688
-0.070312
0.007812
0.007812
0.046875
0.097656
-0.089844
-0.058594
0.355469
-0.023438
0.187500
0.203125
-0.093750
0.660156
0.023438
0.000000
0.914062
-0.074219
0.000000
0.042969
0.019531
-0.011719
0.011719
-0.023438
0.011719
-0.109375
0.007812
0.000000
0.000000
0.011719
0.550781
0.035156
0.308594
0.078125
0.003906
0.003906
0.003906
0.003906
0.003906
0.003906
0.003906
0.003906
0.003906
0.003906
0.003906
0.003906
0.003906
0.003906
0.003906
0.003906
0.003906
0.003906
0.003906
0.003906
0.003906
0.003906
0.003906
0.003906
0.003906
0.003906
0.003906
0.003906
0.003906
0.003906
0.003906
0.003906
0.003906
0.003906
0.003906
0.003906
0.003906
0.003906
0.003906
0.003906
0.003906
0.003906
0.003906
0.003906
0.003906
0.003906
0.003906
0.003906
0.003906
0.003906
0.003906
0.003906
0.003906
0.003906
0.003906
0.003906
0.003906
0.003906
0.003906
0.003906
0.003906
0.003906
0.003906
0.003906
0.003906
0.003906
0.003906
0.003906
0.003906
0.003906
0.003906
0.003906
0.003906
0.003906
0.003906
0.003906
0.003906
0.003906
0.003906
0.003906
0.003906
0.003906
0.003906
0.003906
0.003906
0.003906
0.003906
0.003906
0.003906
0.003906
0.003906
0.003906
0.003906
0.003906
0.003906
0.003906
0.003906
0.003906
0.003906
0.003906
0.003906
0.003906
0.003906
0.003906
0.003906
0.003906
0.003906
0.003906
0.003906
0.003906
0.003906
0.003906
0.003906
0.003906
0.003906
0.003906
0.003906
0.003906
0.003906
0.003906
0.003906
0.003906
0.003906
0.003906
0.003906
0.003906
0.003906
0.003906
0.003906
0.003906
0.003906
0.003906
0.003906
0.003906
0.003906
0.003906
0.003906
0.003906
0.003906
0.003906
0.003906
0.003906
0.003906
0.003906
0.003906
0.003906
0.003906
0.003906
0.003906
0.003906
0.003906
0.003906
0.003906
0.003906
0.003906
0.003906
0.003906
0.003906
0.003906
0.003906
0.003906
0.003906
0.003906
0.003906
0.003906
0.003906
0.003906
0.003906
0.003906
0.003906
0.003906
0.003906
0.003906
0.003906
0.003906
0.003906
0.003906
0.003906
0.003906
0.003906
0.003906
0.003906
0.003906
0.003906
0.003906
0.003906
0.003906
0.003906
0.003906
0.003906
0.003906
0.003906
0.003906
0.003906
0.003906
0.003906
0.003906
0.003906
0.003906
0.003906
0.003906
0.003906
0.003906
0.003906
0.003906
0.003906
0.003906
0.003906
0.003906
0.003906
0.003906
0.003906
0.003906
0.003906
0.003906
0.003906
0.003906
0.003906
0.003906
0.003906
0.003906
0.003906
0.003906
0.003906
0.003906
0.003906
0.003906
0.003906
0.003906
0.003906
0.003906
0.003906
0.003906
0.003906
0.003906
0.003906
0.003906
0.003906
0.003906
0.003906
0.003906
0.003906
0.003906
0.003906
0.003906
0.003906
0.003906
0.003906
0.003906
0.003906
0.003906
0.003906
0.003906
0.003906
0.003906
0.003906
0.003906
0.003906
0.003906
0.003906
0.003906
0.003906
0.003906
0.003906
0.003906
0.003906
0.003906
0.003906
0.003906
0.003906
0.003906
0.003906
0.003906
0.003906
0.003906
0.003906
0.003906
0.003906
0.003906
0.003906
0.003906
0.003906
0.003906
0.003906
0.003906
0.003906
0.003906
0.003906
0.003906
0.003906
0.003906
0.003906
0.003906
0.003906
0.003906
0.003906
0.003906
0.003906
0.003906
0.003906
0.003906
0.003906
0.003906
0.003906
0.003906
0.003906
0.003906
0.003906
0.003906
0.003906
0.003906
0.003906
0.003906
0.003906
0.003906
0.003906
0.003906
0.003906
0.003906
0.003906
0.003906
0.003906
0.003906
0.003906
0.003906
0.003906
0.003906
0.003906
0.003906
0.003906
0.003906
0.003906
0.003906
0.003906
0.003906
0.003906
0.003906
0.003906
0.003906
0.003906
0.003906
0.003906
0.003906
0.003906
0.003906
0.003906
0.003906
0.003906
0.003906
0.003906
0.003906
0.003906
0.003906
0.003906
0.003906
0.003906
0.003906
0.003906
0.003906
0.003906
0.003906
0.003906
0.003906
0.003906
0.003906
0.003906
0.003906
0.003906
0.003906
0.003906
0.003906
0.003906
0.003906
0.003906
0.003906
0.003906
0.003906
0.003906
0.003906
0.003906
0.003906
0.003906
0.003906
0.003906
0.003906
0.003906
0.003906
0.003906
0.003906
0.003906
0.003906
0.003906
0.003906
0.003906
0.003906
0.003906
0.003906
0.003906
0.003906
0.003906
0.003906
0.003906
0.003906
0.003906
0.003906
0.003906
0.003906
0.003906
0.003906
0.003906
0.003906
0.003906
0.003906
0.003906
0.003906
0.003906
0.003906
0.003906
0.003906
0.003906
0.003906
0.003906
0.003906
0.003906
0.003906
0.003906
0.003906
0.003906
0.003906
0.003906
0.003906
0.003906
0.003906
0.003906
0.003906
0.003906
0.003906
0.003906
0.003906
0.003906
0.003906
0.003906
0.003906
0.003906
0.003906
0.003906
0.003906
0.003906
0.003906
0.003906
0.003906
0.003906
0.003906
0.003906
0.003906
0.003906
0.003906
0.003906
0.003906
0.003906
0.003906
0.003906
0.003906
0.003906
0.003906
0.003906
0.003906
0.003906
0.003906
0.003906
0.003906
0.003906
0.003906
0.003906
0.003906
0.003906
0.003906
0.003906
0.003906
0.003906
0.003906
0.003906
0.003906
0.003906
0.003906
0.003906
0.003906
0.003906
0.003906
0.003906
0.003906
0.003906
0.003906
0.003906
0.003906
0.003906
0.003906
0.003906
0.003906
0.003906
0.003906
0.003906
0.003906
0.003906
0.003906
0.003906
0.003906
0.003906
0.003906
0.003906
0.003906
0.003906
0.003906
0.003906
0.003906
0.003906
0.003906
0.003906
0.003906
0.003906
0.003906
0.003906
0.003906
0.003906
0.003906
0.003906
0.003906
0.003906
0.003906
0.003906
0.003906
0.003906
0.003906
0.003906
0.003906
0.003906
0.003906
0.003906
0.003906
0.003906
0.003906
0.003906
0.003906
0.003906
0.003906
0.003906
0.003906
0.003906
0.003906
0.003906
0.003906
0.003906
0.003906
0.003906
0.003906
0.003906
0.003906
0.003906
0.003906
0.003906
0.003906
0.003906
0.003906
0.003906
0.003906
0.003906
0.003906
0.003906
0.003906
0.003906
0.003906
0.003906
0.003906
0.003906
0.003906
0.003906
0.003906
0.003906
0.003906
0.003906
0.003906
0.003906
0.003906
0.003906
0.003906
0.003906
0.003906
0.003906
0.003906
0.003906
0.003906
0.003906
0.003906
0.003906
0.003906
0.003906
0.003906
0.003906
0.003906
0.003906
0.003906
0.003906
0.003906
0.003906
0.003906
0.003906
0.003906
0.003906
0.003906
0.003906
0.003906
0.003906
0.003906
0.003906
0.003906
0.003906
0.003906
0.003906
0.003906
0.003906
0.003906
0.003906
0.003906
0.003906
0.003906
0.003906
0.003906
0.003906
0.003906
0.003906
0.003906
0.003906
0.003906
0.003906
0.003906
0.003906
0.003906
0.003906
0.003906
0.003906
0.003906
0.003906
0.003906
0.003906
0.003906
0.003906
0.003906
0.003906
0.003906
0.003906
0.003906
0.003906
0.003906
0.003906
0.003906
0.003906
0.003906
0.003906
0.003906
0.003906
0.003906
0.003906
0.003906
0.003906
0.003906
0.003906
0.003906
0.003906
0.003906
0.003906
0.003906
0.003906
0.003906
0.003906
0.003906
0.003906
0.003906
0.003906
0.003906
0.003906
0.003906
0.003906
0.003906
0.003906
0.003906
0.003906
0.003906
0.003906
0.003906
0.003906
0.003906
0.003906
0.003906
0.003906
0.003906
0.003906
0.003906
0.003906
0.003906
0.003906
0.003906
0.003906
0.003906
0.003906
0.003906
0.003906
0.003906
0.003906
0.003906
0.003906
0.003906
0.003906
0.003906
0.003906
0.003906
0.003906
0.003906
0.003906
0.003906
0.003906
0.003906
0.003906
0.003906
0.003906
0.003906
0.003906
0.003906
0.003906
0.003906
0.003906
0.003906
0.003906
0.003906
0.003906
0.003906
0.003906
0.003906
0.003906
0.003906
0.003906
0.003906
0.003906
0.003906
0.003906
0.003906
0.003906
0.003906
0.003906
0.003906
0.003906
0.003906
0.003906
0.003906
0.003906
0.003906
0.003906
0.003906
0.003906
0.003906
0.003906
0.003906
0.003906
0.003906
0.003906
0.003906
0.003906
0.003906
0.003906
0.003906
0.003906
0.003906
0.003906
0.003906
0.003906
0.003906
0.003906
0.003906
0.003906
0.003906
0.003906
0.003906
0.003906
0.003906
0.003906
0.003906
0.003906
0.003906
0.003906
0.003906
0.003906
0.003906
0.003906
0.003906
0.003906
0.003906
0.003906
0.003906
0.003906
0.003906
0.003906
0.003906
0.003906
0.003906
0.003906
0.003906
0.003906
0.003906
0.003906
0.003906
0.003906
0.003906
0.003906
0.003906
0.003906
0.003906
0.003906
0.003906
0.003906
0.003906
0.003906
0.003906
0.003906
0.003906
0.003906
0.003906
0.003906
0.003906
0.003906
0.003906
0.003906
0.003906
0.003906
0.003906
0.003906
0.003906
0.003906
0.003906
0.003906
0.003906
0.003906
0.003906
0.003906
0.003906
0.003906
0.003906
0.003906
0.003906
0.003906
0.003906
0.003906
0.003906
0.003906
0.003906
0.003906
0.003906
0.003906
0.003906
0.003906
0.003906
0.003906
0.003906
0.003906
0.003906
0.003906
0.003906
0.003906
0.003906
0.003906
0.003906
0.003906
0.003906
0.003906
0.003906
0.003906
0.003906
0.003906
0.003906
0.003906
0.003906
0.003906
0.003906
0.003906
0.003906
0.003906
0.003906
0.003906
0.003906
0.003906
0.003906
0.003906
0.003906
0.003906
0.003906
0.003906
0.003906
0.003906
0.003906
0.003906
0.003906
0.003906
0.003906
0.003906
0.003906
0.003906
0.003906
0.003906
0.003906
0.003906
0.003906
0.003906
0.003906
0.003906
0.003906
0.003906
0.003906
0.003906
0.003906
0.003906
0.003906
0.003906
0.003906
0.003906
0.003906
0.003906
0.003906
0.003906
0.003906
0.003906
0.003906
0.003906
0.003906
0.003906
0.003906
0.003906
0.003906
0.003906
0.003906
0.003906
0.003906
0.003906
0.003906
0.003906
0.003906
0.003906
0.003906
0.003906
0.003906
0.003906
0.003906
0.003906
0.003906
0.003906
0.003906
0.003906
0.003906
0.003906
0.003906
0.003906
0.003906
0.003906
0.003906
0.003906
0.003906
0.003906
0.003906
0.003906
0.003906
0.003906
0.003906
0.003906
0.003906
0.003906
0.003906
0.003906
0.003906
0.003906
0.003906
0.003906
0.003906
0.003906
0.003906
0.003906
0.003906
0.003906
0.003906
0.003906
0.003906
0.003906
0.003906
0.003906
0.003906
0.003906
0.003906
0.003906
0.003906
0.003906
0.003906
0.003906
0.003906
0.003906
0.003906
0.003906
0.003906
0.003906
0.003906
0.003906
0.003906
0.003906
0.003906
0.003906
0.003906
0.003906
0.003906
0.003906
0.003906
0.003906
0.003906
0.003906
0.003906
0.003906
0.003906
0.003906
0.003906
0.003906
0.003906
0.003906
0.003906
0.003906
0.003906
0.003906
0.003906
0.003906
0.003906
0.003906
0.003906
0.003906
0.003906
0.003906
0.003906
0.003906
0.003906
0.003906
0.003906
0.003906
0.003906
0.003906
0.003906
0.003906
0.003906
0.003906
0.003906
0.003906
0.003906
0.003906
0.003906
0.003906
0.003906
0.003906
0.003906
0.003906
0.003906
0.003906
0.003906
0.003906
0.003906
0.003906
0.003906
0.003906
0.003906
0.003906
0.003906
0.003906
0.003906
0.003906
0.003906
0.003906
0.003906
0.003906
0.003906
0.003906
0.003906
0.003906
0.003906
0.003906
0.003906
0.003906
0.003906
0.003906
0.003906
0.003906
0.003906
0.003906
0.003906
0.003906
0.003906
0.003906
0.003906
0.003906
0.003906
0.003906
0.003906
0.003906
0.003906
0.003906
0.003906
0.003906
0.003906
0.003906
0.003906
0.003906
0.003906
0.003906
0.003906
0.003906
0.003906
0.003906
0.003906
0.003906
0.003906
0.003906
0.003906
0.003906
0.003906
0.003906
0.003906
0.003906
0.003906
0.003906
0.003906
0.003906
0.003906
0.003906
0.003906
0.003906
0.003906
0.003906
0.003906
0.003906
0.003906
0.003906
0.003906
0.003906
0.003906
0.003906
0.003906
0.003906
0.003906
0.003906
0.003906
0.003906
0.003906
0.003906
0.003906
0.003906
0.003906
0.003906
0.003906
0.003906
0.003906
0.003906
0.003906
0.003906
0.003906
0.003906
0.003906
0.003906
0.003906
0.003906
0.003906
0.003906
0.003906
0.003906
0.003906
0.003906
0.003906
0.003906
0.003906
0.003906
0.003906
0.003906
0.003906
0.003906
0.003906
0.003906
0.003906
0.003906
0.003906
0.003906
0.003906
0.003906
0.003906
0.003906
0.003906
0.003906
0.003906
0.003906
0.003906
0.003906
0.003906
0.003906
0.003906
0.003906
0.003906
0.003906
0.003906
0.003906
0.003906
0.003906
0.003906
0.003906
0.003906
0.003906
0.003906
0.003906
0.003906
0.003906
0.003906
0.003906
0.003906
0.003906
0.003906
0.003906
0.003906
0.003906
0.003906
0.003906
0.003906
0.003906
0.003906
0.003906
0.003906
0.003906
0.003906
0.003906
0.003906
0.003906
0.003906
0.003906
0.003906
0.003906
0.003906
0.003906
0.003906
0.003906
0.003906
0.003906
0.003906
0.003906
0.003906
0.003906
0.003906
0.003906
0.003906
0.003906
0.003906
0.003906
0.003906
0.003906
0.003906
0.003906
0.003906
0.003906
0.003906
0.003906
0.003906
0.003906
0.003906
0.003906
0.003906
0.003906
0.003906
0.003906
0.003906
0.003906
0.003906
0.003906
0.003906
0.003906
0.003906
0.003906
0.003906
0.003906
0.003906
0.003906
0.003906
0.003906
0.003906
0.003906
0.003906
0.003906
0.003906
0.003906
0.003906
0.003906
0.003906
0.003906
0.003906
0.003906
0.003906
0.003906
0.003906
0.003906
0.003906
0.003906
0.003906
0.003906
0.003906
0.003906
0.003906
0.003906
0.003906
0.003906
0.003906
0.003906
0.003906
0.003906
0.003906
0.003906
0.003906
0.003906
0.003906
0.003906
0.003906
0.003906
0.003906
0.003906
0.003906
0.003906
0.003906
0.003906
0.003906
0.003906
0.003906
0.003906
0.003906
0.003906
0.003906
0.003906
0.003906
0.003906
0.003906
0.003906
0.003906
0.003906
0.003906
0.003906
0.003906
0.003906
0.003906
0.003906
0.003906
0.003906
0.003906
0.003906
0.003906
0.003906
0.003906
0.003906
0.003906
0.003906
0.003906
0.003906
0.003906
0.003906
0.003906
0.003906
0.003906
0.003906
0.003906
0.003906
0.003906
0.003906
0.003906
0.003906
0.003906
0.003906
0.003906
0.003906
0.003906
0.003906
0.003906
0.003906
0.003906
0.003906
0.003906
0.003906
0.003906
0.003906
0.003906
0.003906
0.003906
0.003906
0.003906
0.003906
0.003906
0.003906
0.003906
0.003906
0.003906
0.003906
0.003906
0.003906
0.003906
0.003906
0.003906
0.003906
0.003906
0.003906
0.003906
0.003906
0.003906
0.003906
0.003906
0.003906
0.003906
0.003906
0.003906
0.003906
0.003906
0.003906
0.003906
0.003906
0.003906
0.003906
0.003906
0.003906
0.003906
0.003906
0.003906
0.003906
0.003906
0.003906
0.003906
0.003906
0.003906
0.003906
0.003906
0.003906
0.003906
0.003906
0.003906
0.003906
0.003906
0.003906
0.003906
0.003906
0.003906
0.003906
0.003906
0.003906
0.003906
0.003906
0.003906
0.003906
0.003906
0.003906
0.003906
0.003906
0.003906
0.003906
0.003906
0.003906
0.003906
0.003906
0.003906
0.003906
0.003906
0.003906
0.003906
0.003906
0.003906
0.003906
0.003906
0.003906
0.003906
0.003906
0.003906
0.003906
0.003906
0.003906
0.003906
0.003906
0.003906
0.003906
0.003906
0.003906
0.003906
0.003906
0.003906
0.003906
0.003906
0.003906
0.003906
0.003906
0.003906
0.003906
0.003906
0.003906
0.003906
0.003906
0.003906
0.003906
0.003906
0.003906
0.003906
0.003906
0.003906
0.003906
0.003906
0.003906
0.003906
0.003906
0.003906
0.003906
0.003906
0.003906
0.003906
0.003906
0.003906
0.003906
0.003906
0.003906
0.003906
0.003906
0.003906
0.003906
0.003906
0.003906
0.003906
0.003906
0.003906
0.003906
0.003906
0.003906
0.003906
0.003906
0.003906
0.003906
0.003906
0.003906
0.003906
0.003906
0.003906
0.003906
0.003906
0.003906
0.003906
0.003906
0.003906
0.003906
0.003906
0.003906
0.003906
0.003906
0.003906
0.003906
0.003906
0.003906
0.003906
0.003906
0.003906
0.003906
0.003906
0.003906
0.003906
0.003906
0.003906
0.003906
0.003906
0.003906
0.003906
0.003906
0.003906
0.003906
0.003906
0.003906
0.003906
0.003906
0.003906
0.003906
0.003906
0.003906
0.003906
0.003906
0.003906
0.003906
0.003906
0.003906
0.003906
0.003906
0.003906
0.003906
0.003906
0.003906
0.003906
0.003906
0.003906
0.003906
0.003906
0.003906
0.003906
0.003906
0.003906
0.003906
0.003906
0.003906
0.003906
0.003906
0.003906
0.003906
0.003906
0.003906
0.003906
0.003906
0.003906
0.003906
0.003906
0.003906
0.003906
0.003906
0.003906
0.003906
0.003906
0.003906
0.003906
0.003906
0.003906
0.003906
0.003906
0.003906
0.003906
0.003906
0.003906
0.003906
0.003906
0.003906
0.003906
0.003906
0.003906
0.003906
0.003906
0.003906
0.003906
0.003906
0.003906
0.003906
0.003906
0.003906
0.003906
0.003906
0.003906
0.003906
0.003906
0.003906
0.003906
0.003906
0.003906
0.003906
0.003906
0.003906
0.003906
0.003906
0.003906
0.003906
0.003906
0.003906
0.003906
0.003906
0.003906
0.003906
0.003906
0.003906
0.003906
0.003906
0.003906
0.003906
0.003906
0.003906
0.003906
0.003906
0.003906
0.003906
0.003906
0.003906
0.003906
0.003906
0.003906
0.003906
0.003906
0.003906
0.003906
0.003906
0.003906
0.003906
0.003906
0.003906
0.003906
0.003906
0.003906
0.003906
0.003906
0.003906
0.003906
0.003906
0.003906
0.003906
0.003906
0.003906
0.003906
0.003906
0.003906
0.003906
0.003906
0.003906
0.003906
0.003906
0.003906
0.003906
0.003906
0.003906
0.003906
0.003906
0.003906
0.003906
0.003906
0.003906
0.003906
0.003906
0.003906
0.003906
0.003906
0.003906
0.003906
0.003906
0.003906
0.003906
0.003906
0.003906
0.003906
0.003906
0.003906
0.003906
0.003906
0.003906
0.003906
0.003906
0.003906
0.003906
0.003906
0.003906
0.003906
0.003906
0.003906
0.003906
0.003906
0.003906
0.003906
0.003906
0.003906
0.003906
0.003906
0.003906
0.003906
0.003906
0.003906
0.003906
0.003906
0.003906
0.003906
0.003906
0.003906
0.003906
0.003906
0.003906
0.003906
0.003906
0.003906
0.003906
0.003906
0.003906
0.003906
0.003906
0.003906
0.003906
0.003906
0.003906
0.003906
0.003906
0.003906
0.003906
0.003906
0.003906
0.003906
0.003906
0.003906
0.003906
0.003906
0.003906
0.003906
0.003906
0.003906
0.003906
0.003906
0.003906
0.003906
0.003906
0.003906
0.003906
0.003906
0.003906
0.003906
0.003906
0.003906
0.003906
0.003906
0.003906
0.003906
0.003906
0.003906
0.003906
0.003906
0.003906
0.003906
0.003906
0.003906
0.003906
0.003906
0.003906
0.003906
0.003906
0.003906
0.003906
0.003906
0.003906
0.003906
0.003906
0.003906
0.003906
0.003906
0.003906
0.003906
0.003906
0.003906
0.003906
0.003906
0.003906
0.003906
0.003906
0.003906
0.003906
0.003906
0.003906
0.003906
0.003906
0.003906
0.003906
0.003906
0.003906
0.003906
0.003906
0.003906
0.003906
0.003906
0.003906
0.003906
0.003906
0.003906
0.003906
0.003906
0.003906
0.003906
0.003906
0.003906
0.003906
0.003906
0.003906
0.003906
0.003906
0.003906
0.003906
0.003906
0.003906
0.003906
0.003906
0.003906
0.003906
0.003906
0.003906
0.003906
0.003906
0.003906
0.003906
0.003906
0.003906
0.003906
0.003906
0.003906
0.003906
0.003906
0.003906
0.003906
0.003906
0.003906
0.003906
0.003906
0.003906
0.003906
0.003906
0.003906
0.003906
0.003906
0.003906
0.003906
0.003906
0.003906
0.003906
0.003906
0.003906
0.003906
0.003906
0.003906
0.003906
0.003906
0.003906
0.003906
0.003906
0.003906
0.003906
0.003906
0.003906
0.003906
0.003906
0.003906
0.003906
0.003906
0.003906
0.003906
0.003906
0.003906
0.003906
0.003906
0.003906
0.003906
0.003906
0.003906
0.003906
0.003906
0.003906
0.003906
0.003906
0.003906
0.003906
0.003906
0.003906
0.003906
0.003906
0.003906
0.003906
0.003906
0.003906
0.003906
0.003906
0.003906
0.003906
0.003906
0.003906
0.003906
0.003906
0.003906
0.003906
0.003906
0.003906
0.003906
0.003906
0.003906
0.003906
0.003906
0.003906
0.003906
0.003906
0.003906
0.003906
0.003906
0.003906
0.003906
0.003906
0.003906
0.003906
0.003906
0.003906
0.003906
0.003906
0.003906
0.003906
0.003906
0.003906
0.003906
0.003906
0.003906
0.003906
0.003906
0.003906
0.003906
0.003906
0.003906
0.003906
0.003906
0.003906
0.003906
0.003906
0.003906
0.003906
0.003906
0.003906
0.003906
0.003906
0.003906
0.003906
0.003906
0.003906
0.003906
0.003906
0.003906
0.003906
0.003906
0.003906
0.003906
0.003906
0.003906
0.003906
0.003906
0.003906
0.003906
0.003906
0.003906
0.003906
0.003906
0.003906
0.003906
0.003906
0.003906
0.003906
0.003906
0.003906
0.003906
0.003906
0.003906
0.003906
0.003906
0.003906
0.003906
0.003906
0.003906
0.003906
0.003906
0.003906
0.003906
0.003906
0.003906
0.003906
0.003906
0.003906
0.003906
0.003906
0.003906
0.003906
0.003906
0.003906
0.003906
0.003906
0.003906
0.003906
0.003906
0.003906
0.003906
0.003906
0.003906
0.003906
0.003906
0.003906
0.003906
0.003906
0.003906
0.003906
0.003906
0.003906
0.003906
0.003906
0.003906
0.003906
0.003906
0.003906
0.003906
0.003906
0.003906
0.003906
0.003906
0.003906
0.003906
0.003906
0.003906
0.003906
0.003906
0.003906
0.003906
0.003906
0.003906
0.003906
0.003906
0.003906
0.003906
0.003906
0.003906
0.003906
0.003906
0.003906
0.003906
0.003906
0.003906
0.003906
0.003906
0.003906
0.003906
0.003906
0.003906
0.003906
0.003906
0.003906
0.003906
0.003906
0.003906
0.003906
0.003906
0.003906
0.003906
0.003906
0.003906
0.003906
0.003906
0.003906
0.003906
0.003906
0.003906
0.003906
0.003906
0.003906
0.003906
0.003906
0.003906
0.003906
0.003906
0.003906
0.003906
0.003906
0.003906
0.003906
0.003906
0.003906
0.003906
0.003906
0.003906
0.003906
0.003906
0.003906
0.003906
0.003906
0.003906
0.003906
0.003906
0.003906
0.003906
0.003906
0.003906
0.003906
0.003906
0.003906
0.003906
0.003906
0.003906
0.003906
0.003906
0.003906
0.003906
0.003906
0.003906
0.003906
0.003906
0.003906
0.003906
0.003906
0.003906
0.003906
0.003906
0.003906
0.003906
0.003906
0.003906
0.003906
0.003906
0.003906
0.003906
0.003906
0.003906
0.003906
0.003906
0.003906
0.003906
0.003906
0.003906
0.003906
0.003906
0.003906
0.003906
0.003906
0.003906
0.003906
0.003906
0.003906
0.003906
0.003906
0.003906
0.003906
0.003906
0.003906
0.003906
0.003906
0.003906
0.003906
0.003906
0.003906
0.003906
0.003906
0.003906
0.003906
0.003906
0.003906
0.003906
0.003906
0.003906
0.003906
0.003906
0.003906
0.003906
0.003906
0.003906
0.003906
0.003906
0.003906
0.003906
0.003906
0.003906
0.003906
0.003906
0.003906
0.003906
0.003906
0.003906
0.003906
0.003906
0.003906
0.003906
0.003906
0.003906
0.003906
0.003906
0.003906
0.003906
0.003906
0.003906
0.003906
0.003906
0.003906
0.003906
0.003906
0.003906
0.003906
0.003906
0.003906
0.003906
0.003906
0.003906
0.003906
0.003906
0.003906
0.003906
0.003906
0.003906
0.003906
0.003906
0.003906
0.003906
0.003906
0.003906
0.003906
0.003906
0.003906
0.003906
0.003906
0.003906
0.003906
0.003906
0.003906
0.003906
0.003906
0.003906
0.003906
0.003906
0.003906
0.003906
0.003906
0.003906
0.003906
0.003906
0.003906
0.003906
0.003906
0.003906
0.003906
0.003906
0.003906
0.003906
0.003906
0.003906
0.003906
0.003906
0.003906
0.003906
0.003906
0.003906
0.003906
0.003906
0.003906
0.003906
0.003906
0.003906
0.003906
0.003906
0.003906
0.003906
0.003906
0.003906
0.003906
0.003906
0.003906
0.003906
0.003906
0.003906
0.003906
0.003906
0.003906
0.003906
0.003906
0.003906
0.003906
0.003906
0.003906
0.003906
0.003906
0.003906
0.003906
0.003906
0.003906
0.003906
0.003906
0.003906
0.003906
0.003906
0.003906
0.003906
0.003906
0.003906
0.003906
0.003906
0.003906
0.003906
0.003906
0.003906
0.003906
0.003906
0.003906
0.003906
0.003906
0.003906
0.003906
0.003906
0.003906
0.003906
0.003906
0.003906
0.003906
0.003906
0.003906
0.003906
0.003906
0.003906
0.003906
0.003906
0.003906
0.003906
0.003906
0.003906
