-0.063965
0.03064
-0.12781
0.23303
0.63885
0.03363
0.19604
-0.028015
0.0046997
0.015747
-0.032227
-0.0056763
0.66022
0.030884
0.21313
-0.045959
0.13654
0.006958
0.17334
-0.02063
0.67126
-0.0082397
-0.10596
0.028564
0.17017
0.16022
0.37018
-0.097656
0.089966
-0.0495
0.02124
0.95984
-0.037781
-0.13007
0.11908
0.0010376
0.016724
0.039368
0.025024
0.069214
-0.09198
0.0097046
0.47778
0.067688
0.3642
-0.010559
0.15149
-0.0089111
-0.035522
-0.052979
0.059631
-0.13947
-0.031616
-0.096924
-0.078064
1.0847
0.10474
0.25482
0.15875
-0.00030518
-0.087341
0.01593
0.049133
0.077454
-0.046448
0.16791
-0.042419
-0.20526
0.22327
1.0377
0.12897
0.14923
-0.051575
0.64606
-0.051636
0.010986
0.0024414
-0.014038
0.12158
-0.049011
0.010559
-0.066895
0.90814
-0.010193
0.042419
0.013123
0.19891
-0.018738
-0.021423
0.0625
0.02771
0.029358
-0.062988
0.054199
0.085693
0.0040283
-0.033447
0.10168
0.84827
-0.018066
-0.042114
0.0091553
-0.0040283
0.045898
0.031067
1.1895
-0.070374
-0.16382
-0.0044556
-0.076355
0.032288
0.087219
-0.0401
0.0094604
0.046082
-0.019043
0.093994
1.012
0.018433
-0.036316
-0.12909
0.024963
0.027588
1.0187
0.041443
0.048096
-0.049683
-0.027588
0.01178
-0.02002
-0.045654
0.93695
0.038879
-0.051758
0.0044556
0.023621
-0.027283
0.026428
-0.019165
0.03363
-0.015503
0.049011
0.2265
-0.056274
0.5296
-0.02887
0.16473
0.027527
-0.028503
-0.0061646
0.77722
0.031555
-0.11017
-0.14319
0.13965
0.028442
0.16986
-0.098572
-0.0029907
0.015381
0.030396
0.051025
0.003479
-0.049866
-0.0098877
0.0067139
0.017029
-0.036255
1.0731
0.05127
0.079895
0.54675
0.041809
0.26276
0.13599
-0.0073242
-0.066101
-0.0073853
-0.012024
0.014709
-0.045471
0.037354
0.013489
0.032593
0.12769
0.21906
0.10425
-0.1283
0.76526
0.094421
0.08728
-0.038391
0.14984
-0.18219
-0.036072
1.1177
0.087524
-0.34607
-0.10352
0.23914
0.28607
-0.037903
-0.11749
0.12463
0.32257
-0.092468
0.37134
0.019409
0.086731
0.014648
0.040833
-0.0011597
-0.03949
0.089355
0.0021973
0.23114
-0.008667
0.023132
-0.10803
0.75238
0.19733
0.17603
0.034058
0.28571
0.0029297
0.17065
0.033936
0.16284
-0.023071
0.036011
0.018494
0.20734
-0.0271
0.57867
0.17365
0.040955
0.0224
0.021484
-0.044495
0.060913
0.023376
-0.012207
0.11096
-0.010315
0.072998
0.24304
0.16064
0.056641
0.32343
-0.04364
0.077148
-0.010681
0.10468
0.026001
0.12042
0.15002
0.19147
0.021362
0.40808
0.031494
-0.038452
-0.014038
0.038513
0.053284
0.71808
0.059631
0.28156
-0.042297
-0.045837
-0.060974
0.18158
-0.021729
0.36401
-0.016052
0.11676
-0.0053101
0.38104
-0.0080566
0.17749
-0.0073853
0.97516
-0.031494
-0.12091
-0.12024
-0.083435
0.1377
0.039856
0.13696
-0.07312
0.017456
0.15094
0.17285
-0.041992
0.17706
0.24988
-0.070801
0.21283
0.073425
0.075378
0.019409
0.016418
-0.076599
0.36426
0.020386
0.51941
-0.0021973
0.27997
0.0065918
-0.027039
-0.016357
-0.067749
0.041992
0.27948
0.13513
0.38007
-0.02124
0.14392
-0.0076904
-0.082642
0.029846
0.1369
-0.030151
-0.020325
0.90839
-0.091797
0.074341
-0.0084839
-0.0081177
0.057007
0.015198
-0.095947
0.015747
0.38928
0.053284
0.44501
0.010742
0.24872
-0.0064697
0.030518
0.039246
-0.16467
0.097839
0.17444
-0.050171
0.10156
0.77118
-0.0064697
0.11353
0.0098877
-0.067139
0.013428
0.014893
0.022156
-0.03363
-0.048462
0.057434
-0.015869
-0.023621
0.086975
0.90021
0.029175
0.59125
-0.011719
0.39874
0.052979
0.0032349
0.021606
0.05896
-0.053711
-0.015686
0.051147
1.0193
-0.0045166
-0.069275
0.089661
0.0040894
-0.015564
0.046143
-0.042603
0.0038452
-0.031189
-0.063965
0.025574
-0.046082
0.066284
0.28363
0.0018311
0.013428
0.059082
0.77631
-0.08374
-0.079529
0.19238
-0.064819
0.67706
0.028259
0.11243
-0.029663
0.074158
0.00091553
-0.026001
0.038086
-0.015259
0.050049
0.005127
0.049622
0.033508
0.9187
-0.045532
-0.028748
0.9314
0.06427
-0.059875
-0.020325
-0.085632
0.037354
0.089661
-0.031189
-0.075623
0.071472
-0.0040283
-0.030334
-0.092896
0.43109
0.30249
0.070313
0.11639
0.0224
0.0042725
0.10394
0.08136
0.16333
0.32764
-0.071899
0.073242
0.023682
0.12823
-0.015747
-0.03125
-0.0023804
0.68567
-0.024231
-0.074829
0.012756
0.089844
-0.0028076
0.33344
-0.017761
-0.021179
0.054504
0.90845
0.059387
-0.043213
-0.01123
-0.038818
0.10297
0.098877
0.10834
-0.10388
-0.014038
0.032654
-0.044434
0.0020752
-0.041077
0.070435
0.06427
0.018921
0.34259
0.057922
0.54114
-0.080383
0.0032959
-0.040283
0.067627
0.058594
0.26501
0.047302
0.55212
0.13385
0.10663
0.74823
0.015747
0.07019
0.020325
-0.090332
-0.0065308
0.13611
0.0079956
0.060669
-0.0084839
-0.0036011
0.053772
0.022156
-0.0015869
0.020386
0.17139
0.050171
0.8009
-0.03125
0.017822
-0.029236
-0.0401
0.10779
0.015259
-0.012939
0.092773
0.061951
-0.15326
1.033
0.037231
0.39478
-0.053894
0.085144
0.25616
0.0177
0.09375
0.11487
0.01178
0.028992
0.0054321
-0.099487
0.10358
-0.0039063
0.013
-0.013428
0.87354
-0.11078
0.16833
0.012146
0.20563
0.092285
-0.095459
0.051086
-0.027588
0.38031
0.016052
0.38519
0.017822
-0.014038
-0.03241
-0.061829
0.21948
0.13782
-0.0098877
0.47137
0.0098877
0.22449
-0.096985
0.02948
-0.016235
-0.089111
0.095276
-0.078491
0.4043
0.43616
0.021973
0.14374
-0.0049438
0.0058594
-0.040771
-0.012207
-0.074829
-0.044434
0.045471
0.016174
-0.0012817
0.07843
-0.054504
0.64697
0.091797
0.0055542
0.022644
0.05481
0.014648
0.029785
-0.058228
-0.042236
-0.013916
0.050598
0.97614
-0.0020752
0.0050049
0.0073242
-0.054199
0.075989
0.10144
0.0058594
0.63885
0.00067139
0.26947
-0.078003
0.05603
0.2735
-0.036987
0.61078
0.0045776
-0.0093384
0.0045166
-0.0096436
0.021362
0.026306
-0.055298
0.0055542
0.015991
0.037842
0.12091
0.058655
0.15289
0.037231
0.93298
0.048767
-0.094421
-0.030823
-0.15546
-0.015503
1.0521
0.076782
-0.12555
-0.018127
-0.037109
0.035095
-0.036499
0.14136
0.63312
0.29462
0.011963
0.046265
0.0088501
-0.034485
-0.0092163
0.013611
0.020935
-0.018738
-0.04425
0.03595
-0.095032
0.017578
0.8587
0.0060425
0.21161
0.012329
0.033325
0.70197
-0.02301
0.17291
-0.036377
0.1524
0.0076294
0.024109
-0.023621
-0.024841
0.014038
0.30603
0.010193
0.42792
0.0077515
0.22504
0.016235
0.089661
-0.042114
0.077759
0.87433
-0.10724
0.052124
0.021179
-0.0095215
0.017517
0.039917
-0.029175
-0.011414
-0.018188
0.0039063
-0.083313
-0.065857
0.0054932
0.1828
-0.038452
0.072998
-0.0023193
0.89941
-0.027588
0.059692
0.0096436
-0.088989
0.017578
0.36542
0.038635
0.77094
-0.012024
-0.065552
0.054504
0.048645
-0.028259
-0.052917
0.18225
0.017761
0.065369
-0.00048828
0.53424
0.049744
-0.005127
0.97693
0.012573
-0.028931
0.026489
0.00042725
-0.058472
0.0062256
0.026489
0.020447
0.071899
0.044373
0.085083
0.73016
0.1225
-0.11926
-0.058655
-0.0060425
-0.074768
-0.042236
-0.0032349
0.071472
-0.031677
-0.015442
-0.05426
0.11353
-0.074158
0.14233
-0.1225
0.74548
0.16809
-0.016174
-0.17291
0.46606
0.014221
0.042419
0.19897
-0.12946
0.084106
0.12433
-0.022156
0.057251
0.11865
0.0019531
0.45343
-0.069336
0.30969
-0.035278
0.080322
-0.015381
-0.0073853
-0.023376
-0.02417
0.012085
0.02417
0.18469
0.0065308
0.47302
-0.086975
0.42108
0.049377
0.0015869
0.028931
-0.12012
0.00085449
0.039429
0.051331
-0.012329
0.87445
-0.03009
-0.067749
0.056213
0.098022
0.038025
0.40338
0.0099487
0.42468
-0.019897
-6.1035e-05
-0.010925
0.056091
-0.12909
-0.12695
0.029541
-0.016541
0.97742
-0.069214
0.15698
-0.013306
0.019043
-0.054993
-0.064148
0.10596
0.11969
0.22546
0.045898
0.091919
-0.019592
0.94568
0.19385
0.005127
0.0031738
-0.047119
-0.033325
0.011963
0.2746
-0.017883
0.26135
0.0013428
0.50922
-0.055237
0.052124
-0.052124
0.0448
0.023438
0.1308
-0.082153
-0.025391
-0.017273
0.78937
-0.045166
-0.0097046
0.03125
0.0018311
-0.017578
0.1189
0.0062866
0.10712
0.096802
0.74158
-0.027161
-0.027893
-0.035095
-0.00018311
-0.0043945
0.21155
-0.033325
0.68201
0.041443
-0.151
0.51764
-0.075989
-0.013916
0.24402
0.11456
0.11938
0.097351
0.029358
-0.011169
-0.0096436
-0.03595
0.12109
0.070618
-0.037048
0.69519
-0.0058594
0.13367
-0.019226
0.039978
0.061035
-0.013855
-0.0080566
0.71381
-0.022766
0.27942
0.0087891
0.17413
0.03949
0.015808
-0.041748
0.15265
0.041199
0.12854
0.49377
0.323
0.046936
0.08136
0.041748
-0.078369
-0.054504
-0.027039
-0.024353
0.14697
-0.006897
0.77277
0.11908
0.046997
0.0401
-0.0050049
0.0097046
0.20221
-0.0061035
0.15118
0.023987
0.018677
0.054321
0.24866
-0.011108
0.080505
-0.02124
0.072937
0.019104
-0.058899
-0.02594
-0.060913
0.53961
0.05603
0.20465
-0.033203
0.28094
-0.14917
0.01416
0.023499
-0.010071
0.008728
0.77997
-0.13538
0.10516
0.1463
0.12518
0.019226
-0.084961
-0.083923
0.87292
-0.0037231
0.078918
0.021301
0.16388
0.0091553
0.017456
0.05011
0.0062256
0.0027466
0.053833
-0.036072
0.062805
-0.032349
-0.090698
0.17938
0.93445
0.046814
0.1167
0.12793
0.075134
0.11407
0.2868
0.18689
0.0065308
0.1424
-0.086914
0.14185
-0.10706
-0.099121
0.065063
-0.065063
-0.0018311
0.1286
0.1142
0.7442
-0.0062256
0.16693
-0.014771
0.08844
0.22308
-0.057617
0.30609
0.1333
-0.066406
0.33411
-0.044189
0.36725
0.019836
-0.042053
0.14124
0.077271
-0.068481
0.21912
0.042908
-0.038635
0.069641
0.58203
-0.049744
0.16608
0.076111
0.0045776
-0.069824
0.13733
-0.0029907
0.055176
0.029785
-0.15497
0.00012207
0.19794
-0.063232
0.58374
0.015625
0.18689
-0.032715
-0.041382
-0.0042114
0.018494
0.53674
0.062744
0.30829
0.022034
0.14563
-0.045776
0.0979
-0.00036621
0.0177
0.0049438
0.059143
-0.018921
0.089294
0.089661
0.34094
-0.040833
0.20862
-0.0058594
0.58838
-0.049561
0.018616
0.013062
1.0912
-0.084656
0.030762
0.01001
0.026001
-0.038696
0.0043335
0.06543
0.20044
0.064331
0.64038
0.0050659
0.12958
0.022278
-0.0036011
-0.033569
0.0053711
-0.0042114
-0.019165
-0.013428
-0.064331
0.051819
0.77258
0.06781
0.069885
0.097473
0.046021
0.025757
0.44873
0.045166
0.66071
0.10352
-0.035278
-0.033203
-0.0073853
-0.073425
0.0029907
0.046631
0.067261
0.056091
-0.0030518
-0.04071
0.4588
0.12994
0.52985
-0.20258
0.23608
0.017517
-0.069031
-0.060486
0.047729
0.10211
0.8551
0.092529
0.048035
-0.038391
-0.051453
-0.027527
0.037842
0.0029297
0.025879
-0.0030518
0.23328
0.040161
0.045715
0.085144
0.7287
0.033936
0.084839
0.36896
0.031982
0.041077
0.37915
0.16071
-0.0979
0.060852
-0.049744
0.061157
-0.035156
-0.044495
-0.0073853
-0.047791
-0.038452
0.036255
0.034424
0.64844
0.02771
-0.049133
0.060242
-0.013245
0.14197
0.075439
1.0355
-0.025818
-0.070251
0.021667
-0.16193
0.025085
-0.023132
0.023926
0.075745
-0.12793
0.69672
-0.10529
0.0061035
0.0092163
0.1933
-0.0087891
0.084534
-0.077148
-0.055664
0.03064
0.22479
-0.074341
0.074524
-0.13416
0.90802
0.03949
0.061218
0.027466
-0.020203
-0.07251
0.72089
0.23047
-0.29034
0.10797
0.4516
0.058411
0.29248
-0.0065918
0.15088
0.36865
-0.080444
0.15186
0.069641
-0.10828
-0.019775
0.4502
0.08197
-0.032959
0.046997
0.17297
-0.0071411
0.43036
-0.0043335
0.053589
0.0097656
-0.0026245
0.042358
-0.0048218
-0.032043
-0.041504
0.25079
0.063843
0.31171
0.068726
0.5257
0.29022
0.11212
-0.033569
0.55212
-0.086426
-0.038269
0.073303
-0.05896
0.035461
0.065613
0.015991
-0.077881
-0.073486
0.11414
-0.0084839
0.94336
0.10895
0.0064697
-0.045959
-0.14917
-0.042725
-0.015076
0.28601
-0.10699
0.3606
0.097534
0.19604
0.019714
0.085266
-0.0045776
0.028381
0.056335
0.66248
0.050659
0.28845
-0.0073242
0.099548
0.024292
-0.12421
-0.019775
0.12543
-0.092896
0.093506
0.21381
0.2644
-0.028442
0.41315
0.069397
-0.095703
-0.089355
0.011719
-0.053833
0.050598
0.012634
0.031006
-0.13458
0.0578
0.14172
0.069031
1.1245
0.052307
0.0024414
0.38214
0.04303
0.50696
0.018738
0.20917
-0.039612
-0.069824
-0.03125
0.074951
-0.082825
-0.094238
0.048645
-0.0354
0.036011
0.091248
0.13879
0.90173
0.016235
-0.02417
1.063
0.032349
-0.010681
0.032898
-0.045959
-0.032776
-0.017029
-0.011169
0.0025024
-0.044067
0.060547
-0.04364
-0.082397
0.029236
-0.031555
-0.0755
-0.018677
-0.16113
0.8703
0.10565
0.022766
0.55139
0.01239
0.17474
0.013123
0.30444
0.056091
0.041931
-0.022583
0.1391
-0.037292
0.21979
0.09137
0.18384
0.11731
0.46967
-0.021179
0.061157
-0.022339
0.11774
-0.055054
0.048828
0.03717
0.06958
0.073975
0.35547
-0.0028687
0.13
-0.040283
-0.019104
0.0054321
0.20819
0.037537
0.61011
-0.015259
0.24103
-0.032471
-0.045654
0.024719
0.081055
-0.0089722
0.07489
-0.071106
0.12537
-0.020752
0.18219
-0.043518
0.3385
0.077942
0.056335
0.061768
0.013733
-0.052246
-0.026062
0.0029297
-0.079224
0.025818
0.81787
0.010315
-0.019165
0.028198
-0.035522
-0.049866
0.03595
0.0045166
-0.0039063
0.99445
-0.094421
-0.077271
-0.0177
-0.024658
0.0090942
0.00036621
0.027161
0.29285
-0.089783
0.66333
0.036865
0.11029
0.12347
0.063782
0.069946
0.31885
0.44843
0.01355
0.02063
0.043091
0.035278
0.026428
0.0043945
-0.026672
0.032043
-0.010193
-0.0096436
0.098572
-0.044495
-0.042114
0.010437
0.7113
-0.042847
0.16595
0.088013
1.0335
-0.060303
-0.043335
-0.087036
-0.011414
-0.032776
-0.041504
-0.049316
-0.0087891
0.02655
-0.038757
0.0495
0.2063
0.040344
0.0625
0.041687
0.70728
0.5191
0.03595
-0.030884
0.29047
0.17407
0.061218
0.090942
0.067566
0.06427
0.038086
0.0072021
0.069397
0.00048828
0.00073242
0.1593
0.13013
0.067993
0.064819
0.94226
0.023865
0.026978
0.051025
0.19849
0.058411
0.28546
-0.0055542
0.2583
0.11169
0.038757
-0.011597
0.17273
0.0043945
0.28528
0.058472
0.20068
0.054626
0.38885
-0.0067749
-0.097961
-0.048096
0.010132
0.0061646
-0.011719
0.11499
-0.024231
-0.036621
0.077637
0.022156
-0.057007
1.065
0.79871
0.034546
-0.016846
0.056702
-0.093384
-0.0070801
0.029419
-0.035583
0.049011
0.025635
0.15521
0.088318
0.12799
0.37158
0.074036
0.1087
0.13934
0.019714
0.05603
-0.03302
0.073181
-0.019958
0.30603
0.011292
0.24377
-0.023499
0.41156
-0.035828
0.024597
-0.040527
-0.040894
-0.032654
0.065735
0.080994
-0.06073
0.36627
-0.074951
0.35657
-0.057251
0.080811
0.073914
-0.08551
0.049194
0.042969
-0.0026855
0.33618
0.05249
0.16217
0.15875
0.22839
0.89221
-0.027405
0.020935
-0.0089111
0.0054321
-0.0027466
0.35382
-0.041504
-0.12024
-0.083618
-0.098511
0.12128
0.44989
-0.013306
0.7359
0.029785
0.06897
0.018738
-0.1322
-0.025513
6.1035e-05
-0.017883
0.030334
0.0075073
0.52667
-0.0055542
0.40637
-0.0040283
0.035034
0.003479
-0.0093994
-0.0073853
0.0495
0.0089722
0.69806
-0.022278
0.23083
-0.053101
0.074646
0.01947
0.13818
0.88568
-0.046021
0.014404
0.082275
-0.057434
0.010437
-0.014954
-0.014221
-0.036743
-0.018494
0.15576
0.14441
0.60028
0.11938
-0.027649
-0.062683
0.041077
-0.18427
-0.01947
-0.039429
0.91663
-0.031738
0.051331
0.01239
0.010193
-0.03949
0.050964
-0.03186
-0.033386
0.22729
0.065186
0.15985
-0.098938
0.021362
-0.093018
0.22748
-0.077576
0.43329
0.02594
-0.049133
-0.050232
0.033203
-0.11719
-0.018982
-0.38605
0.015686
1.4711
-0.055542
-0.085693
-0.04248
0.14819
-0.054382
0.024536
0.078491
0.0401
-0.010559
-0.10352
0.89496
0.033691
0.11224
-0.043457
-0.027283
0.23712
-0.019958
0.056702
0.09967
-0.065796
0.63953
0.010681
0.0025024
-0.0045776
0.036072
-0.027527
0.035645
0.22546
0.08783
0.36456
0.014404
0.3761
-0.0070801
0.07959
0.0015869
0.032715
0.023926
-0.048767
0.11249
1.1163
0.025818
-0.080017
0.21826
0.0099487
0.039673
0.039673
0.048218
0.3479
0.18347
0.0090942
0.089966
-0.10614
0.031616
-0.16797
-0.12122
0.014526
-0.013977
0.32715
0.061157
0.16669
0.13824
0.61121
0.06189
-0.026733
-0.039612
0.044922
0.031799
0.50146
0.097351
0.60638
-0.034607
-0.10199
0.020264
0.11426
-0.04425
0.80975
0.027161
0.072388
0.079834
-0.034912
0.021301
0.0070801
0.070007
-0.0096436
0.020386
-0.014038
0.43243
0.010681
0.39056
-0.014282
0.016235
-0.030151
0.93951
0.063965
-0.07428
0.025635
-0.11072
0.08783
0.10364
-0.024353
-0.094849
0.05127
-0.18311
0.08606
0.28137
-0.07843
0.578
-0.02301
0.33276
0.035645
-0.11432
-0.083435
0.34302
0.0064087
0.26453
0.0079346
-0.0050049
0.047729
0.2569
0.0014648
-0.012817
0.0077515
0.23297
0.1264
-0.06842
0.5481
-0.019226
-0.039368
0.060547
-0.0074463
-0.073914
0.046631
-0.021667
-0.0054932
0.17749
0.017578
0.33575
0.038696
0.43439
-0.063782
0.13397
-0.026672
-0.017883
-0.10187
0.028992
0.045288
0.086426
0.26117
0.18707
0.087952
0.48004
0.0082397
0.069763
0.019714
-0.13477
-0.057068
0.097229
-0.027954
-0.10797
0.068909
0.99323
0.024963
0.0271
-0.037598
-0.023743
-0.027039
-0.15228
-0.055298
-0.006897
-0.014771
0.7923
-0.023499
0.81848
-0.038025
-0.061951
-0.021179
-0.12872
-0.021729
0.21021
0.096497
-0.019409
-0.044189
0.069092
0.010864
0.46924
-0.062195
0.084106
0.039673
0.29498
-0.028381
0.13861
0.020691
0.019836
0.052795
-0.056702
0.92468
0.014099
0.15778
0.041626
0.046021
0.034546
-0.082153
0.093811
0.053833
0.36487
-0.071045
0.7077
0.032227
-0.01825
0.061646
-0.016357
0.029602
0.05719
0.040161
0.10663
-0.1402
0.038696
0.11908
0.21063
0.062622
0.48889
0.03772
0.10522
-0.047241
0.28949
-0.066711
-0.027893
-0.059143
0.22748
0.074158
0.19775
-0.057373
-0.069519
0.79059
-0.027954
0.11108
0.04657
0.12714
-0.090149
-0.0074463
-0.014465
0.019287
-0.056396
-0.026855
0.20459
-0.0031738
0.72656
0.044556
0.072388
-0.023987
-0.050354
0.027893
-0.1004
0.80396
-0.059265
0.048035
0.029907
0.077454
-0.027649
0.033508
0.082703
0.017944
-0.011597
0.98303
-0.12952
-0.056885
0.043518
0.087097
0.025635
0.037903
0.0023193
0.019226
0.026611
-0.090515
0.22333
0.074097
0.26013
0.0050659
0.34222
-0.051453
-0.037842
0.049866
0.32043
0.062317
-0.055847
0.62939
-0.040894
-0.0029297
0.096375
-0.0059204
0.016479
0.030273
-0.056274
0.046204
0.68805
0.067017
0.18488
-0.026672
0.18787
0.012634
-0.07074
-0.055115
0.34753
0.033875
0.2868
0.11249
0.09552
0.19458
0.22937
-0.06427
0.099731
0.017639
-0.12677
0.048279
0.13348
-0.016052
0.12744
0.24835
0.043701
-0.092407
0.40137
0.02124
0.94885
0.060608
-0.081787
-0.087524
-0.078735
0.051392
0.067017
-0.053589
-0.0020142
-0.026489
0.44342
0.019775
0.031494
0.075928
-0.031372
0.10742
0.11255
-0.014038
-0.010803
-0.049561
-0.052429
0.0011597
0.43988
0.052612
0.25439
0.078979
0.14905
0.016724
-0.047913
-0.00054932
0.098511
0.89801
-0.037659
0.022339
0.036682
0.0037842
-0.046753
-0.014954
0.015137
0.038147
0.23395
0.16895
0.028748
0.2984
0.066772
0.053528
0.068542
0.076843
0.051208
-0.014954
0.050476
-0.19623
0.57861
-0.011719
0.0049438
-0.042053
0.31134
0.13629
-0.040894
-0.065491
-0.0021973
0.020081
-0.018311
-0.0064697
0.0095215
0.37933
-0.01355
0.67255
0.056885
-0.096313
0.96191
-0.027832
0.042725
-0.029785
-0.062134
-0.010925
0.23126
0.0063477
-0.034363
0.031616
-0.0093994
0.0030518
0.15149
-0.012634
0.33496
0.11584
0.48041
-0.068481
0.17163
0.023438
-0.035889
0.079346
0.02771
0.020142
0.070862
-0.20972
0.078979
1.0583
0.020447
-0.063049
-0.00079346
0.032593
-0.033447
0.01825
0.028687
-0.045288
0.00067139
0.05188
0.025513
0.91101
-0.021851
0.00030518
-0.025208
0.014709
0.054138
0.12122
0.061279
0.033508
-0.042908
0.93561
-0.19885
-0.012573
0.53705
0.050293
0.21423
0.23511
0.18878
-0.050476
0.045227
-0.042297
-0.15692
0.0056763
0.051392
0.057922
-0.017456
0.21887
-0.056824
0.54144
0.12744
-0.071533
0.56525
-0.011353
-0.056152
0.13715
-0.027893
0.02063
0.090454
0.082886
-0.04187
0.02478
-0.036011
0.038391
-0.024597
0.0032349
0.020264
0.10455
-0.011475
0.047424
-0.11072
0.96851
0.0078125
0.038086
-0.011719
0.024719
0.016113
-0.035889
-0.07489
-0.054871
-0.033691
0.92963
0.0401
-0.068787
-0.051025
-0.019104
-0.02301
0.073425
0.0087891
0.099487
0.85327
-0.039856
-0.075378
0.070313
-0.075806
0.031738
0.79236
-0.0090942
0.17157
0.00097656
-0.0071411
-0.013672
0.071838
0.068726
-0.10132
0.044312
0.10852
0.12286
0.19263
0.18237
0.38489
0.0098267
0.16266
-0.23071
-0.049133
0.96057
-0.12854
0.12354
0.011169
-0.0013428
0.078247
-0.076721
-0.084961
0.022827
0.19623
0.047852
0.54059
-0.00012207
0.23938
-0.044983
-0.015747
-0.038269
0.93677
-0.077515
-0.083862
-0.0042725
-0.12445
0.053467
0.16565
0.049072
-0.04126
0.0224
-0.015442
-0.058105
-0.019226
-0.022766
0.0224
-0.18567
0.013367
0.050598
-0.0090332
1.077
0.00012207
-0.054382
0.055542
-0.017639
0.56458
-0.0090332
0.28381
0.0081787
-0.039124
-0.035278
0.026489
0.15131
0.41577
-0.045959
0.29614
0.028687
0.17834
0.028259
0.050049
-0.05365
-0.092651
0.099792
0.16931
-0.04718
0.75677
0.027588
-0.050293
0.045227
-0.023315
-0.0059204
0.012939
-0.057434
0.029968
0.73053
0.27856
0.10199
0.085205
-0.036682
-0.091064
-0.065735
0.015442
0.055237
0.038696
0.018127
0.097168
0.041138
0.1178
-0.11768
0.54211
0.052979
0.1626
0.063171
0.1358
0.19556
0.16522
-0.00030518
0.26959
-0.049744
0.12537
-0.026978
0.5285
0.072632
0.080322
0.23303
0.073242
0.0064087
0.18774
0.1496
-0.069031
0.080566
6.1035e-05
-0.012817
0.21393
-0.014099
0.42291
0.048645
0.36383
0.0056152
-0.014954
-0.031555
0.065186
-0.0039063
-0.010742
0.0018311
0.043396
0.15295
0.012024
0.29541
0.046936
0.49927
0.16309
0.013672
0.012329
-0.10425
0.21466
-0.010925
0.084045
0.014343
0.5567
-0.043457
-0.036987
-0.0079346
0.11273
-0.063477
0.56903
0.0059814
0.19916
-0.0098877
0.028503
-0.0044556
-0.0098877
0.0079956
-0.014343
0.082031
0.032349
-0.081421
0.044067
1.176
-0.03009
-0.063049
-0.11987
-0.079712
-0.054321
0.69031
0.30475
0.090759
0.14282
0.016357
-0.026306
0.014038
0.030151
-0.016724
0.015747
-0.037476
0.027344
0.3407
0.044678
0.58698
0.079041
0.11713
-0.085449
-0.072083
-0.030029
0.06604
0.13623
0.089905
0.011841
0.0046997
0.36279
0.13049
0.0177
-0.0018311
0.078003
-0.077332
-0.019348
0.039917
0.015259
-0.00048828
1.0524
-0.038452
0.0063477
-0.10492
0.80865
0.11224
0.10516
-0.042725
0.089966
-0.038757
-0.098145
-0.028687
-0.025024
0.012756
0.17883
0.0089722
0.67126
0.055237
0.24707
-0.056519
-0.019836
0.044983
0.068359
-0.10358
-0.044678
0.25421
0.03418
0.26996
0.27802
0.0672
0.2771
-0.067749
0.16852
-0.12
0.05542
0.36078
-0.16132
0.056335
0.25952
0.015564
0.76593
-0.0177
0.16852
0.062012
-0.071533
0.23492
0.09845
-0.11694
0.12805
0.045532
0.25244
-0.072388
0.17126
0.45483
0.022461
-0.041504
0.32288
0.042603
0.0026245
0.0079956
-0.10571
0.023193
-0.03241
-0.016052
-0.042603
0.0094604
0.023926
0.65332
-0.027344
0.39697
0.0077515
0.024597
0.15717
-0.032227
-0.065979
0.063049
0.06543
0.089233
0.1615
0.33282
0.41589
-0.040771
0.0050659
-0.058105
-0.03717
0.027466
-0.062256
-0.00018311
-0.092285
-0.039612
0.013733
1.0604
-0.034851
-0.048401
-0.13031
0.085083
-0.015015
0.045349
0.053101
0.080322
0.88971
0.020935
0.056946
-0.016724
-0.0043335
0.076599
-0.011719
0.56952
0.089905
0.47241
0.10413
-0.040833
0.11615
0.11102
0.36676
-0.030273
0.11023
0.056519
0.13428
-0.064697
0.15826
-0.056946
0.54895
0.15723
-0.17084
0.095886
0.31256
0.0039063
0.29034
-0.028748
-0.037292
0.016357
-0.10773
-0.042358
0.026794
1.0671
-0.039063
0.041748
-0.060059
0.021362
-0.011902
-0.011719
0.22217
0.60278
-0.085693
-0.089905
0.36169
-0.097595
0.085327
0.20819
-0.0073853
-0.11481
0.34991
-0.013977
-0.069092
0.29456
0.050476
-0.005127
0.040039
0.033081
0.10614
-0.027893
0.48022
0.18982
-0.025208
0.23456
0.0073242
-0.036621
0.044922
0.03302
-0.048767
0.0032959
-0.025146
-0.043335
0.036316
-0.010315
0.066162
0.33002
0.099487
0.18823
0.11566
0.41595
0.089294
0.29999
-0.0177
0.4989
0.20294
0.051392
-0.010681
-0.020447
-0.00018311
-0.033752
0.047241
-0.036499
0.10541
-0.093323
0.013367
0.093018
-0.016418
0.046692
0.042236
1.1405
-0.064087
-0.010071
0.042847
-0.057312
0.045593
0.35583
0.12335
0.046326
0.16211
0.388
-0.024841
1.2009
0.023193
-0.11621
-0.0078735
-0.032959
-0.012024
0.03479
0.011414
-0.0075073
-0.079224
0.022522
-0.051819
0.070007
0.071228
0.74792
-0.029053
0.085754
0.077881
-0.11615
-0.072998
-0.030701
-0.0079346
-0.018738
-0.030396
-0.075928
-0.080017
0.13849
0.052856
1.0297
-0.057556
-0.033752
-0.07428
0.43042
0.54102
0.061157
0.23273
-0.00073242
-0.022705
-0.0076294
0.033447
1.0501
0.012939
-0.028809
0.044373
-0.016602
-0.0040283
-0.015808
-0.029846
0.039734
-0.062012
0.064087
-0.044189
0.01532
0.02832
0.4267
-0.076904
0.81952
-0.046509
-0.036865
0.74658
-0.037598
0.067688
0.083191
-0.020752
0.018921
0.14514
0.060059
-0.030884
0.032715
-0.074219
1.0911
-0.063293
-0.20874
0.076294
0.081604
0.017822
-0.016296
0.031006
0.036865
0.49658
0.058594
0.15082
0.23773
-0.015503
-0.062805
0.23169
-0.084656
0.057129
-0.015076
-0.02887
-0.037781
-0.034119
-0.0224
0.073975
1.1335
0.019653
-0.095093
-0.01416
-0.17377
0.055664
-0.074768
0.24316
0.70148
0.064453
0.06781
0.065918
0.036804
-0.053833
-0.087402
-0.031311
0.047974
-0.010071
-0.015015
0.14276
0.024231
0.055725
-0.019287
0.95782
-0.081421
0.084045
0.055237
0.054626
-0.040833
0.039001
0.16626
0.18469
-0.00012207
0.45886
-0.00054932
-0.0055542
0.053711
0.31165
-0.071716
0.30292
0.089417
0.40491
0.062134
0.041016
-0.020203
0.0081177
1.0175
-0.0065918
-0.043701
0.015076
0.0043335
-0.021057
0.020081
-0.011719
0.021362
-0.03479
0.018616
0.040466
0.082581
-0.039429
0.16187
-0.03833
1.023
-0.0084229
-0.11774
0.25629
0.20172
-0.064697
0.39697
0.093994
-0.032043
0.02948
0.0053711
-0.044128
0.026367
-0.036865
0.0046387
-0.00036621
0.013977
-0.035217
0.76733
-0.011658
-0.089661
0.16425
0.35675
0.69647
0.028564
0.066406
0.15741
0.00067139
-0.037842
0.19647
0.0054321
-0.02948
-0.03479
-0.018799
0.099365
0.18585
-0.043823
0.37299
-0.015503
0.23108
0.030518
0.15485
-0.050598
0.0037842
0.73871
0.019958
0.032776
0.021851
0.057068
-0.029358
0.04718
-0.0029907
0.057129
0.038025
0.013489
0.014587
0.012268
-0.010254
0.26117
0.075928
0.77081
0.062927
-0.07959
0.0038452
0.88519
-0.026123
0.15424
0.037231
0.021545
-0.03894
-0.0073242
0.054932
0.035583
0.010132
-0.033386
-0.010803
0.072327
0.023071
-0.024963
0.044678
0.89038
-0.097656
0.039063
-0.059021
0.10889
-0.090637
-0.050049
0.082642
0.10797
-0.060913
-0.029053
-0.066284
1.1046
-0.13843
0.017578
0.029236
0.12543
0.71912
0.085449
0.25922
-0.12579
0.45129
0.21484
0.090149
0.094421
-0.080383
1.0001
0.068359
-0.063599
-0.0081177
0.055237
-0.045227
0.05011
0.0037842
-0.013672
-0.021057
-0.0098877
0.01001
0.099304
-0.044678
0.1142
-0.080627
0.48975
0.12195
-0.0032959
0.35638
0.1156
0.18433
-0.042542
0.21484
-0.00085449
-0.035645
-0.048828
0.030823
0.048523
0.26392
0.09259
0.3786
-0.037231
0.29559
0.016846
-0.0087891
-0.03125
-0.019775
-0.12408
-0.061523
-0.043884
0.038147
0.52411
-0.037231
0.00018311
-0.10059
0.62158
-0.13416
0.055237
0.021973
0.9726
0.0071411
0.042847
-0.089233
0.0039673
-0.018616
-0.0032959
0.086487
0.0040283
0.0084229
-0.031799
-0.035095
0.49408
0.07428
0.26373
0.20331
0.17981
0.12427
0.022156
-0.066162
0.077332
-0.0050659
0.034607
0.00036621
0.04248
1.133
-0.070251
0.010681
-0.031006
-0.094299
-0.00018311
0.036255
0.040344
0.043091
-0.021423
1.1247
-0.011902
0.10211
-0.11096
0.13013
-0.062927
0.75061
0.05072
0.041931
-0.041687
-0.00073242
0.041016
-0.070007
0.00067139
0.20813
-0.042908
0.58929
0.095276
0.29437
-0.036621
-0.051819
-0.03363
-0.10468
0.11353
-0.043762
-0.1767
0.042786
0.48138
0.091919
0.86359
0.025024
-0.097046
0.046021
0.016296
-0.065491
-0.032654
0.02179
0.40991
0.059204
0.44299
-0.073242
0.10431
0.071106
0.13776
-0.088684
0.21771
0.56494
-0.023132
0.094971
0.092102
-0.03949
0.04718
-0.062622
0.06012
0.42786
0.06073
0.38196
-0.018188
0.23187
0.014587
-0.027161
-0.0354
0.68549
0.014526
0.080566
0.15332
-0.029175
0.030212
0.18921
0.018372
0.077393
-0.03894
-0.043579
0.040527
-0.017334
0.015137
0.06897
0.68939
-0.014587
0.16254
0.066528
-0.052368
0.02832
-0.013611
-0.086548
0.10852
-0.0081177
0.78802
-0.0177
0.15216
0.022156
0.045959
0.13647
0.049316
-0.025391
0.40417
0.051758
0.087952
0.058472
0.029541
0.056274
0.14191
0.2196
-0.075867
0.086609
-0.0095825
-0.065308
0.08136
0.30298
0.014954
0.18903
0.025818
0.1261
0.16919
0.35144
0.044861
0.15125
0.039917
0.21088
0.052734
-0.0083618
0.010803
-0.091736
0.052979
0.026062
-0.074097
0.087585
0.61255
-0.10321
0.32532
0.0018921
-0.065308
0.03241
-0.0076904
0.093201
-0.00097656
0.26416
-0.0012817
0.22339
-0.011963
0.08728
0.056091
-0.062134
0.028809
0.026367
-0.10931
-0.072144
0.09198
0.049561
0.0043945
1.1168
-0.048279
-0.0095825
-0.049988
-0.026001
-0.048828
-0.006958
0.79779
0.024414
-0.026978
-0.077881
0.045166
-0.024902
-0.077576
0.41571
0.051941
0.13879
0.17053
0.41174
-0.10101
0.12665
-0.041443
-0.046631
6.1035e-05
0.014038
-0.039551
0.047241
0.1402
-0.02301
0.10944
0.10089
0.56866
0.086365
1.0634
-0.023438
-0.073303
0.028381
0.0018311
0.010864
-0.056458
-0.0089111
0.006897
0.25653
0.077209
-0.11334
0.70789
-0.04364
0.080688
0.11945
0.11707
0.17926
-0.10193
-0.023376
1.1832
0.0095825
-0.047852
0.01062
-0.044617
-0.029724
-0.022766
0.0046387
0.031738
-0.026855
0.017578
0.19183
0.16779
0.28394
-0.04248
0.13068
-0.0043335
0.2063
0.030762
-0.044067
0.077942
0.010254
-0.11658
-0.05304
0.92847
0.066284
-0.045105
0.09198
0.16583
-0.065613
0.019104
0.0057373
0.014954
-0.04541
0.25977
0.01886
0.022949
0.12238
0.59772
0.3125
0.12885
0.074768
0.43805
0.0037231
-0.059875
0.045349
-0.019165
-0.0081177
-0.062073
-0.036804
-0.0054932
0.0015869
-0.036072
0.067261
0.29352
-0.0020142
0.3241
-0.086914
0.37219
0.71307
0.0027466
0.01062
0.10889
-0.0099487
0.031677
0.15704
0.039551
-0.071655
-0.0089111
0.10895
-0.026855
0.036011
0.47711
0.33636
0.05072
0.12427
0.028809
-0.049255
0.0029907
0.078857
0.059631
-0.11908
-0.010437
0.063904
0.57751
0.091858
0.065186
-0.09021
0.11243
0.03479
0.0098267
0.46851
0.065796
0.20776
-0.048096
0.3385
-0.02179
0.044189
-0.023987
-0.015259
0.93835
-0.079285
-0.054138
0.053894
0.090759
-0.015747
0.017029
0.061218
0.013428
-0.031616
0.083862
-0.03772
-0.02887
0.0032959
0.63483
-0.042236
0.2287
0.058899
-0.051086
0.03656
-0.0046997
-0.097961
0.020935
-0.11658
-0.13989
0.02478
0.097473
0.99451
-0.072754
-0.068359
0.036438
-0.022644
-0.03186
0.0018921
0.85553
0.02124
0.0037842
-0.021179
-0.045471
0.048645
-0.02655
0.1167
0.048767
0.2572
-0.022034
0.46075
-0.010071
0.23303
-0.00091553
0.664
0.044189
-0.24017
-0.10071
0.28339
0.11987
0.27289
-0.1051
0.057434
0.070984
0.0021362
0.018433
-0.0093384
-0.069946
-0.03064
0.04364
-0.014832
-0.036926
-0.074219
1.1335
-0.063843
0.98346
-0.0095215
0.07196
-0.00061035
-0.036743
0.022827
-0.010559
0.068909
-0.0062256
-0.0039673
0.043823
-0.0036621
-0.04657
-0.066101
-0.066345
-0.09552
0.32513
0.1142
0.70245
-0.027588
0.88147
-0.011292
-0.0076294
0.058716
0.034424
-0.040344
0.043884
-0.049377
-0.020447
0.015625
0.026245
0.010315
-0.057434
-0.0054932
0.11072
0.038513
0.9032
-0.041687
0.037354
0.010376
0.64777
0.012268
0.26385
0.051575
0.010437
-0.026184
0.095032
-0.034485
0.00018311
0.060669
-0.057922
0.050537
-0.013062
0.026855
-0.062439
0.075806
-0.032837
0.86029
-0.019043
0.18591
-0.006897
0.048767
0.12134
0.12494
-0.035522
0.20197
0.05957
0.018494
-0.02771
-0.025208
0.041565
0.0078125
0.69635
0.12341
-0.032532
-0.056519
0.14252
0.016174
-0.028564
-0.042297
0.20966
0.029114
0.064087
0.65741
-0.039307
0.033081
0.10931
-0.031616
-0.039612
0.50836
-0.12207
0.066833
-0.02948
-0.082947
0.017517
0.24152
-0.070923
0.15417
-0.013
0.074402
-0.023071
0.41827
0.018494
0.15479
-0.0026245
0.23901
0.012695
0.07666
-0.030273
0.18024
-0.049988
-0.026367
-0.033386
0.12146
0.067017
-0.040955
-0.083008
0.5918
0.016174
0.093811
-0.030823
-0.0224
0.7113
-0.048584
0.26025
0.070984
0.097351
0.11298
-0.0037231
-0.023132
0.29596
-0.078369
0.64764
0.082275
0.12823
0.10101
-0.040894
0.1286
-0.006958
0.032043
-0.079773
0.1311
-0.1286
0.16864
-0.046997
0.2677
-0.026489
0.5274
0.10773
-0.05127
0.0025024
-0.0065918
-0.064697
0.10065
-0.080566
0.058228
0.015198
0.81616
-0.062988
0.315
0.043335
-0.087769
0.31787
-0.012024
-0.058716
0.17456
0.0097046
0.24255
0.031677
-0.0058594
0.14374
0.053284
0.65283
0.14551
-0.022888
-0.03656
0.032532
-0.12323
-0.032715
-0.072083
0.041626
0.1416
0.010376
0.54486
0.051697
0.3053
-0.038269
-0.048767
0.015503
-0.027405
0.071533
-0.11884
0.02356
0.15326
0.020691
0.10675
-0.15009
1.182
-0.090271
-0.037964
0.96405
0.046875
0.01886
-0.0055542
-0.059326
0.019104
-0.0015259
0.0040283
-0.008667
0.028137
0.016541
0.28259
0.016663
0.26086
0.061096
0.19501
-0.074402
0.31165
0.12177
0.046326
-0.045776
-0.08844
0.96716
-0.037781
0.066284
0.080322
0.0032959
0.10809
-0.019531
0.1637
0.016174
-0.031433
0.64105
-0.031372
0.035034
0.065247
0.061951
0.16095
-0.014893
0.066162
0.039185
0.02179
-0.0080566
0.5929
-0.020508
0.12549
0.053162
0.0072021
0.013123
-0.040405
0.050781
0.33423
0.03595
0.37775
-0.074524
0.19434
0.06897
0.044495
0.0014038
-0.0083618
0.6936
-0.022705
0.13007
0.058289
0.081238
0.0073242
0.052124
0.050049
0.036682
0.0056152
-0.12427
-0.15588
-0.11371
0.0025635
0.012146
0.016418
-0.10468
1.1891
-0.048401
0.25183
0.032593
-0.012634
0.65027
0.060425
-0.059448
0.0755
0.086975
-0.026245
-0.051636
-0.00079346
-0.029297
0.17914
-0.072998
0.70789
0.024231
-0.0014648
0.060303
-0.047302
-0.02948
0.26385
0.029297
0.50812
0.070313
-0.049927
-0.1225
0.39484
0.023193
0.11133
0.082581
0.1684
-0.011536
0.2785
0.16254
0.28522
-0.028503
0.13025
0.089294
0.0095215
-0.045227
-0.037231
0.045349
-0.13348
0.38715
0.51276
0.032776
0.20789
-0.051819
0.0075684
0.0080566
0.15417
0.26202
0.1709
0.19965
0.16162
0.22241
0.31299
-0.081909
-0.17059
-0.047729
-0.058411
0.10455
-0.14771
0.77435
0.10345
-0.030396
0.12402
-0.086914
-0.01593
0.070313
-0.010071
0.094971
-0.019775
-0.016235
0.022766
0.066772
-0.0040894
0.59027
-0.058838
0.31671
0.076721
0.017029
0.71661
-0.11755
0.33521
0.021484
0.27008
0.084839
-0.022095
-0.1142
0.047852
-0.10626
-0.081909
1.1058
-0.079407
0.021973
0.020691
-0.016846
0.031677
-0.0059204
0.31268
-0.17767
-0.056396
0.37134
0.12952
0.0014648
0.30042
-0.23505
0.0062866
0.015747
-0.10449
-0.059265
0.40723
-0.017944
0.64032
-0.039246
0.089111
0.01593
-0.080261
0.01178
-0.046143
-0.011719
0.12085
0.059082
0.078003
0.26874
-0.01355
0.27728
0.24933
-0.12115
0.075317
0.084106
-0.084106
0.03595
0.054199
0.51239
0.022095
0.4433
-0.038269
-0.036743
0.037537
0.88708
-0.029297
-0.038757
0.16858
-0.047302
0.049561
0.017456
0.018677
-0.04834
0.14136
-0.038757
0.19324
0.059326
0.24945
0.026978
0.38373
0.0099487
0.086914
0.0075073
0.037903
0.68896
0.038391
0.19153
0.098022
0.0079956
0.00079346
0.038574
-0.050354
0.047546
0.092529
0.017395
0.34973
0.039978
0.0271
-0.021057
0.11261
-0.0070801
0.12897
0.005188
0.46008
0.018005
-0.09137
-0.27942
0.15314
-0.03656
0.16681
-0.19397
0.71405
0.071655
0.2533
-0.036926
0.55701
0.47583
-0.09198
0.064514
0.1864
0.11279
-0.14465
-0.10931
0.094116
0.050232
-0.055725
-0.059814
-0.039124
0.059998
-0.027466
0.042297
0.90222
-0.026978
-0.071411
0.076355
-0.12872
-0.043457
0.11859
0.26038
-0.038818
0.27802
-0.22699
0.58075
-0.011536
0.8996
0.059082
0.026978
0.054932
-0.047729
-0.021423
-0.0077515
-0.020325
0.035339
0.11182
-0.048218
0.20654
0.10382
0.092896
0.029968
0.41199
0.041931
0.15387
-0.085083
-0.054932
0.045227
0.014526
-0.024048
0.12415
0.78619
-0.0078735
0.068542
0.075073
0.0016479
-0.15051
0.053528
0.4115
0.14093
0.48566
-0.060486
0.021851
-0.013428
-0.12854
-0.016846
0.023132
-0.014038
-0.085327
-0.10907
-0.083069
0.035889
0.096558
0.034302
1.1199
0.011108
-0.079407
0.96191
-0.016602
0.16663
0.016052
0.062378
0.014282
-0.053772
0.014832
-0.0029907
-0.017761
0.019775
-0.028748
0.0014648
0.07135
0.067505
0.042542
1.0239
-0.06958
0.020935
0.045898
0.77856
0.016663
0.13806
0.072449
0.0057373
-0.018738
-0.015808
-0.040222
0.063416
0.19067
-0.17816
0.091248
0.12048
0.25092
-0.0057983
0.55341
-0.041687
0.1167
-0.022095
-0.022583
0.055969
0.18463
-0.058655
0.63916
0.087708
0.21265
-0.019287
0.030457
-0.008728
-0.030396
-0.01062
-0.0078125
0.14746
-0.10052
-0.069885
-0.133
-0.0053711
-0.054138
0.93915
-0.12476
0.055603
0.0036621
0.053406
0.88489
-0.037903
0.054871
-0.043091
-0.048218
-0.018188
0.067322
-0.0036011
0.35583
-0.030762
0.10724
0.15698
0.25104
-0.16425
0.13678
0.054688
0.0067139
0.91534
-0.078125
0.006958
-0.0033569
0.037292
-0.016235
0.030823
-0.049255
-0.0075684
-0.059326
0.092407
0.050171
-0.053223
0.053406
0.91858
-0.016541
0.05658
-0.012451
-0.064819
0.11829
-0.034302
0.23199
0.22986
0.30334
0.046326
0.16077
0.057129
-0.053345
-0.030151
0.090637
0.17383
-0.049377
0.2298
0.15851
-0.0050659
0.17834
0.12549
0.14301
-0.064148
-0.10773
-0.0043945
-0.056274
-0.0067749
0.072388
1.1004
0.013672
0.049072
-0.086365
-0.059021
0.067627
-0.065796
-0.1261
-0.0048218
0.034485
-0.011475
0.059814
0.084412
0.85687
0.065979
0.19006
-0.019043
-0.13855
-0.017151
-0.020203
0.46533
0.16882
0.41785
0.055847
0.14337
-0.045898
0.072998
0.0039673
-0.0098877
0.067932
0.14893
0.034241
0.9538
0.075562
-0.013123
0.016113
0.010132
-0.082275
0.060303
0.0093384
0.5824
0.047485
0.62122
0.031433
-0.13861
0.0095825
0.018433
0.98694
-0.086426
-0.028687
0.046448
-0.019409
-0.021362
-0.026062
0.073364
0.050354
-0.07074
-0.039124
0.032959
0.0074463
0.62231
0.044434
0.42004
0.065186
-0.10028
-0.034668
0.032288
0.071228
-0.083191
0.011108
0.69476
0.11517
0.081604
0.095459
0.076477
0.027283
0.083801
0.15924
0.27246
0.45313
0.033936
0.046204
0.10529
-0.069641
0.055176
-0.080017
0.032654
0.30853
0.014221
0.24957
-0.025818
0.11737
0.072815
0.61938
-0.048767
0.05249
0.044922
0.80609
0.01532
0.19415
0.01239
0.024048
0.017151
-0.075012
-0.04248
0.72681
0.13934
0.095581
0.039001
-0.068909
0.046509
-0.06073
-0.053467
-0.088501
0.064331
-0.089966
0.060608
0.25775
-0.10461
0.3844
0.065063
0.33789
-0.035706
0.048706
-0.081421
0.02124
0.0065308
0.125
-0.046631
0.19897
-0.025085
0.22546
-0.025879
0.23785
0.091614
0.042297
-0.016113
-0.0016479
-0.081421
-0.0072021
0.013428
-0.046143
0.08136
-0.044861
0.91431
-0.039307
0.0091553
-0.015076
-0.064331
-0.015198
0.10956
-0.025452
-6.1035e-05
0.11505
0.81543
0.0083618
0.041382
-0.018005
0.048706
0.017822
0.7832
-0.0055542
0.26306
0.096436
-0.088928
-0.042847
-0.0012207
-0.0046387
0.07019
0.060852
0.11902
-0.060974
0.0084229
0.9859
0.058472
1.0509
0.060852
-0.051514
-0.032776
-0.10498
0.050476
0.047241
0.029724
-0.060303
-0.0067749
0.008728
0.077759
0.099915
0.10248
0.42126
0.060181
0.2818
-0.014404
0.10474
-0.033203
-0.01532
-0.029175
0.22626
0.059814
0.6228
-0.068176
0.17657
-0.039001
0.045288
0.1004
-0.04248
0.88147
-0.018127
-0.059998
0.07196
0.02594
0.056213
0.0032349
0.0075684
0.038147
0.13544
-0.20331
-0.12531
0.79669
-0.032654
0.25043
0.13379
0.10815
0.086304
-0.020996
0.068787
0.017395
-0.013428
-0.0064087
-0.058777
0.040955
0.058594
0.65869
-0.0025024
0.3808
0.21356
-0.092651
0.18506
0.27527
0.060669
0.00085449
0.026245
-0.060425
0.0023804
0.28711
0.64606
0.013672
0.027649
-0.043335
-0.045898
0.085022
0.23114
0.079773
-0.00061035
-0.069824
1.0258
-0.049622
-0.11719
0.0067749
-0.21088
0.045593
0.0026245
-0.049133
-0.089905
-0.020325
-0.081238
-0.032654
-0.068481
-0.022827
0.10339
0.081848
0.046021
0.12573
-0.049255
0.78058
-0.010254
-0.044617
0.12744
0.10693
-0.073425
0.015869
-0.062439
0.03064
1.6485
-0.045471
-0.029175
0.075439
-0.05304
0.10223
0.14349
0.97009
-0.094299
0.087524
0.19171
-0.025635
0.50555
-0.073303
0.072021
0.31146
-0.052246
0.10358
0.17651
0.069336
-0.047058
-0.024597
0.49078
0.13495
0.0059814
-0.029907
0.044128
-0.016174
0.14587
0.0080566
0.0084229
0.08429
0.0013428
0.050964
-0.04364
-0.054443
0.034973
0.042542
-0.028137
0.73523
0.061584
0.086975
0.025391
0.76636
0.049011
0.1601
0.026184
-0.055786
-0.014832
0.017334
-0.039978
-0.052368
-0.094177
-0.021179
0.039734
-0.026733
0.032654
0.18439
0.0012817
0.060303
0.097473
0.55292
-0.064087
-0.011108
0.0021362
-0.099365
0.043091
0.57074
-0.0016479
0.40662
0.13245
-0.013489
0.024963
-0.0076294
0.015869
0.0027466
-0.0177
0.23907
0.046143
0.040283
0.45013
-0.017944
-0.063721
0.11267
0.26453
-0.043213
0.64087
0.014954
-0.021118
0.027527
-0.040222
0.0057983
0.81226
-0.12067
-0.0094604
0.07196
-0.10388
0.025146
0.16821
-0.047485
0.043274
0.031921
0.01178
-0.016235
0.029175
0.054138
-0.0095215
-0.0036011
0.00091553
0.12488
-0.067505
0.87939
0.020935
-0.01886
0.0079956
-0.036804
-0.037964
-0.069397
-0.0099487
0.25714
0.16162
0.7597
0.033142
0.78986
-0.0056763
0.086609
0.082153
0.041321
-0.10217
-0.0032959
-0.00024414
0.02124
0.094727
0.053406
0.5614
-0.059082
0.14307
0.012268
0.21472
0.048096
-0.0099487
-0.075439
0.32477
-0.00177
0.24402
-0.02124
-0.077576
-0.03833
0.20154
0.031494
0.14423
0.12323
0.19214
0.14923
-0.089966
0.19452
0.30298
-0.026123
0.13123
0.10828
0.070679
-0.043518
0.021301
-0.05603
0.85571
0.035828
-0.0046387
-0.0079346
0.14862
-0.00024414
-0.017578
0.040771
0.031494
0.086609
0.19781
-0.092468
0.74237
0.017761
0.018616
0.06311
-0.062805
0.061829
-0.0044556
-0.01239
-0.092407
0.010071
0.040527
0.60718
-0.044556
0.22913
0.084229
-0.026978
-0.0046997
1.0554
-0.043701
-0.14081
0.037048
-0.028198
0.010254
0.026245
-0.021545
-0.049316
0.41046
0.10663
0.017212
0.055908
0.02301
0.35272
0.32306
0.026367
0.0098877
-0.10876
-0.054504
-0.03418
0.56494
-0.0095215
0.27277
0.069702
0.15717
-0.014648
-0.029907
-0.032288
-0.023254
-0.021057
0.042603
-0.027222
-0.050415
0.11316
0.042419
-0.049255
0.84692
0.037415
-0.014954
0.080444
0.012268
0.77039
-0.12531
0.071106
0.041382
0.037048
0.20459
-0.038147
-0.026917
0.094849
0.33807
0.00085449
0.41394
0.0025635
0.19965
-0.019043
0.10559
-0.02655
0.012268
-0.024597
-0.034668
-0.072632
0.016418
0.12311
-0.018066
0.0014038
1.2259
-0.059753
0.10278
0.11694
-0.014404
0.41034
0.17377
0.00097656
0.16968
0.031555
0.034119
-0.01532
-0.034241
-0.016907
0.31909
-0.02655
0.46875
0.020935
0.19818
-0.021667
-0.050842
-0.018372
1.1415
-0.037842
-0.08667
-0.096069
-0.12799
0.024414
0.20972
-0.090637
-0.16815
-0.076904
1.0951
-0.055298
0.11047
-0.13354
-0.17426
-0.035645
0.15985
-0.024963
0.0011597
-0.023132
0.099365
0.18445
0.0094604
0.61554
0.018433
0.021545
-0.01886
0.057678
-0.037903
-6.1035e-05
0.48755
-0.087402
-0.010803
0.10315
0.14496
0.010315
0.36719
0.060974
0.0023193
0.021667
0.045471
0.0063477
-0.0448
0.0041504
-0.020386
0.24872
-0.0068359
0.80188
-0.027222
-0.030273
-0.10974
0.066956
0.35339
0.024536
0.88434
0.022949
0.065735
-0.063232
0.016541
0.099182
-0.041321
0.065979
0.018738
0.023132
0.8714
-0.022644
0.20587
-0.044739
0.037537
-0.1145
-0.044373
1.0282
0.010559
0.0046387
0.0056152
-0.026794
0.023438
0.0064697
0.00354
-0.039612
-0.0070801
0.054688
0.0023193
0.0018311
-0.050476
0.13947
0.016174
0.78198
0.12958
0.014282
0.052856
0.010315
0.011841
0.57251
0.19934
0.053589
0.14581
-0.0028076
0.082214
-0.055603
0.69061
-0.10321
0.13763
0.057068
0.03186
0.0013428
0.23578
0.0079346
-0.074036
0.044434
-0.012634
-0.0033569
-0.032837
-0.019287
0.011169
0.0014038
0.010803
0.96143
0.13647
-0.015564
0.019958
0.03717
-0.021851
0.055054
0.0078125
0.006897
-0.037231
0.26532
0.088623
0.6604
0.039429
0.072693
-0.020447
-0.00067139
0.017944
0.26361
-0.093384
0.029541
-0.03949
0.80255
-0.033752
0.7807
0.045593
0.11218
0.10321
0.0042114
-0.0056763
-0.0088501
0.036194
0.035461
-0.10876
0.030151
-0.037231
-0.069336
0.056763
0.32819
0.13806
0.22876
0.27106
0.20142
0.011536
0.053284
0.065002
-0.067261
-0.09906
0.26129
-0.014587
0.12787
0.5401
0.20111
0.019714
0.060974
0.0578
-0.16333
-0.023682
0.035583
0.065796
0.13971
0.052002
0.91785
0.10089
0.74457
-0.08374
-0.057434
0.11865
0.022949
0.086121
0.023804
-0.051941
-0.03894
-0.045227
0.056641
0.026428
0.013184
0.64191
0.0014648
0.12878
-0.0021973
0.12885
0.0063477
0.32104
0.045715
-0.09198
0.2572
0.17505
0.020813
0.14575
0.028137
0.0046997
-0.01178
0.0087891
1.134
-0.030945
-0.090271
-0.062256
0.052185
-0.049255
-0.0080566
0.0081787
-0.032349
0.23492
-0.038025
0.19098
0.074219
0.23346
0.0046997
0.18005
0.018738
0.030701
-0.055847
0.10828
-0.065979
0.057678
0.11743
-0.010132
-0.10974
-0.011353
0.063416
0.79352
0.056641
-0.075806
0.19098
-0.044128
0.43988
0.52783
0.0064697
0.30066
-0.040466
0.057251
0.041199
-0.00097656
0.12048
-0.061035
0.066589
-0.0097046
1.0544
0.053101
-0.075256
0.0040283
0.088196
0.015198
0.069885
-0.0061646
0.01416
-0.091492
0.36646
-0.032898
-0.018433
0.044006
0.48291
0.076904
-0.035461
0.0029297
-0.078674
-0.031982
-0.049072
0.062561
0.015259
0.90131
0.045715
1.1046
0.0021973
-0.029663
0.011719
-0.068787
0.075317
0.084167
-0.027649
-0.16113
0.064026
-0.021667
0.05426
0.25433
-0.038147
0.47174
0.03894
0.3421
-0.0056763
0.038452
0.017151
0.12579
0.033203
0.40961
-0.049805
-0.028564
-0.016296
0.082458
0.024719
0.088745
0.14081
-0.077454
-0.046753
-0.048889
0.064819
-0.0056152
0.37909
-0.044006
0.8562
-0.060608
0.030334
-0.015686
0.061768
0.28644
-0.0022583
0.5661
-0.026062
0.13556
0.10345
-0.017212
-0.012512
-0.016541
-0.037659
-0.065491
0.035583
0.019714
0.073303
0.025635
0.16449
0.2417
0.4826
-0.10577
-0.024048
-0.17841
0.08429
0.0021973
1.0761
-0.14362
0.059082
-0.060059
-0.037537
0.6665
0.012451
0.05188
0.040833
0.031189
-0.17157
0.17334
-0.046814
0.23773
-0.013733
0.06134
0.0018921
-0.11035
0.00073242
-0.053467
-0.021362
-0.0020752
0.072144
0.9599
-0.0048218
-0.07428
0.049316
-0.044312
0.080383
0.041992
0.38574
-0.0059814
0.53204
0.016846
-0.067627
0.054688
-0.073608
-0.039429
-0.054016
0.067139
-0.17084
-0.011536
0.1181
0.98499
-0.018982
0.084656
0.046021
0.27716
-0.069519
0.073669
-0.012207
0.087524
0.058655
0.17535
0.029297
0.036682
0.14154
0.13623
-0.083496
0.83777
-0.011658
-0.18085
0.030518
-0.049194
0.075928
-0.0024414
0.023743
-0.025269
0.093445
0.1319
0.3291
0.0085449
0.45026
-0.012512
0.3172
0.13287
0.084656
0.31854
0.018433
0.17224
0.067627
0.32489
-0.040344
0.030396
-0.0028687
-0.068298
0.0039673
-0.06897
0.00054932
0.013672
0.77863
-0.022278
0.24103
0.08667
-0.087585
0.043396
0.053223
0.039673
0.011108
-0.070435
0.65448
0.021912
0.2475
-0.02887
-0.00036621
-0.0015259
0.0054932
-0.095398
0.005188
-0.010559
0.075439
-0.052429
-0.069763
0.021606
1.0594
0.0026245
0.00018311
-0.030945
0.051636
-0.027649
-0.20978
-0.058777
0.22058
0.2113
0.76648
-0.059143
0.0030518
-0.048218
0.039185
0.91852
-0.0039673
0.26074
-0.10358
-0.007019
0.037903
0.055298
-0.070557
0.21478
0.072449
0.69165
-0.0084839
0.10345
-0.072205
-0.087585
0.063782
-0.0061646
0.041992
0.35895
0.022339
0.29803
0.023804
0.2243
0.012939
-0.089661
-0.040649
0.25079
0.065613
-0.047058
0.29663
0.26703
-0.00024414
0.099121
0.018066
-0.037659
0.011414
0.64624
-0.062378
-0.047546
0.02771
0.16846
-0.0027466
0.41736
-0.0074463
-0.025391
0.028381
0.2569
-0.0068359
0.085632
-0.075806
0.13354
0.031982
0.36328
0.014587
0.0061035
-0.12817
0.0061035
-0.033264
0.021667
-0.091553
0.00012207
0.072876
0.044678
0.22186
0.63782
0.01001
0.022461
0.013916
0.003418
-0.014893
0.0059814
0.082275
0.03479
1.0159
-0.038452
-0.049316
0.39136
0.036682
-0.11353
0.19775
0.2995
-0.089722
0.37158
0.021912
-0.014465
-0.0018921
0.021118
-0.045532
0.61377
0.073425
0.21436
-0.046448
0.18951
-0.06958
-0.046326
0.027893
-0.040161
0.019043
-0.046814
0.0028687
0.026001
-0.05835
0.023499
1.0745
-0.04657
0.0039673
-0.043884
-0.038086
0.015564
0.020447
0.0036621
0.70538
0.031616
0.31976
0.024719
0.029541
-0.12634
0.013855
0.6532
0.18726
0.29205
-0.0095215
-0.028687
-0.0093994
-0.19635
-0.037354
0.033691
0.0024414
-0.088379
-0.066772
-0.02417
0.33899
0.027039
0.29138
-0.049438
0.44989
0.72058
0.0089111
-0.099243
0.015076
-0.010315
0.006958
0.11469
0.031677
-0.040588
0.066101
-0.1239
0.038513
0.011414
1.0346
0.0018311
0.068176
-0.072754
-0.011292
-0.028442
0.0043945
-0.20258
0.078552
0.4502
-0.088257
0.41895
0.0064697
0.22186
0.024597
-0.10211
-0.090332
