0.047607
1.0751
-0.024658
-0.028992
0.022705
0.035889
0.045654
-0.016296
0.0024414
-0.0081177
-0.076782
0.030212
-0.07135
-0.098511
0.1156
-0.025757
0.089539
0.062439
0.83484
-0.011963
-0.021301
-0.079651
0.042053
-0.019104
-0.058777
0.14856
-0.026367
-0.044006
0.013367
0.93237
0.19275
-0.018921
-0.01178
0.79523
-0.10712
-0.030334
0.056641
0.064941
0.13556
-0.0082397
0.035095
-0.0028687
-0.059998
-0.034668
0.02124
0.35315
-0.016602
0.67267
0.15558
0.02063
0.021423
-0.021667
-0.063538
-0.055054
-0.020142
0.36603
0.022461
0.34723
-0.033203
0.33521
0.026855
0.015076
0.0083618
0.056641
0.015503
-0.1225
-0.052368
1.2129
-0.072388
-0.066772
-0.0028687
1.1088
-0.026062
-0.086426
0.0012817
0.047607
0.016968
-0.027466
0.029968
0.056946
0.018616
-0.0048218
0.027283
-0.08075
0.027832
-0.014832
0.029358
1.0552
-0.057007
-0.028503
0.0016479
0.18774
-0.14917
0.2627
0.34399
0.12085
0.11725
0.0354
0.0077515
0.033264
-0.026367
-0.14508
0.13574
0.12305
0.29547
0.014709
0.29944
0.00079346
0.035278
0.013977
0.22479
0.13354
0.39752
0.031372
0.029968
-0.027344
0.29254
-0.048462
0.12817
-0.034424
0.085449
-0.023193
0.73511
-0.089478
0.28204
0.025208
0.12921
0.042847
-0.050537
-0.022827
0.11328
0.083008
0.13525
0.57147
0.24341
0.10339
-0.087524
0.16315
-0.069214
0.039185
0.028931
-0.023132
0.043335
0.0032349
0.014465
0.95618
0.017639
-0.34949
-0.024902
0.21088
0.031433
0.01001
0.69891
-0.066223
-0.13129
0.012512
0.1792
-0.1897
0.20294
0.30847
-0.0029907
0.035217
0.16095
0.011841
0.038208
-0.031128
0.05481
0.089172
0.67535
-0.012512
0.03949
0.058777
0.013306
0.18768
-0.070007
0.13708
-0.041992
0.18799
-0.0044556
0.79742
0.57758
-0.093079
-0.13409
-0.057373
0.24994
0.020264
0.3598
-0.019714
-0.047546
-0.033264
0.069092
0.041687
0.24066
0.023254
-0.21259
0.14648
-0.10095
0.25116
0.98688
-0.066895
0.47894
-0.026855
0.048889
-0.033325
-0.014099
-0.030579
0.11957
0.0061646
0.08197
-0.012817
0.51465
0.040527
0.09967
0.13757
-0.014954
0.15765
0.21924
0.0094604
0.094727
-0.066223
-0.047668
0.072754
-0.018433
-0.0016479
-0.0013428
0.41315
-0.092346
0.49182
0.03949
0.056946
-0.01239
0.057007
-0.015503
-0.017395
-0.0014038
-0.18713
-0.011841
1.2056
-0.03479
-0.064087
-0.069885
0.0033569
0.042419
-0.075806
-0.017334
1.5779
-0.078003
-0.44012
0.038086
-0.040771
0.92432
0.10266
-0.012085
-0.050903
-0.085632
0.012756
0.027466
0.01709
-0.0061035
0.0064087
-0.00036621
0.90955
-0.028076
-0.053955
0.062012
0.0010376
0.0055542
0.031738
0.046509
-0.012329
0.033264
0.038269
-0.033447
-0.063354
-0.0065308
0.11517
0.021912
-0.0073853
0.0064697
1.0298
0.22284
0.081421
0.24756
0.063843
0.23425
0.11829
0.40332
0.045044
-0.079102
-0.094177
0.65283
-0.025024
-0.14551
-0.15094
0.19257
0.098999
0.15717
-0.099548
0.0049438
0.024353
-0.017212
-0.043701
0.020691
-0.065247
0.90472
0.067505
0.1087
-0.014526
0.14594
0.038757
0.0093384
-0.026733
0.0015259
-0.00054932
0.028259
0.19611
0.051147
0.018188
-0.0054932
0.36127
0.085266
-0.084595
0.33148
0.053223
0.24866
-0.018677
0.3031
0.014221
0.027527
-0.038513
0.0057983
0.0046387
0.23737
0.003479
0.067444
0.045776
0.22687
-0.04657
0.14453
0.034241
0.0099487
0.04657
0.19446
-0.1106
0.26514
0.024231
0.37976
0.0043335
0.084167
-0.026062
-0.032898
0.040344
-0.0082397
0.035278
-0.0061646
0.079895
-0.021484
0.29456
-0.10529
0.58472
-0.078918
0.95898
0.012756
0.045715
0.0047607
0.022156
-0.007019
0.0077515
0.016602
-0.0081177
0.20197
0.20764
-0.040222
0.4408
0.19812
0.01709
0.014465
0.028992
-0.028625
0.008606
-0.093811
0.051514
-0.10419
0.065918
-0.085449
0.75531
-0.02771
0.12732
0.12573
0.20032
-0.0057983
0.04303
0.099792
-0.14087
0.076965
-0.052002
0.021606
0.083618
0.67267
-0.021912
-0.0070801
-0.010193
-0.026794
-0.034546
0.037048
0.3335
0.046631
0.32098
0.015747
0.32947
0.16968
0.020264
0.74432
-0.058044
0.05835
-0.073364
0.33447
0.08551
0.14532
-0.085205
-0.09436
0.018677
-0.02002
-0.022705
0.11536
0.06189
0.16699
0.058167
0.82312
0.047546
0.15619
0.030579
0.38849
0.096924
-0.028198
-0.090759
0.36029
0.074219
0.19519
-0.0054932
0.18158
0.14191
-0.078979
0.63263
0.030334
0.019653
0.071838
0.012512
-0.043884
0.022705
-0.023743
-0.0018921
0.23279
0.10175
0.242
-0.020142
0.40637
-0.0041504
0.033325
0.0026855
0.040161
0.49768
-0.076233
0.42328
0.092285
0.067322
-0.028564
-0.0064087
-0.030823
0.0081787
0.033325
0.014038
0.042053
0.026123
0.039063
0.034424
0.057739
1.0568
-0.080444
-0.10303
-0.044006
0.026123
-0.038635
0.31183
0.55518
0.035217
0.17865
0.00079346
0.00354
-0.013733
0.074341
-0.051147
-0.10242
0.027771
-0.068604
-0.0755
-0.045837
0.17419
0.70935
0.035706
0.010071
0.035706
0.013916
0.012512
0.0062866
0.0021973
0.036011
1.0923
-0.023438
-0.12439
-0.018616
0.066772
0.34772
-0.042358
0.56122
0.057678
0.1012
-0.014954
0.024231
0.0077515
0.027222
0.73364
0.058105
0.16888
0.15735
-0.012634
-0.044495
0.041748
-0.077393
0.048096
-0.10938
0.025146
0.0066528
-0.035706
0.062378
0.41351
-0.050659
0.77441
0.10016
-0.044189
-0.091248
0.0047607
0.04126
0.0048218
0.018982
0.12769
0.091431
-0.018799
0.90643
0.029419
0.1109
-0.096619
0.28406
0.029358
-0.044739
0.2171
0.23059
-0.058716
0.20209
0.0075073
-0.023254
0.11273
0.15527
0.10034
0.44977
0.035583
0.031311
0.10938
0.053589
0.026123
-0.011536
0.028198
0.1496
0.021851
0.085876
-0.11627
0.24005
0.093323
0.24744
-0.015259
0.048645
0.079712
-0.057739
-0.0036621
0.75671
-0.027405
0.090515
0.019836
-0.0078735
0.025879
-0.033875
-0.016296
0.041199
0.050964
0.45117
-0.0065918
0.39288
-0.031982
0.048584
0.034851
-0.042786
0.8493
-0.030212
0.080261
0.035217
0.083923
-0.035522
-0.0071411
0.017944
0.019714
0.055969
-0.053284
0.10919
-0.0075073
0.013733
-0.037659
0.092041
0.034119
0.36084
0.061279
0.010986
0.028015
0.064453
0.017151
0.43066
-0.028076
0.3443
-0.0046997
-0.029846
0.029602
0.024048
-0.021912
-0.035706
-0.052368
0.037842
0.12732
-0.032227
0.4765
0.028015
0.37787
-0.09552
-0.096558
0.23376
0.30603
0.67181
-0.062256
0.075867
0.0072021
-0.23273
-0.095886
-0.0054321
-0.012268
0.056458
-0.02301
0.096924
0.2171
0.019836
-0.068848
-0.0085449
0.5993
-0.025635
-0.026672
0.13953
0.054932
0.41638
0.0077515
0.36823
-0.036133
-0.010864
0.019226
-0.039368
0.027405
-0.082825
-0.014832
0.075806
0.93707
0.03363
0.062256
0.069397
-0.044678
0.31396
0.024048
0.34918
-0.033569
-0.037537
0.028381
0.21979
0.0037842
-0.03241
-0.037598
-0.003479
0.19922
-0.057251
0.69989
0.11139
0.085022
-0.012207
-0.033203
-0.062317
0.031311
-0.00012207
0.051636
-0.012939
0.87543
-0.039551
0.014221
-0.040649
-0.0018921
0.053101
0.078735
0.071533
0.022156
-0.1059
0.035461
0.010559
0.11938
0.064514
-0.061462
0.9646
0.018311
-0.01825
0.028625
-0.13953
0.0020752
0.17542
0.016846
0.15381
-0.037598
0.57947
0.039185
0.064514
0.027588
0.83215
0.038635
0.14636
-0.015747
0.070984
0.051086
-0.1059
-0.015747
1.0696
-0.010864
-0.044922
-0.084351
-0.10907
0.012085
0.12604
-0.0039673
-0.03302
-0.040466
0.0021362
0.036926
0.0040894
-0.058228
-0.0015259
-0.20435
-0.015503
1.0094
-0.085815
0.033691
-0.010986
0.055359
0.44025
0.028503
0.25934
0.0068359
0.2403
0.0060425
-0.0014648
0.016724
-0.10992
-0.042664
0.055664
-0.0018311
0.88727
0.12524
0.21283
0.012573
-0.063416
-0.085632
1.0269
0.16388
-0.07196
-0.036499
-0.085144
0.012817
0.0072632
0.07373
-0.082703
-0.0081787
-0.07605
0.0043945
-0.052612
0.37347
0.52844
0.055542
0.17773
0.0018311
-0.023804
-0.066895
-0.010803
0.6778
-0.03302
0.16003
0.010986
0.042664
-0.0023193
0.013428
0.043335
0.0067749
0.21063
0.10431
-0.036682
0.5127
0.14557
0.032837
0.0023193
0.010071
-0.060974
0.042725
0.0084839
-0.050171
-0.010803
-0.038025
-0.038879
-0.062683
-0.050537
0.04895
0.71381
-0.085571
0.10425
0.88641
-0.012207
-0.024231
0.06543
0.019287
-0.0071411
0.070923
0.038818
-0.0092773
0.013428
0.03363
-0.0067749
-0.0056763
-0.032043
0.020203
0.005249
0.56281
0.14111
0.24615
-0.053833
0.010254
0.027161
0.0037231
0.0098877
0.3313
-0.015015
0.65039
0.20392
-0.050293
0.08551
-0.062927
0.23145
0.18219
0.14771
-0.066345
0.13477
-0.088501
0.47638
-0.069275
0.016907
-0.080383
-0.0047607
-0.011658
0.59399
0.0081177
0.41815
-0.016541
0.034607
-0.0075073
-0.0010376
-0.0046997
-0.1994
0.90924
0.041748
0.074219
0.079651
0.050415
0.03302
-0.031433
0.01416
0.45032
0.059692
-0.010925
0.56097
0.057312
-0.070923
0.089417
-0.1109
0.0075073
-0.003479
0.063843
0.39545
-0.11157
0.3017
0.0802
0.26959
-0.005249
0.022583
-0.037292
0.0056763
-0.028564
0.017944
-0.016846
0.027588
0.13586
-0.01709
0.69257
-0.012268
0.13495
0.28137
-0.043579
0.18317
-0.0020752
0.0085449
0.050659
0.2821
0.030701
0.16956
0.039307
0.2486
0.0083618
0.11908
0.012329
-0.0056152
0.012756
0.25427
0.03894
0.079041
0.056763
0.71802
0.019287
-0.037537
0.070496
0.067383
0.021545
0.21564
0.0028687
0.00018311
0.0012207
0.23083
-0.0057983
0.051208
0.33661
0.16626
-0.053833
0.10394
0.0050659
0.024048
-0.021057
0.13593
-0.0097046
0.3291
0.11053
0.12451
0.034668
0.25311
0.023743
-0.065735
-0.030518
0.033569
0.022888
0.0099487
0.08313
-0.019592
0.547
0.052612
0.4054
0.070374
-0.033081
-0.0038452
0.047485
0.56482
0.039551
0.21655
-0.0093384
0.25128
-0.0021362
0.068237
-0.029053
0.23529
-0.060791
0.13501
0.015076
0.069702
0.018311
0.1925
-0.0081177
0.071777
0.092896
-0.090393
-0.17975
-0.047913
0.92719
0.068176
0.014465
0.20624
-0.069214
-0.013245
-0.062439
-0.0032959
-0.0061035
0.57501
-0.031494
0.19128
0.044922
0.15222
-0.0070801
0.13641
0.076538
-0.0018921
0.16309
0.030457
0.94098
-0.043518
0.00054932
-0.058472
-0.025696
-0.0040283
-0.026794
0.93756
0.021545
0.07605
0.035278
-0.077881
-0.0064087
0.17352
-0.015381
-0.029236
-0.0068359
-0.00177
0.059509
-0.061096
-0.12244
0.1073
0.11115
-0.0401
0.013611
-0.17108
0.99823
0.016357
0.039185
-0.044067
0.046082
0.050659
0.41119
0.0020142
0.73798
-0.0039063
-0.0038452
0.33527
0.048218
-0.21991
0.51514
0.029175
-0.03302
0.21606
0.05249
0.022522
-0.019897
-0.05542
0.061462
-0.084534
0.0090332
0.036987
0.62659
-0.014648
0.37927
0.036621
-0.089722
-0.10535
0.11029
-0.06842
0.11859
0.5473
0.029968
0.22961
0.0026245
-0.014099
-0.012024
-0.074524
-0.073303
0.065796
-0.065857
0.012695
0.15588
0.097351
0.24182
0.19458
0.5799
0.22491
0.023438
0.45288
-0.017273
0.15729
-0.018372
0.48523
0.048401
0.056702
-0.10553
0.0083008
0.026184
0.56989
0.0037842
0.26862
-0.037109
0.23291
-0.029114
-0.039063
0.041565
-0.037964
-0.050903
-0.05658
-0.017944
0.046143
0.55066
-0.13135
0.10779
-0.055176
0.45313
1.056
0.014832
-0.0025024
0.0021362
-0.093079
0.045959
0.051025
0.015686
-0.043213
0.007019
0.20343
0.031921
0.25836
0.030762
0.03009
-0.10242
0.28156
0.072998
0.069946
0.019714
0.0013428
-0.012085
0.0092163
0.013367
-0.0055542
0.013123
0.043823
0.036621
0.83496
-0.080566
-0.039429
0.082031
0.078247
0.080261
0.55603
0.023682
0.079163
0.036438
0.01532
0.03833
1.1194
0.012207
0.020142
-0.068787
-0.15942
0.040161
0.14398
-0.0021362
0.0039063
-0.073059
0.0802
0.09375
0.00073242
0.21747
0.35919
-0.044495
0.16418
0.035522
-0.0073242
0.022461
0.028625
0.064697
0.058044
-0.007019
0.64905
0.021484
0.094421
0.069763
-0.043396
0.044617
0.83453
-0.044128
0.02832
0.17542
-0.069031
0.027222
0.13312
0.031616
-0.10486
0.017151
0.0076904
0.031799
0.022644
0.060974
0.54291
0.011414
0.36298
0.014404
0.025024
-0.040833
-0.060059
1.1949
-0.00091553
-0.050598
0.029358
-0.028076
-0.0020142
0.00061035
0.0093384
0.012512
0.056519
-0.021118
0.22528
0.033264
0.23322
0.0091553
0.41821
0.013245
-0.0092773
0.026733
0.0045776
0.0078125
0.066528
0.17255
0.48773
-0.0075684
0.28821
-0.022217
0.022522
0.028809
0.16144
-0.038086
0.31696
0.066223
0.17236
0.015198
0.27991
0.014709
-0.056519
-0.040894
-0.013245
-0.0043945
-0.0089111
0.04895
0.0045776
0.17432
0.025085
0.93695
-0.032227
-0.051208
-0.038513
0.8623
-0.028442
0.12952
0.016846
0.014954
-0.023499
0.008667
0.0062256
0.018799
0.70355
-0.048279
-0.023193
0.19617
-0.068481
0.0224
0.18726
0.014465
-0.02417
0.031921
0.057068
-0.0078735
0.10565
0.11078
0.27991
-0.08075
0.36255
0.010559
0.22943
-0.023804
0.12622
0.071411
-0.087952
0.42291
0.21509
0.052185
0.10339
0.10815
-0.001709
0.035828
0.015198
0.78009
0.0079956
-0.032898
0.081726
0.12671
0.039246
-0.013489
-0.016541
-0.016602
-0.099243
1.2538
0.00061035
-0.10083
0.029236
0.04895
0.0090332
-0.043701
0.051697
0.04248
-0.0075684
-0.021545
-0.012329
0.047546
0.035767
0.94739
-0.023193
-0.17548
-0.025818
0.037537
-0.05835
0.02887
0.23096
-0.042542
0.54291
0.064209
0.2962
-0.01532
-0.054199
-0.027832
0.30145
-0.011658
-0.03949
0.32849
-0.014648
0.058167
0.31891
0.045959
0.095947
0.13153
-0.050903
-0.066406
-0.0062866
0.061157
-0.024292
0.083618
-0.010803
0.052917
1.068
-0.0401
-0.052063
-0.012573
-0.022278
0.84247
0.045715
0.01416
0.005249
0.031006
0.012695
-0.013428
-0.074402
0.03241
0.02887
0.55713
0.51038
0.035217
-0.030151
0.016846
-0.11365
-0.087524
-0.00177
0.7218
-0.039124
0.12128
0.075073
0.058472
-0.016174
0.047241
0.0177
0.021851
0.034668
0.093201
-0.014587
0.09021
-0.085205
0.52313
0.0058594
0.30402
0.072327
-0.16101
0.039673
0.0089111
0.36377
0.0053101
0.39825
-0.0012817
0.19257
-0.020752
-0.033997
0.023804
0.0064697
0.043274
0.032593
0.014587
0.046326
0.031738
-0.014038
-0.082092
-0.13538
1.0079
-0.030701
0.037598
0.055786
0.11176
0.12817
0.0075073
-0.052429
0.19849
0.79651
0.058228
-0.02356
0.041626
0.024292
0.017883
0.095642
0.038879
0.12329
-0.025696
0.55933
-0.012756
-0.049255
0.014954
0.38892
0.011536
0.40247
-0.0020752
0.19092
0.017578
0.014771
-0.01178
0.060852
-0.0062866
-0.047058
-0.10303
0.0029907
0.40283
0.056702
0.27228
0.22723
0.10895
-0.079468
-0.038696
-0.033386
-0.072144
0.015076
0.75525
-0.0020142
-0.015747
0.10559
0.01709
0.10376
-0.071716
0.006958
0.24432
0.28638
0.030029
0.48401
-0.0014038
0.017334
-0.041992
-0.053162
-0.047668
-0.019043
0.060425
0.007019
-0.02887
-0.026917
1.1227
0.074707
-0.10388
0.13483
0.080566
0.12842
0.31525
0.23584
0.036865
0.11237
-0.024414
0.012451
-0.068909
0.041931
-0.023987
0.011719
-0.049988
-0.0072021
-0.016724
-0.07428
-0.011597
-0.043213
1.017
-0.0059204
0.66864
0.0090942
0.24603
0.05835
-0.053223
-0.0013428
0.080078
-0.01123
0.0055542
0.53662
0.024475
0.097412
-0.035645
-0.068298
-0.015381
0.18359
-0.066406
0.095337
-0.012329
0.087769
0.07843
-0.00024414
-0.077759
-0.034058
0.91974
-0.089172
-0.22375
0.008606
0.10779
-0.024597
-0.046448
-0.020752
0.73663
0.39349
0.051208
0.055359
-0.049805
-0.06665
-0.068665
0.053345
-0.0025024
0.010925
0.058228
0.0032349
0.29553
0.027893
0.75006
0.078247
-0.13293
0.11456
0.014954
0.29144
0.0043945
0.061584
0.093323
0.32837
-0.071228
0.083801
-0.045837
-0.063843
0.91711
0.064453
0.020325
0.015198
-0.020691
0.025269
0.076904
0.0031128
0.00079346
-0.034241
1.031
-0.036072
0.061646
-0.008728
-0.025024
0.0061646
0.024353
0.021057
-0.051697
-0.085693
0.013184
-0.063416
0.0059814
0.085754
0.19873
0.17108
0.10791
0.50543
-0.17407
0.2511
0.068176
0.28699
0.0062866
0.021545
0.074707
0.17291
0.025513
0.061584
-0.033447
0.0401
0.040955
0.5556
0.13452
0.17444
-0.065186
0.24622
-0.048218
-0.031128
-0.069458
1.0698
0.093933
-0.040344
0.025757
-0.1936
0.0056152
-0.090576
0.050476
0.018677
0.012329
-0.098511
0.080139
0.024841
-0.022217
-0.076904
0.91199
-0.17029
-0.30182
0.18719
0.33813
0.04248
-0.0094604
0.036926
0.012329
-0.033203
-0.12927
-0.043335
0.18982
-0.096558
0.87537
0.36243
0.0076904
0.0027466
0.17023
0.13763
-0.014404
0.36371
-0.017456
0.045715
-0.0088501
0.36267
0.10791
0.070862
0.43054
0.0802
-0.072693
0.22559
-0.012756
-0.02594
0.074951
0.036377
0.0062866
0.016907
-0.054321
-0.0089111
-0.043579
0.026489
0.069336
0.51782
0.00024414
0.12811
0.73285
-0.0096436
0.048645
0.18225
-0.026917
0.055115
0.11438
-0.064392
-0.059509
0.43567
-0.064697
-0.10571
0.12592
0.11505
0.069214
0.25665
-0.070374
0.11505
-0.057312
-0.028503
0.094238
-0.029419
-0.0073242
0.7829
0.0053711
0.15869
0.10309
-0.034668
0.013733
0.0012817
0.049316
0.081238
0.006897
-0.058044
-0.070129
0.089172
0.066162
0.11237
-0.033325
-0.047852
-0.089294
0.27588
0.058167
0.4743
-0.081299
0.27051
-0.046387
-0.0090332
-0.08844
-0.042542
0.023071
0.29742
0.16028
0.43854
-0.074768
0.1217
0.069885
-0.033142
-0.03241
-0.0082397
0.04071
0.051514
0.044434
0.16382
0.15417
0.077881
-0.079285
0.59229
-0.02948
-0.047302
-0.12152
0.12177
0.31171
0.14124
-0.057983
0.053223
-0.05304
0.20288
0.15125
-0.044373
0.070862
-0.060181
-0.0054932
0.46997
-0.032227
0.25446
-0.041382
0.14606
-0.007019
0.1001
0.070068
0.43744
-0.063049
0.1142
0.027161
0.21277
-0.058777
0.091125
0.011658
0.40485
0.18695
0.014893
0.027954
0.16101
0.058228
0.12622
0.010803
-0.031982
0.031128
-0.029419
-0.012024
0.069519
-0.0042114
0.03656
-0.036316
0.028076
-0.059143
0.0033569
0.9585
0.085754
0.12885
0.19727
0.13062
0.24384
-0.104
0.055115
0.097351
0.067627
-0.036926
0.019714
-0.0089111
-0.063782
-0.054321
-0.044128
0.27936
0.046021
0.68103
-0.01532
0.075012
0.0074463
0.038452
-0.033203
0.00048828
-0.057495
0.010864
-0.026428
-0.22791
-0.11481
1.1283
0.06488
-0.030884
-0.02063
0.046265
-0.14307
1.0156
0.075073
0.044434
0.21423
-0.0010376
0.014832
0.031372
0.011047
0.10406
0.051331
-0.043274
0.07312
1.0657
-0.058411
-0.10876
-0.041626
-0.027771
0.39435
0.053467
0.18372
0.078735
0.31232
-0.021301
0.20972
-0.029053
0.050232
0.83173
-0.074585
0.10004
0.0081787
0.10822
-0.041016
-0.040344
0.015991
0.0058594
-0.0083008
0.090637
0.049744
-0.027832
-0.043762
0.8551
0.082092
0.014038
0.15088
0.0080566
0.058716
-0.045593
-0.097534
-0.012695
-0.048096
-0.088867
-0.0042725
0.08313
0.81512
0.095459
0.11053
-0.042236
-0.043335
0.084595
-0.041382
-0.023743
0.044861
0.078918
0.94263
0.041992
0.047546
0.077332
0.37921
-0.0036621
0.40747
-0.045471
0.19067
0.010254
0.0030518
-0.0063477
0.14349
0.05011
0.35706
-0.051025
0.070496
-0.053162
0.42102
0.075073
0.14209
0.0042114
0.0093384
0.09375
0.38428
-0.092957
0.33203
-0.032837
0.30841
0.0090332
-0.00024414
-0.011536
0.00054932
-0.044922
0.18054
-0.0013428
0.5365
0.091858
0.32019
-0.023071
-0.046448
-0.071228
0.085571
0.020386
-0.031189
0.39545
0.028503
0.30511
0.17609
0.076599
0.0755
0.033508
-0.02179
0.79041
0.010132
0.12622
0.020081
-0.0059204
0.0090332
0.0014038
-0.03363
0.0079346
0.19696
0.024597
0.33533
0.054138
0.023193
0.010498
0.22534
0.075073
0.051636
0.0014038
-0.019897
0.091797
-0.089294
0.15326
0.60175
0.038879
0.1568
0.030579
0.0045166
-0.030762
0.53009
0.021118
0.095825
0.019775
-0.060852
0.003479
0.086914
0.0021362
0.062683
0.010254
0.4162
-0.20575
-0.054565
0.69318
-0.033264
-0.0011597
0.12219
0.10461
0.069824
-0.063538
-0.068909
-0.030029
-0.022034
0.038513
-0.061584
-0.0043945
-0.026978
0.37585
0.026062
0.67303
0.20801
-0.017761
-0.099915
0.038574
-0.16193
0.083191
-0.12579
0.034363
1.0781
0.0050049
-0.056824
0.0027466
0.11554
-0.039063
0.80481
0.0037842
0.073792
0.0079956
-0.06366
0.044373
0.8761
-0.080322
0.040833
0.0089111
-0.077209
0.052979
0.12512
-0.01062
-0.061401
0.051941
0.038208
-0.0043945
-0.099792
0.28436
-0.0083618
-0.069397
0.1004
0.13989
0.71875
0.03009
-0.093628
0.07196
-0.0076294
0.082153
0.64929
-0.021912
0.14124
0.058594
-0.058838
0.019043
-0.040344
-0.056458
0.048767
0.91815
-0.03009
0.12109
-0.045105
0.032471
0.034668
0.003479
-0.0018311
-0.033936
0.047363
0.074524
0.018982
-0.12042
-0.0094604
0.24298
-0.065857
0.92786
0.026245
-0.006958
-0.018677
-0.05835
-0.011353
-0.0046387
-0.010986
0.85034
0.051575
0.081299
-0.036316
1.1985
0.036438
-0.16144
0.016479
-0.051147
-0.037415
0.059082
0.0054321
0.035706
0.06012
0.85339
0.063354
0.13611
0.037354
-0.057617
-0.044067
-0.029358
-0.023315
0.029175
0.059631
-0.00073242
0.035767
-0.030579
-0.027954
0.45203
0.037354
0.13678
0.010193
0.30652
0.021606
-0.098938
0.028137
-0.024658
0.11383
0.44366
0.021423
0.30017
-0.088623
0.17401
-0.05481
0.9389
-0.016846
0.018066
0.037598
-0.033691
0.055359
0.027954
0.026672
0.031494
-0.030273
-0.048767
-0.10962
-0.025391
0.03717
0.18561
0.0062256
-0.14154
-0.03717
0.95557
0.037048
0.0022583
0.34723
0.012329
0.25629
-0.059448
0.34021
0.034302
0.015564
-0.0046997
-0.11279
-0.014099
0.46228
0.0091553
0.4455
-0.024902
0.059448
-0.00024414
-0.021606
-0.04541
0.073608
0.029053
0.27142
0.043579
0.24164
0.042542
0.29138
0.091553
-0.018127
0.019775
0.084534
0.048401
-0.14172
0.49011
0.28003
0.06366
0.081848
-0.057373
-0.0078735
0.038696
0.10254
-0.032043
-0.020264
0.014465
-0.078796
-0.044617
0.064392
0.1048
0.97308
0.023071
0.45001
-0.070496
-0.094238
0.22394
0.17389
0.011536
0.29498
-0.028259
0.012146
0.08728
0.030273
0.068298
0.086426
0.020203
0.12054
-0.16907
0.14294
1.1715
-0.018799
-0.081421
0.0022583
0.6889
-0.054382
0.082825
0.035461
0.044861
0.050537
0.12286
0.030945
0.0095825
0.12024
0.045288
-0.070007
0.93665
-0.043152
0.0026245
0.024414
-0.061218
-0.050964
0.023376
0.83527
-0.080505
-0.030396
0.10242
-0.054382
0.13281
0.20544
-0.041687
0.081177
-0.058838
-0.0090942
0.020142
0.044922
-0.013794
-0.016907
0.41003
0.066467
0.48083
0.025513
-0.031982
0.21826
0.037292
0.067932
0.68036
0.19659
0.01709
-0.032166
0.081116
-0.072632
0.07843
0.0095825
-0.019409
-0.15314
-0.060181
0.011414
1.1271
-0.0073853
-0.094055
0.01355
-0.014526
0.0092773
-0.034424
-0.062378
-0.019348
0.059448
0.039124
0.035645
0.10059
1.1394
0.022095
-0.0037842
0.99432
-0.077271
-0.18854
0.14728
0.078979
-0.0081787
-0.072205
0.012085
0.010559
-0.060181
-0.0049438
0.019775
0.16888
0.54926
-0.022827
0.18726
-0.016968
0.0021973
-0.076172
0.10645
-0.010498
0.66644
0.094421
0.096741
-0.11346
0.19263
0.023071
0.19495
-0.015564
-0.038757
-0.037048
0.059937
1.1646
-0.14935
0.069153
0.01239
-0.0084229
-0.012756
0.048279
-0.022156
0.023193
0.16467
-0.084717
0.73279
0.016968
-0.025085
0.084656
-0.0065308
0.0018921
0.027832
0.034851
-0.031799
0.071594
-0.0063477
0.069641
-0.082886
-0.031921
1.2733
-0.042053
-0.099487
0.019348
0.1203
-0.0056763
0.03009
0.12653
0.18011
-0.0019531
0.9574
0.029358
0.040649
0.079712
-0.014832
-0.13953
0.044556
-0.044556
0.076782
0.05011
1.1204
-0.033203
0.055908
0.20935
0.022888
0.25989
0.21863
-0.056885
0.069885
0.091614
0.046387
0.095703
-0.056702
0.012146
-0.024353
-0.036377
0.1333
0.035278
0.19751
0.020813
0.61694
0.027344
-0.046448
0.97327
-0.027771
-0.016846
0.059998
0.011108
0.091919
-0.038696
0.015747
0.047485
-0.082642
0.078918
0.026062
0.058594
0.19061
0.08667
-0.044189
-0.044434
0.90143
0.10675
-0.029053
-0.021851
0.012085
0.032166
-0.024109
0.27911
-0.025757
0.35046
0.14276
0.2868
0.08374
-0.0037842
0.033691
0.93756
-0.10754
-0.085205
0.052734
-0.10229
0.10864
0.0077515
1.0329
0.049438
-0.065125
-0.022888
-0.12219
0.047119
0.039429
0.0012817
-0.049866
-0.0093994
0.3775
-0.13507
-0.01532
0.036255
0.31342
-0.023926
0.38354
-0.033691
0.095032
-0.0018311
0.47247
0.031616
-0.0040283
0.071777
0.11481
0.010315
0.28973
0.012573
0.077942
-0.019531
0.056458
-0.013977
0.26654
0.15277
0.16302
-0.013062
0.17761
0.025085
0.15063
0.022156
0.0062256
0.0070801
0.0089722
-0.0271
-0.033386
0.10907
0.0057983
-0.1217
0.012573
0.92725
-0.030396
-0.021912
0.054749
0.0019531
0.090515
0.010254
0.11987
0.71362
0.031311
-0.045166
-0.042236
0.091675
-0.085449
0.79938
0.043457
0.054871
0.0089111
-0.02124
0.026184
0.065979
-0.020081
0.023804
-0.00042725
0.041077
-0.043701
-0.04541
0.0079956
0.28412
0.060181
0.62354
0.75903
0.00012207
-0.00042725
0.045532
0.022583
0.055725
0.088989
-0.0085449
-0.011536
0.030579
-0.061279
1.0227
-0.061646
-0.065186
0.049316
-0.0078125
0.0079346
-0.0070801
-0.0271
0.026794
0.20959
0.064026
0.12964
0.12085
0.27667
0.11896
0.090271
0.10144
-0.095825
-0.0064697
-0.069641
0.045471
0.037354
-0.02356
0.048096
0.87378
0.031433
0.0024414
-0.0036011
0.28137
0.02478
0.0067139
-0.046814
0.030212
-0.024597
0.29089
0.036499
0.14722
0.041565
0.56653
0.1377
0.079163
0.12933
-0.085571
0.012512
0.33618
0.22052
-0.040955
0.077393
0.03009
0.66852
-0.04895
-0.13593
0.060852
-0.14661
0.073853
0.078857
0.1134
0.007019
0.033508
-0.12579
0.04895
0.12823
-0.045776
0.16022
1.0346
0.010742
-0.22089
0.15833
-0.09845
0.55212
-0.079529
-0.07196
0.019958
0.044983
-0.0076294
0.097839
-0.0087891
0.086426
0.076538
0.00042725
-0.014404
-0.021301
-0.026001
0.060303
1.0746
0.053467
0.075012
-0.0062256
-0.074768
0.13434
-0.070313
-0.065552
0.41827
-0.068481
0.087219
0.16193
0.13477
0.61151
-0.0027466
0.10205
-0.021484
-0.014587
0.1142
0.0062866
0.56378
-0.0067139
0.56439
-0.032288
-0.078369
0.040833
0.034607
0.036438
0.40314
0.2348
0.028564
0.19757
0.085754
0.10907
-0.01239
0.058167
-0.0092163
0.31793
0.046143
0.22382
-0.0011597
0.29047
-0.0019531
0.020325
0.0067749
0.012512
0.059631
0.72833
-0.070984
0.11975
0.072754
0.23999
-0.014526
-0.03186
-0.034485
-0.17432
-0.066589
-0.13641
0.041626
0.15247
-0.024292
0.028992
0.1474
0.76611
-0.02594
0.3689
0.0083008
0.025452
0.077637
0.1156
0.023621
0.36414
-0.046143
0.080444
-0.0010376
0.68018
-0.022888
-0.13086
-0.077759
0.38562
0.16193
0.31628
-0.033264
-0.16077
-0.086182
-0.019409
0.029053
-0.012756
0.044922
-0.0089111
-0.093506
-0.027588
-0.0092163
-0.025818
1.0703
0.17859
0.29565
0.078186
0.40375
0.016174
-0.014343
0.046021
0.027161
0.01001
-0.061523
0.22595
0.036133
-0.11316
0.22229
0.16968
-0.025818
0.17169
0.061646
0.16302
-0.016663
-0.11578
0.18359
0.13098
-0.086121
-0.00079346
0.90601
0.044739
0.025574
0.083496
0.14923
-0.023071
-0.0046387
0.11182
-0.051758
0.028992
0.46387
0.11359
0.013977
0.5791
-0.07489
0.0027466
0.82465
0.022888
0.031616
0.032715
0.042175
-0.021851
0.049744
0.0059814
0.025757
-0.0032349
1.1591
-0.074829
-0.059143
-0.0021973
0.098389
0.012085
-0.030518
0.0271
0.0078735
0.080322
0.077209
0.46375
-0.084839
0.12189
0.022156
0.17902
0.030701
0.044617
0.057312
0.32233
-0.0067749
0.16101
0.22559
0.12689
-0.014893
0.27521
-0.032288
-0.005188
-0.0012207
0.7251
0.005188
0.039795
0.08252
-0.024475
-0.0021973
0.24518
-0.0022583
-0.045959
0.0077515
0.77594
0.019043
0.056885
0.14264
0.16394
0.043213
0.24585
-0.020264
0.01825
0.0092163
-0.01593
-0.0099487
-0.042786
0.022949
-0.035156
-0.083557
0.0089111
0.20923
0.65424
-0.082886
-0.0084839
-0.028442
-0.034912
0.080383
0.31805
0.024414
0.21918
0.01178
0.32928
0.050598
0.025513
-0.1073
0.53442
-0.034424
0.23431
-0.0061035
0.27795
-0.015625
0.074341
0.022949
0.19214
0.16315
-0.13556
0.49298
0.017151
-0.10608
0.12189
-0.08374
0.03595
-0.01593
0.050049
0.01355
-0.083069
0.80145
0.024048
0.019226
0.052795
0.030762
-0.053284
0.032898
0.015198
0.0092773
-0.01825
0.036133
0.093323
0.082031
0.042236
-0.2196
-0.0039673
1.2219
0.010742
0.086304
-0.07196
-0.034546
-0.014587
0.52631
0.084229
0.47455
0.013489
0.064941
-0.0091553
-0.056824
-0.068604
-0.039246
0.70746
0.034119
0.27399
-0.013489
0.065186
-0.005249
0.14264
-0.14514
0.069641
0.44415
0.17755
0.13861
0.24133
-0.0076294
-0.01825
0.00061035
0.12024
0.19305
-0.040222
0.65643
0.1424
-0.087585
0.11249
0.18878
-0.042725
0.034363
0.016785
1.1615
0.0064087
-0.11548
0.034851
-0.049988
0.054321
0.034424
-0.037292
0.0057983
0.0058594
-0.024963
0.054382
-0.090698
0.043945
0.023682
0.1402
-0.039307
0.85913
0.0023804
0.088013
0.86993
-0.01178
0.018494
0.048889
-0.062866
-0.011292
0.086853
-0.076904
0.044495
-0.11218
-0.052429
-0.1225
-0.034973
0.070862
1.1563
0.017639
0.088318
0.04364
-0.044495
0.086914
0.052185
0.49841
-0.016296
0.40289
0.034485
0.1286
0.018494
-0.011047
-0.065491
0.95544
0.03363
0.041809
-0.020325
-0.10406
0.019958
-0.010437
-0.010315
0.050598
0.046875
0.69684
-0.023132
-0.098999
-0.020752
0.14819
0.013428
0.27814
-0.019714
-0.028687
0.015808
-0.045105
0.046509
-0.0040894
0.013489
0.014404
0.073364
-0.03009
1.04
-0.050415
0.024414
0.064087
-0.0177
0.00061035
-0.033997
-0.034424
0.068054
0.077148
-0.076233
0.12177
1.018
0.054504
0.22406
0.079712
0.63489
0.10675
-0.0062256
-0.094055
0.070007
-0.14624
-0.033997
-0.030579
0.022583
0.75751
-0.036072
0.13904
-0.048218
0.18683
0.025452
0.040039
-0.013916
-0.046692
-0.025269
-0.031555
0.072327
0.028381
-0.014099
0.089417
0.74799
0.092651
-0.066406
0.031677
0.6123
-0.024475
0.12189
-0.021179
0.091248
-0.011169
0.080322
-0.03833
0.11267
-0.019714
-0.0079346
0.074036
-0.010742
0.015747
-0.12701
-0.09137
1.1032
0.06189
-0.047668
0.093445
0.068848
0.11151
-0.013306
0.40753
0.005127
0.3689
-0.0031738
0.043701
-0.0054932
0.005188
0.82098
-0.05896
0.11774
0.038818
0.057434
-0.025269
0.014282
-0.071655
-0.034485
0.072571
-0.034546
0.092407
0.13025
0.14868
0.16754
0.39911
-0.095764
0.037354
-0.010071
0.28485
0.065796
0.87817
-0.044067
-0.074219
-0.00073242
0.099731
0.013489
0.031921
0.053894
0.029724
0.0056152
0.09552
0.0014038
0.033997
0.016357
0.1095
0.033264
0.39331
0.051514
-0.11871
0.029419
0.49109
0.026001
0.2511
0.038696
0.10388
-0.046631
0.047363
0.060486
-0.026672
0.13477
-0.031311
-0.029602
0.093201
0.17035
0.036621
0.8609
0.027039
-0.0802
0.29309
0.012634
0.13092
0.23383
0.011047
0.29016
0.063538
0.012756
0.053711
-0.0095215
-0.10175
0.14539
0.022827
0.0087891
0.78925
0.049011
0.20856
-0.072937
0.018677
0.006958
-0.0054932
-0.0026855
-0.039368
0.028442
0.0014038
0.20465
0.0042114
0.19562
0.044678
0.49597
-0.050476
-0.09668
0.01593
0.71991
0.31299
0.082703
0.091248
-0.05072
-0.085938
-0.072632
0.10687
0.01001
0.49829
0.034119
0.33972
0.016235
0.15228
0.0079346
-0.034119
0.059814
0.16229
-0.0075073
-0.23376
0.076416
-0.0090942
0.67719
0.10046
0.044189
-0.041321
0.36359
0.41785
0.048767
0.36206
0.070068
-0.093079
0.023071
0.32227
0.0083008
-0.011047
-0.020142
-0.083191
-0.058289
0.093079
-0.10748
0.057922
0.053101
0.1579
0.022461
0.6463
0.012573
0.048645
-0.025757
0.34277
0.13562
0.13617
0.03009
0.29498
-0.072083
0.1059
-0.024536
0.081421
0.032227
0.71069
0.053772
-0.11505
0.03894
0.097229
-0.013977
0.02301
0.06781
-0.01001
-0.06488
0.28668
0.10413
0.46045
-0.038574
0.3653
-0.022766
-0.013367
0.016357
0.027649
-0.073608
-0.064575
0.024414
0.047424
0.55133
0.02002
0.25806
0.17218
0.22583
-0.26813
0.11108
0.49805
-0.13562
0.26105
0.29773
0.39746
-0.055359
0.12994
-0.13885
-0.057861
0.1167
0.32196
0.042847
0.28876
-0.055481
0.051575
0.059814
0.016785
-0.0075073
0.010193
0.72412
0.099609
0.20532
-0.0018921
-0.028625
-0.021606
0.0096436
-0.054382
-0.0084839
0.092712
0.85083
-0.0095825
0.073425
0.0075684
0.022766
-0.044128
-0.010437
0.079407
-0.00018311
1.0918
0.041199
0.086975
-0.053101
-0.14935
-0.0053711
0.10718
-0.080505
-0.067261
0.010742
0.37073
-0.02594
-0.071045
0.64813
-0.0064697
-0.088013
0.16675
-0.088379
0.097107
-0.020203
-0.16602
0.063477
0.039124
-0.050049
0.039001
0.47577
0.022644
0.067627
0.32196
0.1709
0.00067139
-0.011902
0.0012817
-0.011108
-0.011658
0.83893
-0.024231
0.2641
-0.14734
0.038452
0.0071411
0.11652
0.724
-0.10486
0.23834
0.064453
0.06842
0.088379
0.059631
-0.045654
0.054382
-0.039856
0.099854
-0.031738
0.3299
0.014282
0.40533
-0.017578
0.041931
0.051392
0.068298
-0.032837
0.039368
0.016418
0.64429
0.001709
0.14368
0.0081787
-0.01239
-0.026855
-0.011963
0.77301
-0.040222
0.12811
0.23346
0.0026245
0.024658
0.064697
-0.09967
-0.080322
-0.12506
0.01001
-0.088379
0.02124
0.13837
0.085815
0.02771
-0.11383
0.98212
0.096985
0.066833
-0.15656
0.043945
0.16803
-0.12482
0.15692
0.075439
-0.15051
0.15582
-0.067261
0.084778
-0.029724
0.13208
0.23639
0.39771
0.032593
0.25067
0.0029297
0.011536
-0.060303
0.00061035
0.012207
0.26703
-0.081177
0.53632
0.10663
0.1283
0.010254
-0.033752
0.0070801
0.12457
0.045715
0.073853
0.12793
0.28003
0.056763
0.12152
0.037964
0.035828
0.048523
-0.018188
-0.0026245
0.33044
0.041321
0.4826
-0.018005
0.29553
-0.038391
0.026245
-0.042786
0.028198
0.037354
0.57892
-0.0013428
0.26154
0.0040283
0.088867
0.0095215
-0.087463
-0.01947
0.00091553
-0.044922
0.025696
-0.075317
-0.060242
0.0054321
0.056641
0.4704
0.023193
0.70282
0.24481
0.039185
0.297
0.0076294
0.0026245
0.040649
0.27362
0.043396
0.10925
0.09375
0.35309
0.11743
-0.054932
0.59375
0.31226
-0.047485
0.24591
0.060791
-0.16162
0.027954
-0.069641
0.021484
0.016296
-0.058411
0.049133
0.11102
-0.010376
0.33551
0.086487
0.57062
0.14478
0.027466
0.19745
0.047607
0.14404
0.1756
0.41644
0.012085
0.052734
-0.075012
0.27216
0.14783
0.26965
-0.059265
0.05957
0.064453
0.2403
-0.048645
0.15289
-0.019592
0.30548
-0.079285
0.068481
0.23126
0.031616
-0.053223
0.25818
-0.044617
0.067017
0.0077515
0.0048828
-0.068298
0.04248
-0.066284
0.045532
-0.042542
0.26361
0.030762
0.76044
0.0098267
-0.021484
0.073303
0.10065
-0.0271
0.65771
0.024536
0.099854
0.087036
0.0076294
0.049561
0.018616
0.048157
0.067871
0.13757
-0.0029907
0.48877
-0.016296
0.25238
0.022278
0.04071
-0.063782
0.056702
0.24933
0.01355
0.39032
0.055054
0.14374
-0.0271
0.032104
0.026306
0.036316
0.0039063
-0.00018311
0.031616
0.019531
-0.020874
0.010742
0.083252
-0.02832
0.70648
0.072632
-0.04126
-0.068665
0.27417
-0.041016
0.052856
0.18414
0.077271
0.62323
-0.018188
-0.054199
0.83514
0.0013428
0.073242
0.056946
-0.020264
0.0448
0.089172
-0.029846
0.042664
0.036011
-0.099121
0.12915
0.0081177
0.47974
0.0033569
0.36688
-0.03595
0.006897
0.014587
0.033508
0.044128
0.15387
0.46625
0.22186
0.035095
0.12616
0.03595
-0.0078735
0.01947
0.1413
-0.14618
0.35693
0.17804
0.095947
0.15924
0.42773
-0.0050049
0.22198
-0.056641
0.08783
-0.035706
0.10266
-0.0060425
0.45917
0.0071411
0.41534
-0.01001
0.0040283
0.0090332
-0.03125
0.034851
-0.066772
0.03186
-0.013794
0.0064087
-0.013733
0.20197
-0.017639
0.97693
-0.03125
0.038757
0.10461
-0.0075684
0.69092
0.03186
0.26959
-0.03418
0.11829
-0.046936
0.073303
0.20422
0.018738
0.56818
-0.020203
0.15741
0.039551
0.052429
-0.039856
0.0068359
0.027344
-0.041077
-0.0062256
0.039246
-0.0083008
0.39185
-0.010742
0.61517
0.005127
-0.057129
-0.0022583
0.88385
-0.015808
-0.014893
0.071045
0.029053
-0.016174
0.0271
-0.046509
-0.031982
-0.037109
0.11688
0.27173
-0.08252
0.76807
0.076599
0.027161
0.018066
-0.13477
0.045105
-0.0023804
-0.088867
0.1991
0.041565
0.36322
0.014465
0.29022
-0.014282
-0.05127
0.013733
0.81195
-0.077148
-0.020447
-0.0032959
0.028992
0.10938
0.17914
-0.072815
-0.054749
0.0079346
0.02771
0.8288
-0.02063
0.13281
0.15607
0.013977
0.012207
-0.0625
-0.006958
0.043823
-0.07428
0.94525
-0.075012
0.046204
0.0037842
0.045227
-0.037109
-0.028931
-0.062073
0.043091
0.63263
0.0010986
-0.15094
0.0049438
0.20007
0.10614
0.23895
-0.07489
0.0578
0.0029297
0.11627
0.094727
0.45776
-0.026428
0.076599
0.046814
0.18823
-0.095154
0.11444
0.0448
0.1701
-0.070129
0.14429
0.10046
0.17041
0.019836
0.4704
0.038391
-0.0036011
-0.0036011
-0.067383
0.041809
0.0042114
-0.034912
0.039673
0.15771
-0.064209
0.13977
0.01123
0.77661
-0.014648
-0.011597
-0.022705
0.012451
0.0077515
0.35852
0.04187
0.26569
0.043213
0.25684
0.40332
-0.10858
0.16876
0.036316
-0.093811
-0.046265
0.1026
-0.02179
0.18518
-0.01947
-0.012268
0.77252
0.023132
0.24591
0.16333
-0.0026855
-0.029114
0.014587
-0.057617
-0.028931
0.22363
-0.063721
0.76093
-0.028381
0.1842
0.03009
0.1311
-0.00012207
0.020142
-0.070068
0.069092
0.014587
0.43848
-0.015808
0.26282
0.017639
0.31067
-0.038635
-0.027161
0.018127
0.37915
-0.087585
-0.058472
0.36328
0.12946
-0.058594
0.2655
-0.0038452
0.025513
0.042419
0.046204
0.024231
-0.013062
-0.061035
-0.0271
-0.062744
0.018616
0.62781
0.017639
0.34796
0.20068
-0.026123
0.24805
0.10077
0.25946
0.070984
0.015564
0.012329
0.032593
0.041992
-0.033447
1.0632
-0.064392
-0.036743
-0.016968
0.039673
0.012878
-0.024109
0.0013428
0.028809
-0.054688
0.93585
-0.0098267
0.073914
0.046326
-0.015259
-0.0096436
0.027771
0.013977
0.066406
-0.04248
-0.040527
-0.030334
0.033569
0.0095215
0.44183
-0.010925
0.5293
0.050232
0.022644
-0.089966
0.021362
-0.0064087
0.028625
0.021301
0.38904
-0.02771
0.69141
-0.051941
-0.095886
-0.0016479
-0.089417
-0.080627
-0.013123
0.016174
0.0064697
-0.01062
0.038757
0.99268
-0.12952
-0.032288
0.0067749
-0.082458
0.035645
0.026489
0.51941
-0.026733
0.46417
0.17487
-0.070313
0.1745
0.00097656
0.37085
0.15979
0.16638
0.056458
0.33118
0.051758
-0.043213
-0.036133
0.10223
0.052673
-0.011719
0.046875
-0.0077515
0.41296
-0.0092773
0.45111
-0.056946
0.20551
0.044189
0.10834
-0.0076294
0.71674
0.01062
-0.015808
-0.040588
0.11957
0.11365
-0.057007
-0.070679
-0.03949
-0.0067749
-0.025513
-0.0072021
0.12567
-0.015686
0.93994
0.12622
-0.090576
0.28351
0.22986
0.20984
0.087097
0.13586
0.035583
0.10242
0.087524
0.022949
-0.080078
1.2366
-0.057007
0.049561
-0.13782
-0.21051
0.052734
0.16364
0.071167
-0.26031
-0.030518
-0.0067749
0.018066
0.0025635
0.01593
0.055603
-0.086975
0.15375
0.19843
-0.068054
0.80109
-0.0044556
-0.031433
0.2168
0.0078735
0.33331
-0.017639
0.28864
-0.015747
0.23523
0.0048828
0.074036
0.77844
0.017944
0.073059
0.036621
0.05481
-0.031982
-0.025391
0.079346
0.00067139
0.063721
-0.012878
0.11664
0.010315
0.27942
-0.0036621
0.44843
-0.032654
0.15698
-0.010132
0.29047
0.026184
0.38501
-0.064087
-0.049194
0.043823
0.1908
0.036499
-0.048584
0.060425
0.15137
-0.16144
0.29675
-0.17596
0.24683
0.059143
0.38428
0.072449
0.17175
-0.023682
-0.0085449
-0.087769
-0.18701
0.11096
-0.0024414
1.0138
-0.018799
0.026917
-0.041504
-0.015503
-0.027527
0.061951
0.050659
-0.08374
0.0022583
0.088623
-0.055359
0.013733
1.0354
-0.011108
-0.00354
0.041992
0.13312
-0.2168
0.093262
0.47327
0.18024
0.085632
0.12701
0.29236
-0.091064
0.083618
0.45007
-0.064026
0.20209
0.16132
0.18304
-0.039001
0.05188
-0.019409
-0.043701
-0.014404
-0.0074463
0.015869
-0.04718
0.37836
-0.048767
0.12018
0.17419
0.23029
0.035706
0.02594
0.058777
0.0041504
0.0018311
0.10596
0.081848
-0.0075073
0.73651
0.051453
0.047363
0.057495
0.20544
0.069397
0.53564
-0.0078735
0.011353
0.089111
0.057922
-0.021667
0.76514
-0.044922
0.11926
0.014587
-0.012512
-0.078979
0.21448
0.074463
-0.049927
0.032654
0.015259
-0.054016
0.0074463
0.0041504
0.055969
0.24335
0.0033569
0.10913
-0.075562
0.85822
1.0028
-0.041016
0.043091
-0.071167
-0.10565
0.032043
0.13672
-0.055603
-0.11676
-0.026978
0.06366
-0.091431
0.065125
-0.037476
-0.073425
-0.03241
0.039734
0.015564
0.42444
0.00091553
0.12152
0.72772
0.014832
0.052979
0.13489
-0.032532
0.059753
0.054504
-0.084961
-0.055664
0.47705
-0.043091
-0.053406
0.66028
0.079712
-0.07074
0.28125
-0.02887
-0.15625
0.091064
-0.005188
-0.0078735
0.15668
-0.030212
-6.1035e-05
0.14069
0.15356
-0.11334
0.59308
-0.057861
0.1391
0.0073853
0.27667
0.074158
0.082825
0.018799
0.28796
0.0058594
0.057007
-0.012451
-0.014832
-0.02771
-0.0073853
-0.032959
-0.028992
0.070435
-0.0033569
0.043091
0.77802
0.16437
-0.0062256
0.058289
0.72748
-0.10645
0.31744
0.053589
-0.088623
0.075806
0.069214
-0.0073853
0.89264
0.0578
-0.05188
0.061646
-0.061951
-0.0026245
0.081848
-0.042358
0.068542
0.01416
0.1347
0.086121
0.24127
0.028137
0.057251
0.33344
0.18365
0.0027466
0.057251
-0.030396
0.089539
0.2384
0.063721
0.91302
0.0023804
-0.086853
0.012207
-0.10675
-0.018127
-0.044678
-0.061951
-0.015381
-0.10913
0.47412
-0.024231
0.015076
0.11816
0.32562
0.53632
-0.099243
-0.036987
0.0014038
-0.0014648
0.056824
0.039429
0.17987
-0.038269
0.63824
-0.056824
0.25372
0.081055
0.058716
-0.0048218
-0.080383
-0.045044
-0.083862
0.050415
0.068787
1.1967
-0.059082
-0.12451
0.02655
0.63525
0.030212
0.23822
-0.044983
0.12335
0.084839
-0.005188
-0.033875
0.033691
-0.02417
0.4989
-0.062927
0.4223
0.048828
0.02533
0.017456
0.0011597
0.034668
0.13367
0.0062256
0.013733
0.26343
0.15179
-0.052673
0.16479
-0.0011597
0.16577
-0.024963
0.033325
-0.040955
0.21356
0.014893
0.29517
0.048218
0.34058
0.018372
0.064514
-0.01947
0.7868
-0.030518
-0.19147
-0.17682
0.061279
0.015381
0.30432
-0.076416
-0.035767
-0.012451
-0.026306
0.09967
0.098267
-0.012451
0.56824
-0.026245
0.21533
-0.0067749
0.080444
-0.012329
-0.039978
-0.0056763
0.13843
0.0094604
0.058289
0.73328
0.056152
0.12585
0.060425
-0.044434
0.05658
0.059814
0.015442
0.6651
0.35815
0.049561
-0.0010986
0.03125
-0.040222
0.015442
-0.011108
0.11371
-0.0067139
0.10431
0.7749
-0.018616
0.013733
0.0046387
-0.083313
0.016479
0.0087891
0.44995
-0.013794
0.5058
0.091431
0.054199
-0.034424
0.0040283
-0.016296
-0.008667
-0.032532
1.1181
-0.08551
-0.033081
0.062988
0.052246
0.071472
-0.015503
0.080933
0.0030518
-0.028748
0.089661
0.0098267
0.034302
0.019165
0.11475
-0.0022583
-0.05011
-0.048035
0.92963
-0.035156
-0.026611
-0.014526
-0.031677
-0.0097656
0.11444
-0.0067139
0.65479
-0.0024414
0.082153
0.097778
0.14301
-0.073669
0.47693
0.017334
-0.050415
-0.021423
0.10785
0.079529
-0.082642
-0.034546
0.036926
0.21735
0.040161
0.42645
-0.091064
0.37225
-0.00054932
-0.014099
-0.023682
0.090515
0.13086
0.26984
-0.019897
0.19696
-0.12091
0.26935
-0.054077
0.19989
0.0065918
0.078125
0.89288
-0.037415
0.053711
0.037048
0.075378
-0.095154
-0.061462
-0.028564
0.071289
0.055115
-0.0065308
0.21448
-0.071167
0.25171
0.06311
0.33527
0.056213
0.077026
0.04425
-0.10895
0.08374
0.8988
-0.17981
-0.0077515
0.061523
0.12262
-0.032288
0.077026
-0.051575
-0.0050049
-0.023071
-0.033142
0.019531
-0.032654
0.25244
-0.073425
0.54645
0.14703
0.15753
0.088074
0.027039
0.083069
-0.074524
0.046692
0.6709
0.17554
0.37891
0.048523
0.014404
-0.086731
1.0233
-0.026184
-0.031311
0.069641
0.080078
0.052734
-0.030823
0.0011597
0.042297
-0.0055542
-0.082397
0.088989
-0.02124
0.0026855
-0.080994
0.097107
0.026917
0.47284
-0.024658
0.784
0.010742
-0.146
0.19519
-0.15002
0.063416
0.0578
-0.0050659
-0.077209
-0.099365
0.27307
0.063416
0.012085
0.5564
0.032837
-0.091187
0.22528
0.017456
0.062134
-0.011475
-0.049927
0.030151
-0.094666
-0.088257
0.069763
0.075623
0.0056763
0.89301
0.13165
-0.031372
0.015442
0.029846
0.00079346
0.035828
0.0271
-0.0010376
0.0028687
0.45709
-0.14911
0.66827
0.023376
-0.019287
-0.022156
0.022156
0.031494
-0.040344
0.014648
0.035583
0.67493
-0.013855
-0.015991
-0.038208
0.0038452
-0.0026245
0.031738
-0.022339
0.00054932
1.061
-0.082214
0.018616
0.16119
0.025452
0.45459
-0.05658
-0.032471
0.01001
0.066406
0.045288
0.055542
0.090027
-0.014282
0.033752
-0.0076904
0.066589
0.044434
0.21265
-0.00030518
0.81628
-0.14429
0.061829
0.068115
0.014099
0.012268
-0.020264
-0.047302
-0.10535
-0.067322
0.18372
0.030701
0.80859
0.0020142
0.029968
-0.023987
0.019531
0.0055542
-0.10254
0.046936
1.0822
0.062439
-0.066711
0.0010376
0.06604
0.49823
-0.10809
0.2442
0.030701
0.19177
0.094055
0.054321
-0.065552
0.0224
-0.038879
0.58936
0.11279
0.26556
-0.027222
0.032288
0.052612
-0.14258
-0.0089722
0.20282
0.018188
0.36969
0.087036
0.17932
0.025085
0.36304
0.072327
-0.091736
-0.040588
0.43011
-0.14911
-0.14093
0.082031
0.17926
0.091248
0.35535
-0.075745
0.10907
0.041565
0.12787
0.13403
0.027649
0.91437
-0.051819
-0.028015
-0.071533
-0.016357
-0.014282
-0.016663
-0.096069
-0.0054932
-0.012695
0.93536
0.053162
0.086792
0.020813
0.032776
-0.023438
-0.013123
-0.046265
0.10529
0.09491
0.013428
0.065552
0.33685
-0.052429
-0.064331
0.053467
0.59814
0.010132
0.63251
0.046021
0.38605
0.11548
-0.011414
-0.026367
0.04071
-0.073242
0.012085
0.060303
0.93665
0.014893
-0.04248
0.057251
-0.052429
0.018188
0.029358
0.02002
-0.016663
-0.0010986
-0.0056152
0.24176
0.016296
0.57745
0.012634
0.057007
-0.05011
-0.01416
0.031067
0.059814
-0.031677
-0.064941
-0.067688
0.09845
0.030945
0.049927
-0.011169
1.1636
-0.0081177
0.94476
0.049927
-0.045044
0.048035
-0.083313
-0.015869
0.070007
-0.02301
-0.0033569
0.039978
-0.021667
-0.047424
0.097412
-0.042847
-0.019287
0.12744
-0.056274
-0.069336
0.0036011
0.93524
0.015747
0.069519
0.026794
-0.015381
0.0026245
0.13922
0.0224
0.82965
0.13672
-0.021545
-0.088928
0.044312
-0.085144
0.073303
0.056946
1.2886
-0.023926
-0.16711
-0.072083
-0.19751
0.037354
0.083252
0.24713
0.050903
0.27454
-0.039429
0.22638
-0.0054932
0.054077
0.0014648
0.086792
0.005127
0.025024
-0.028076
-0.023621
0.067078
0.065674
0.034119
0.7121
0.063477
0.072632
-0.031067
0.012634
-0.08905
-0.091309
-0.066101
0.018616
0.016174
1.1714
0.030212
0.17535
0.2193
0.028992
0.57202
-0.015259
-0.017517
0.081726
-0.046692
0.092957
-0.059448
0.11975
-0.019409
0.23804
0.026001
0.022156
0.010864
0.35901
0.023499
0.16766
-0.02179
-0.03241
0.1012
-0.046509
0.74524
0.013245
0.037292
-0.024841
0.041199
-0.0049438
0.028809
0.11206
-0.012024
0.11499
0.042542
-0.091919
0.042053
0.07605
-0.086914
0.058655
-0.027222
-0.041138
-0.068298
-0.014404
0.019104
0.023315
-0.10431
0.098083
-0.013733
0.95038
0.0060425
-0.096802
0.069641
0.17188
0.11896
0.34296
-0.018677
0.31177
-0.10028
-0.091736
-0.0094604
-0.25311
0.039551
0.79919
0.15723
0.19354
0.0849
0.022644
-0.061768
0.090576
0.11383
-0.052368
-0.013916
0.19037
-0.093262
-0.058105
0.4635
0.037048
0.051208
0.37366
0.29211
0.0042725
0.012512
0.0014648
-0.18097
0.061279
0.076294
0.080322
-0.099792
-0.034607
1.2142
0.1441
-0.0075073
0.51099
0.11908
0.054871
-0.050232
0.2359
0.036682
0.10138
-0.0060425
0.19952
0.22809
-0.0053711
0.36078
-0.019531
-0.0043335
0.10608
0.24707
0.029358
0.0037231
0.032104
0.027039
0.097229
-0.026733
-0.066528
0.0097046
0.03009
0.045715
0.62457
-0.085449
0.10107
0.094055
0.097656
0.28644
0.10785
0.070557
0.20032
0.0036011
0.058105
-0.067444
0.16479
0.029114
0.52911
0.14594
0.13123
0.011292
0.18677
0.032837
-0.090454
-0.051758
-0.033142
0.061401
-0.0177
0.0090942
0.12885
0.018616
0.059509
-0.0062866
1.2082
0.0048218
-0.023254
-0.0026855
0.011963
1.0239
0.02533
0.029663
-0.030151
-0.010071
-0.085632
-0.036804
0.10425
0.29114
-0.049744
0.42096
0.082336
-0.023926
0.057068
0.112
0.006897
0.053711
0.18164
0.023193
0.172
-0.085999
-0.02179
0.00073242
0.138
0.021912
0.089233
-0.044006
0.20862
0.18298
0.27411
-0.062073
0.11993
0.028992
0.13428
0.014954
-0.084045
-0.022522
-0.041138
0.12592
-0.02124
0.84119
0.060181
-0.034912
0.067505
-0.0097656
-0.0032959
-0.017822
1.1575
0.091248
-0.10907
-0.13
-0.23236
0.0083008
0.038269
0.039673
-0.076843
-0.020752
0.059143
0.8811
-0.058105
0.0063477
0.023804
0.040955
0.026245
-0.053528
-0.0058594
0.0031128
-0.11664
0.027466
0.097656
-0.0625
-0.091003
0.086121
0.0039063
-0.068298
0.83307
-0.051025
-0.015625
0.1496
0.20795
-0.09314
0.74689
0.0080566
-0.1167
0.080566
-0.24011
0.064087
0.13953
0.62042
-0.037354
-0.049011
0.30554
-0.022705
-0.048828
-0.010864
-0.054932
0.030334
0.072693
0.050232
0.0024414
-0.018372
-0.022522
0.93066
-0.032227
-0.069519
-0.10425
0.42322
0.078491
-0.075928
-0.0088501
0.014954
-0.068481
-0.13177
-0.049194
0.020752
0.94006
0.061157
-0.05249
0.87286
-0.064758
-0.03418
0.058167
0.055115
-0.00085449
-0.018066
0.010437
-0.0071411
-0.052307
-0.0050659
0.0896
0.018188
0.022278
0.71997
0.13287
0.1546
0.084656
0.15088
0.11938
0.02832
-0.10663
-0.029968
-0.14191
0.048523
-0.15662
-0.015686
0.72998
0.024841
0.77789
-0.021729
0.18201
0.017029
-0.17004
-0.033386
0.18909
-0.030518
-0.0076294
-0.046387
-0.018799
0.050537
0.028687
-0.027344
-0.015381
0.25311
0.049866
0.67145
0.20447
-0.085144
-0.085205
-0.18579
0.038696
-0.041565
0.008606
-0.13824
0.069275
0.21185
0.50684
0.43091
-0.003418
-0.0076294
-0.041016
-0.032349
-0.040161
0.34448
0.051636
0.45654
0.036621
0.26526
0.087402
0.11401
0.17731
-0.21552
-0.060669
0.50616
0.20337
-0.087524
0.049744
0.3208
0.30396
-0.29547
-0.053589
0.15869
0.039856
0.049072
0.29205
0.10089
-0.059082
0.6084
-0.0020752
0.082275
-0.0047607
0.0036011
-0.066406
0.29437
-0.013733
-0.007019
-0.10815
0.91327
