-0.049744
-0.026367
0.013672
0.05127
-0.03009
0.29553
0.00012207
0.27936
0.069153
0.39905
0.0079346
-0.052002
1.1326
-0.022644
0.19202
-0.00036621
0.17523
0.071167
-0.16504
-0.14789
-0.0027466
1.1175
-0.073242
-0.11792
0.035645
0.053589
0.023682
-0.010437
-0.038696
-0.0076294
-0.087097
1.0775
0.10712
0.0081787
0.0040894
-0.025269
-0.022949
0.0031128
0.00079346
0.061462
0.21552
0.0024414
0.26324
-0.0065918
0.072876
0.014709
0.3515
-0.0024414
0.0065308
-0.0062866
0.075989
0.78754
-0.030884
-0.0097656
0.21173
-0.066711
0.085938
0.072266
-0.089172
-0.034546
0.20154
0.10376
0.16473
-0.23883
0.50226
0.018494
0.42328
0.056824
-0.054443
-0.011902
-0.046631
0.0672
0.11713
-0.020203
0.29987
0.018311
0.48511
-0.049011
0.1261
-0.01886
0.017578
0.049255
-0.072083
0.059021
0.049988
0.5755
0.005249
0.43591
0.032898
-0.10956
0.0010376
0.042175
-0.035583
-0.035278
-0.005188
0.18903
-0.034058
0.83105
0.067566
-0.046753
-0.065857
0.038818
0.36517
0.010254
0.34283
0.026672
0.21295
0.0078125
-0.037537
0.0010376
-0.033569
-0.075928
-0.020691
-0.010681
0.0097656
0.61169
0.0053101
0.22485
-0.095459
0.064758
-0.034546
-0.022461
-0.064331
0.039612
0.045654
0.5802
-0.077515
0.18054
0.22638
-0.080078
-0.117
-0.089905
0.0066528
1.0397
-0.034485
0.087158
-0.049622
0.029785
0.042786
0.0065308
0.039856
0.0049438
-0.084351
-0.082947
0.67896
0.064636
0.29767
-0.0042725
0.10217
0.048157
-0.013184
0.78278
0.024597
0.18372
0.031433
0.066956
0.023743
0.044373
-0.02478
0.080383
0.18781
0.044739
0.3501
-0.058716
0.055969
0.099854
0.23669
-0.0056763
-0.029602
-0.016052
0.07373
-0.10541
0.31445
-0.06604
0.28723
0.098389
0.25049
-0.015747
-0.030273
0.074219
-0.013245
-0.018311
0.040771
-0.0057983
-0.016968
0.14697
0.047668
0.0066528
0.69574
0.051331
0.88324
0.041748
-0.060242
-0.025269
-0.052124
0.070435
0.073425
0.072754
-0.050354
-0.037476
0.1864
0.024109
0.11316
0.005127
-0.047302
0.0036621
0.10962
-0.0022583
0.065979
0.039917
-0.058716
-0.0073853
0.01709
0.015198
0.060669
0.37109
-0.048462
0.69501
0.030029
-0.084351
-0.028137
0.053101
-0.01532
-0.041382
0.029541
-0.046021
-0.00036621
0.9173
0.046692
0.029663
0.052185
0.015625
-0.11304
0.014771
0.016113
0.66669
0.018005
0.62939
0.032104
0.11652
-0.041931
1.0349
0.022705
-0.029663
0.00012207
-0.0093384
-0.039124
0.022339
0.040283
-0.0021973
-0.044922
-0.066528
0.49255
0.10803
0.1524
0.086792
0.36176
-0.065063
0.06311
-0.038757
-0.0064087
-0.093384
0.062439
-0.058167
0.56952
0.060181
0.35333
-0.047119
0.032532
0.051086
0.20215
0.21332
-0.016052
0.42401
0.177
0.025635
-0.047607
0.0078735
-0.086792
0.040222
0.0073853
0.026062
0.015747
-0.048462
-0.015137
0.089233
-0.032959
0.27533
0.090576
0.49255
0.11078
0.01239
-0.16583
0.32434
0.38287
0.0096436
0.17303
-0.027283
0.026855
0.049438
0.041992
-0.031433
0.016846
-0.020447
-0.05896
-0.010437
-0.070496
0.0224
1.0526
0.011963
0.07782
-0.028931
0.12823
0.30396
-0.19202
0.21619
0.082397
-0.24243
0.88275
-0.0058594
0.12036
0.043396
-0.10199
0.78778
0.056335
0.15057
0.098511
0.092346
0.072083
-0.065796
0.11951
-0.072815
-0.065125
0.65417
0.14136
-0.00177
0.15283
-0.016418
0.044006
0.032288
-0.024414
-0.045166
0.041931
0.019287
0.014893
0.039612
-0.0045166
-0.058777
0.84192
-0.0087891
0.57971
-0.038452
0.01123
0.14655
0.0056152
0.049194
0.34094
-0.033569
0.036987
0.012207
0.0095825
0.093994
0.030701
-0.097412
-0.039307
0.040344
0.061768
0.85638
0.084229
-0.038025
0.028076
0.034973
-0.097778
0.071838
0.030762
0.73975
-0.041504
0.22937
0.051636
-0.064148
-0.048462
-0.0072021
0.031982
0.064514
-0.0089722
-0.019348
-0.093384
0.97668
-0.057007
-0.051086
-0.021118
-0.0078735
0.037598
0.034912
0.018433
-0.031982
-0.065063
-0.021545
0.035583
0.98096
0.651
-0.072083
-0.10052
-0.12964
0.16071
0.037109
0.26898
-0.090942
0.013794
0.054443
-0.025635
0.93311
-0.074341
-0.090088
0.081482
0.017273
0.032471
-0.029907
-0.024719
-0.044128
0.17578
0.067871
-0.020935
0.24622
0.28235
-0.045166
0.095276
0.056335
0.02533
-0.032837
0.022217
-0.0055542
0.034485
0.024658
0.019897
0.02832
0.020752
0.20483
-0.098938
0.61383
0.096313
-0.024536
0.07019
0.010437
0.48816
-0.0014648
0.36896
0.021973
0.0079346
0.0085449
0.0057373
-0.0048828
0.011841
-0.040894
0.015991
0.3349
0.075989
0.35248
0.052612
0.18372
0.16229
-0.0067749
0.3681
0.055603
0.068115
-0.0033569
0.24756
-0.00073242
0.031738
-0.030396
-0.045288
0.68579
-0.027527
0.35059
0.087341
-0.025085
0.0095215
-0.070435
-0.028992
0.012329
-0.051147
0.10242
0.32214
0.074646
0.22961
0.10339
0.29974
0.027649
-0.048279
0.036194
0.046509
-0.021057
0.16534
-0.0014648
0.28894
-0.011292
0.388
0.0075684
0.050781
0.021851
0.0401
0.032898
0.19794
-0.071533
0.29974
-0.030029
0.21606
0.037659
0.13525
0.18097
-0.020203
0.027283
0.43683
-0.071838
0.19818
0.061157
0.35162
-0.055054
0.12347
-0.077209
0.031921
0.041382
0.017761
0.091248
0.040588
0.73071
-0.018799
0.21039
0.12347
-0.021606
0.0032959
0.10388
0.24097
-0.008667
0.056458
-0.17651
0.20074
0.02594
0.12927
-0.0028076
0.0058594
0.082031
0.18274
0.091614
0.33148
-0.029846
0.1759
0.047546
0.11084
-0.050232
0.080078
0.029175
0.54718
0.006958
-0.027588
0.0041504
0.1427
0.036438
0.056091
0.13507
0.037354
0.036499
-0.066895
0.015015
0.031921
0.062317
-0.03009
-0.095337
0.85522
0.079102
-0.13788
-0.056458
0.40424
0.1709
0.4715
-0.086609
0.19812
-0.01947
0.019226
-0.021973
-0.020325
0.0059204
-0.042236
0.031006
0.0063477
-0.039429
0.065979
-0.033325
1.0547
0.0079346
0.58997
0.13995
0.043396
0.012573
0.011902
0.015442
0.1557
0.012695
-0.015869
-0.025574
-0.0092163
0.0056763
-0.033142
-0.09375
-0.011536
0.14874
0.013428
0.9624
0.08429
-0.047424
-0.027283
-0.010071
-0.0031128
-0.005127
-0.0072632
0.070801
-0.0040283
0.75732
0.013367
0.10236
0.065918
0.049927
-0.08551
-0.070374
-0.056335
0.012756
-0.0849
0.10663
0.9776
0.094238
-0.0036011
0.014038
-0.026917
0.055847
0.0039673
0.87286
0.090149
0.15497
0.030212
-0.051819
0.01709
1.0615
-0.017273
-0.15411
0.02002
0.057007
-0.032959
-0.035217
-0.02887
0.038391
-0.020813
0.88232
0.031555
0.087646
0.030457
-0.011292
-0.019165
-0.045715
-0.028259
0.047852
0.11212
0.032898
0.083557
0.27039
0.13605
0.12189
0.1698
0.11554
0.059814
-0.0064087
0.0089111
0.22827
-0.1225
0.23816
0.39832
0.063599
0.16754
0.0067749
0.056458
-0.018005
-0.0031128
0.050659
-0.059082
-0.0056152
0.055908
0.37347
-0.0023193
0.59473
-0.025269
0.14801
0.021606
-0.047241
-0.1026
-0.067078
-0.038086
-0.0029907
-0.072327
-0.015137
1.1694
-0.056091
-0.0046997
-0.095581
-0.0016479
-0.042175
0.053284
0.30743
-0.027344
0.73297
0.10229
0.062744
0.41266
0.19391
0.095032
0.09198
0.030701
0.098694
0.097656
0.0042725
-0.095459
0.020203
0.034485
0.10913
0.42096
0.064758
0.02124
-0.23993
0.23059
0.025269
0.11145
0.10107
0.30713
-0.12842
0.011841
0.24988
0.24255
0.018433
0.22296
0.082825
-0.038757
-0.027527
-0.075989
0.063354
0.24805
0.0010986
0.59088
-0.0095215
0.0084839
0.048889
-0.039246
-0.011108
0.1142
0.26788
-0.068726
0.44611
0.041077
0.066406
0.12067
0.16583
0.024414
0.028625
0.040466
1.0385
-0.067993
-0.11011
0.058411
0.079956
-0.0578
-0.03302
0.0578
0.054016
0.082947
-0.079956
0.85437
-0.026306
0.026978
0.05603
0.14581
-0.016663
0.059204
-0.019897
0.036316
0.061523
-0.034485
-0.019409
-0.045288
0.14624
-0.057739
-0.0849
0.5882
0.039124
-0.050293
-0.0021973
0.092224
0.016479
0.70239
0.017761
0.27087
-0.072998
0.024048
-0.014954
0.051392
0.6488
0.074036
0.063477
0.11414
0.095337
0.062256
-0.015564
-0.040955
0.064148
0.056824
-0.018005
-0.025879
-0.037781
-0.046875
-0.00018311
0.017517
-0.0018311
0.42389
0.031738
-0.013672
-0.072205
-0.033936
-0.016479
-0.094971
1.0064
0.083496
0.11761
0.10767
0.026917
-0.03772
-0.0075684
-0.05072
-0.011658
0.048401
-0.021729
0.03064
-0.11163
0.027954
1.2856
0.02832
-0.042542
0.046631
0.039063
-0.0059204
0.86145
0.046387
0.20917
-0.13928
-0.11975
0.76563
0.039734
-0.11475
-0.026367
0.1192
0.065735
0.13373
-0.050964
0.02948
0.03064
0.14081
0.15863
-0.0028076
0.62067
0.024414
0.058594
-0.032104
-0.028992
-0.016174
-0.027039
0.025574
0.045898
0.19482
-0.042908
0.43591
0.048828
0.18762
0.022644
0.053528
-0.078491
1.0012
0.012878
-0.051941
0.032471
-0.090149
0.048889
0.096008
0.02417
-0.073853
-0.016174
0.0084229
0.026367
0.4552
0.061035
0.066162
-0.11377
0.26404
0.0271
0.05127
0.035828
-0.083313
0.01062
-0.063721
0.059265
0.066895
1.2414
-0.076599
-0.024231
-0.12213
-0.16779
0.20831
0.20837
-0.037354
0.27069
-0.082092
0.19904
0.090027
0.049011
0.22418
-0.056702
0.035706
-0.071106
0.016541
-0.047668
0.55823
0.012634
0.43744
-0.046448
0.0039673
0.011353
-0.016174
0.050049
-0.048462
-0.018982
-0.013611
-0.15106
-0.03009
0.98657
0.030762
0.036133
-0.088806
0.92725
-0.010742
0.067017
0.0094604
0.041687
0.020569
0.0059814
0.044128
0.0021362
0.0495
0.014587
-0.030579
-0.07489
0.059021
-0.038757
0.032349
0.079346
0.99695
0.0050659
0.43628
-0.045044
0.017822
0.095215
0.0084839
0.16077
0.20911
0.033691
0.094727
0.00012207
-0.020569
0.66174
0.010742
0.29633
0.054626
0.050842
-0.080139
0.046875
-0.01593
0.044189
0.07019
0.0672
0.22839
0.017151
0.35413
-0.064758
0.34955
0.0037231
0.020935
0.020325
-0.081177
0.026978
0.74548
-0.0059204
0.1778
0.082214
-0.070068
0.032898
-0.055542
-0.0021973
0.11578
0.2066
0.057129
1.026
-0.075073
0.030457
-0.058472
0.10358
-0.11163
-0.00036621
-0.081299
0.013733
0.065979
0.10669
0.50482
0.012085
0.30109
-0.02301
-0.033691
-0.017944
-0.025696
-0.010986
-0.052917
0.0071411
0.088562
0.19495
0.024414
0.92218
-0.062683
-0.034241
0.12445
-0.027649
0.28723
0.07489
0.23792
-0.045959
0.12537
-0.029053
0.041443
0.0018921
0.022461
-0.0055542
0.023499
0.016174
-0.035278
-0.15149
0.0093384
0.95569
0.088257
0.030884
0.10376
-0.027771
0.028259
0.040222
0.012085
0.12183
0.070984
0.14569
0.36389
-0.015747
-0.041748
-0.018433
-0.033936
0.055481
0.052063
0.46051
-0.010498
0.42474
0.044556
-0.10236
-0.051514
0.022217
-0.076904
0.050354
0.025085
0.29584
0.023804
0.14844
0.055298
0.41309
0.032959
0.066101
-0.032532
-0.032104
-0.050293
0.2511
0.0089111
0.0271
0.0027466
0.70526
-0.019836
0.012268
0.095154
-0.04718
0.62585
0.0055542
0.2431
-0.018127
-0.055847
0.024536
-0.069214
0.10974
0.74591
0.049683
0.13617
-0.063232
0.18018
0.047729
0.05127
-0.0065918
-0.1604
-0.11462
0.0083008
-0.035095
0.019409
0.9209
0.09137
0.070923
0.14758
-0.12286
-0.061279
-0.02771
-0.016418
0.086365
0.019775
0.042603
0.023438
0.98608
0.031433
-0.090149
0.74756
0.0062256
0.088745
0.15344
-0.06012
0.10822
0.077454
0.015869
-0.087952
0.042419
0.097412
-0.028381
-0.11865
0.0091553
-0.099365
1.183
0.0020752
-0.032288
0.09375
-0.12329
0.0040283
0.052185
0.77325
-0.0075684
0.0079956
0.034729
0.13812
0.052246
0.080139
0.03595
0.074768
-0.015808
-0.03894
-0.006958
-0.035645
0.19885
0.086914
-0.020752
0.68921
-0.020569
0.00012207
0.029053
0.19379
0.092224
0.19751
0.042908
0.3064
0.060364
0.11456
-0.026794
-0.026733
0.059082
-0.027649
-0.028687
-0.0065308
0.10089
-0.012634
0.88513
-0.038025
-0.047302
-0.062927
0.0030518
0.25409
0.044128
0.038879
-0.059875
0.11383
0.078247
0.22882
0.078796
0.55261
-0.034729
-0.076843
0.24316
-0.11676
0.043518
0.13702
-0.11047
0.2193
-0.040527
1.0038
0.08844
0.05426
-0.081848
-0.015625
0.060364
0.072998
-0.0039063
-0.088501
0.0094604
0.016724
0.010437
-0.01886
0.023193
-0.08313
0.50781
0.016174
0.12
0.06543
0.3363
0.038879
-0.028015
-0.03479
-0.0016479
-0.062378
-0.07428
-0.11121
0.066101
0.066101
1.1225
0.31866
-0.10846
-0.072449
0.62244
-0.035828
0.10266
0.019226
0.011047
-0.0036621
0.0029907
0.95923
0.012512
-0.073181
-0.042664
-0.011597
0.088928
0.13208
0.036865
-0.062012
0.011963
-0.017456
-0.030212
0.061646
-0.023071
0.00030518
-0.04071
0.095276
0.12122
0.42944
-0.0033569
-0.027466
0.023743
0.31403
0.057617
0.55847
-0.0021973
-0.078674
0.020935
0.13702
0.051025
0.032288
0.92188
-0.031738
-0.023865
-0.032959
0.015991
0.066833
0.016418
0.065125
-0.056946
-0.024231
-0.015686
0.0014648
0.092773
-0.032532
0.91138
0.066711
0.12024
-0.085938
-0.10559
0.04071
0.041809
0.12286
-0.070801
0.62677
-0.01239
0.18896
0.017944
-0.0056152
0.0089111
-0.028992
1.0539
0.033386
-0.023438
0.083801
0.014832
-0.04895
0.020264
0.0076904
0.037964
0.086609
0.099792
-0.0018311
0.076599
0.061523
0.16895
0.013184
0.14612
-0.0076294
0.80096
-0.039001
0.97852
-0.062134
0.13367
0.079895
-0.090027
0.076965
-0.029846
-0.04425
0.010986
-0.035583
0.011658
-0.014526
0.080933
0.13959
0.061523
0.055359
0.0046997
0.64514
0.049988
-0.027771
0.060425
0.23785
-0.049316
0.30896
0.099121
0.44836
0.03302
0.080078
0.012329
0.082031
-0.015076
0.36127
-0.013489
0.2569
-0.021484
0.31964
0.050659
0.0091553
-0.00067139
-0.018127
1.1543
-0.026489
-0.14136
-0.043884
-0.033875
0.010681
-0.0048828
0.00018311
-0.068176
0.024719
0.10632
0.36328
0.11029
0.41022
-0.02655
0.15887
0.089355
-0.051697
-0.052307
0.037903
-0.059937
-0.042603
-0.035889
0.072815
0.77722
0.03595
0.34808
-0.03772
-0.01355
-0.060059
1.0005
0.0020142
-0.09314
0.077332
0.010254
-0.022766
-0.01239
0.041504
-0.007019
0.39258
0.048828
0.1723
-0.093201
0.014221
-0.094543
0.40704
0.036316
-0.047852
-0.063171
0.57971
0.047974
0.03241
0.11658
0.075989
0.035645
0.22906
-0.0091553
-0.0018311
0.058655
0.91095
0.03833
-0.028931
-0.079956
0.011047
0.027283
0.13605
-0.00042725
-0.025085
0.0096436
0.016113
0.79279
-0.040771
0.17773
0.056152
-0.054688
0.00177
0.039917
-0.024231
-0.045898
0.23163
-0.0027466
0.33057
0.025757
0.0014648
-0.011902
0.31934
0.045837
-0.029602
-0.016907
0.032837
0.87299
0.039063
0.081116
0.04248
0.0056763
-0.00018311
0.027588
-0.028748
0.047607
0.0043335
0.077759
-0.10071
0.5506
0.078003
0.047852
0.12402
-0.068665
0.059875
0.022156
0.15192
-0.045898
0.68365
0.021667
0.01416
-0.033386
0.29102
0.061951
-0.039307
-0.096924
0.092407
-0.06189
0.33624
0.095825
0.20013
0.0036011
0.25433
0.030151
0.041748
-0.047852
0.14813
0.040955
0.14941
0.18927
0.18579
-0.020508
0.2616
-0.046875
0.10535
-0.014038
0.048584
0.14075
0.12598
-0.15582
0.27026
0.034058
0.31885
0.069092
0.28625
0.0012207
-0.065002
0.83795
-0.078369
0.13513
0.085205
0.11206
-0.023254
-0.027405
-0.025818
-0.0098877
0.17047
0.00097656
0.1048
0.42444
0.34583
0.058838
0.099976
0.036072
-0.11169
-0.034546
-0.041748
-0.0097656
-0.029175
0.10681
-0.007019
0.81952
0.010376
0.14758
0.059448
-0.053955
0.3808
0.05835
0.18073
-0.0023193
-0.058838
0.029663
0.19391
0.071594
0.00036621
0.011414
-0.00177
0.046631
-0.070313
0.19263
0.60535
0.029846
0.18304
0.0084229
-0.0064697
-0.033752
-0.075745
0.013794
-0.027832
0.037659
0.061279
0.34668
-0.044189
0.76746
-0.055969
-0.09906
-0.079224
-0.0079346
-0.076172
-0.081482
0.0028687
0.058044
0.01593
0.037903
-0.088684
1.0762
-0.073242
-0.010742
0.055664
1.2714
-0.041809
0.006958
-0.060913
-0.032715
-0.10931
-0.038696
-0.054077
0.032532
0.027954
0.012146
0.035889
0.21008
-0.039429
0.65485
0.10748
0.0058594
0.078674
-0.088623
0.67767
0.11938
0.15613
-0.083801
0.17609
-0.025269
-0.0023193
0.0067749
0.15002
0.083374
-0.016785
0.77051
-0.031372
0.029907
0.012085
-0.025269
-0.0094604
-0.02063
-0.036255
0.043457
0.032288
0.028198
-0.038513
0.2912
0.046204
0.17285
0.088684
0.39459
0.5603
0.23663
0.1311
0.058167
-0.016541
0.040527
0.18591
0.073242
0.06958
-0.11829
-0.0078125
-0.0075073
-0.079773
0.0023804
-0.029907
-0.044617
-0.023132
0.073669
0.029297
1.0214
-0.01709
-0.0014648
0.38391
-0.068909
0.67053
0.03479
0.011658
0.021362
-0.11951
-0.031677
0.0010376
-0.060303
-0.0054321
-0.10236
0.088196
0.056519
0.013245
0.50201
0.064209
0.39624
-0.039307
0.12659
0.034851
-0.022705
0.64532
0.04126
0.28406
-0.017395
0.071838
-0.015442
0.024963
0.015808
0.53662
0.0076904
0.15808
-0.020874
0.15747
0.043152
-0.015137
-0.0049438
0.38873
0.011902
-0.092957
0.20709
0.16248
-0.0054932
0.33875
-0.04834
-0.0081177
0.075256
-0.020447
0.076111
-0.097412
-0.01709
0.051514
1.0119
0.033813
0.052124
-0.008667
-0.17151
-0.18707
0.057312
0.50024
0.074158
0.38123
0.0040894
0.1748
-0.028931
-0.024963
-0.059998
-0.016541
1.1107
0.025085
-0.11938
0.059326
-0.024475
-0.00024414
0.062988
0.007019
0.0023193
-0.010376
0.01062
0.82623
0.049561
-0.038879
0.0073242
0.082214
-0.040955
0.032715
0.055908
0.016785
0.42932
0.1687
0.037781
0.2417
-0.041016
0.049255
0.026428
-0.021606
0.0059814
0.15192
-0.0074463
0.13104
0.73743
0.085083
-0.096436
0.18707
-0.013
0.058594
-0.0010376
0.71869
0.0029297
-0.1637
-0.1272
0.18896
0.09198
0.26648
-0.019226
-0.093018
-0.043396
-0.0040894
0.012268
-0.083008
0.16284
-0.025085
-0.19159
-0.065063
0.17212
0.10504
0.9986
-0.040588
1.0112
0.023254
0.038147
0.010193
-0.051331
-0.039673
0.03186
0.0014648
-0.031311
0.97614
0.056763
-0.033813
0.06073
-0.093506
-0.0027466
0.13098
0.0032349
0.023743
0.025024
-0.057861
-0.10388
-0.025818
-0.017212
-0.016785
-0.0044556
-0.061279
0.2771
0.040039
0.77344
0.21582
-0.089966
0.1109
0.48267
0.24762
0.12427
0.074646
0.093079
-0.082581
-0.12775
0.32385
0.031006
-0.032837
-0.1272
0.13867
-0.014648
0.094177
-0.078979
0.60315
0.02124
-0.028687
0.020325
-0.0040894
0.023804
0.016602
-0.0098877
0.027283
1.1796
0.061401
-0.023376
-0.032166
0.03595
-0.020508
0.012878
-0.089783
-0.018066
-0.01178
-0.059326
0.095093
0.81885
-0.042725
0.025696
-0.023804
0.062256
0.01001
0.14594
-0.013184
0.088684
-0.063049
0.70154
-0.0033569
0.049438
0.053101
-0.027771
0.71155
-0.041199
0.14667
-0.0044556
0.054321
0.025513
-0.016663
0.014282
0.24023
-0.028625
0.79321
0.031555
0.094604
-0.026978
-0.081543
-0.020874
-0.067566
0.0047607
-0.010864
0.016357
0.047119
0.055298
0.051392
0.95544
-0.019043
-0.052795
0.14844
0.39349
-0.050232
0.17358
0.16071
0.013
0.081909
-0.015503
0.010376
0.038635
-0.05011
-0.013245
0.61902
-0.058411
0.14972
0.12207
0.20636
-0.06012
0.15466
0.053589
0.10834
0.47437
-0.067322
0.35168
0.040527
-0.019348
0.053101
-0.072083
0.047485
-0.04071
-0.078125
-0.031921
0.47089
0.080078
0.26984
-0.028992
0.33557
-0.003479
0.0070801
-0.05188
0.00079346
-0.093933
0.017944
0.89465
0.012695
-0.011597
0.11896
-0.0090942
-0.05127
0.10162
0.014587
0.038452
0.59937
-0.0072021
0.20593
-0.0031738
0.20258
0.02887
0.055298
-0.029541
0.11658
0.032288
-0.099121
-0.049316
-0.079895
0.023682
0.15619
0.17273
0.78156
-0.12433
-0.089233
-0.0080566
-0.075867
0.54456
0.42078
-0.0031128
0.11743
-0.10229
-0.09375
-0.039429
0.22955
0.04071
0.13605
0.10022
0.063782
0.35168
0.3609
-0.019165
-0.016113
-0.060608
-0.055603
0.9939
0.026855
-0.018677
0.030823
0.011963
-0.02002
0.0023804
0.0012207
-0.011108
-0.039734
0.82312
0.026062
0.11224
0.060425
0.093933
-0.054871
-0.0056763
0.022156
0.057495
0.69739
-0.0092773
0.044617
0.01123
0.014587
-0.014587
0.15411
-0.04425
0.062622
0.036377
0.12268
0.064514
0.38892
-0.041748
0.26672
-0.0075073
0.1593
0.01178
0.025757
-0.020142
-0.019409
0.00061035
0.0024414
-0.063904
0.0033569
0.36554
0.066589
0.043457
0.043396
0.62909
-0.025452
0.074036
0.48749
-0.14661
0.30078
0.028564
0.20868
-0.034241
0.038635
0.033203
-0.00024414
-0.095032
0.093201
-0.0672
0.66144
0.04126
0.28241
-0.039185
0.062256
0.040344
0.61963
0.1037
0.021545
0.22986
-0.053162
-0.064758
0.2113
0.043152
0.034241
-0.018799
-0.020569
0.0084229
-0.026367
-0.083984
0.0056152
-0.020203
0.042847
0.92755
-0.031555
0.0083618
-0.049744
-0.016968
0.010071
-0.038696
-0.042175
-0.015625
-0.068115
0.089539
0.033508
0.92316
0.18896
0.034363
-0.038208
0.10797
-0.078796
0.10657
0.28058
-0.15979
0.7514
-0.048523
0.016602
0.035095
0.012512
-0.025269
0.63635
0.046509
0.24939
0.021423
0.039307
0.02594
-0.010254
0.94659
0.076965
0.030396
0.046753
0.01709
-0.070618
0.064758
0.023743
0.006897
-0.012695
-0.0032959
-0.0064087
0.014709
0.058044
0.026672
0.1145
0.040283
0.57477
0.016724
-0.029846
0.17206
0.11792
-0.11163
0.72809
-0.014832
0.075867
0.075439
-0.0021362
0.018616
-0.088806
0.85712
-0.052002
0.13214
0.090942
0.024841
0.021851
-0.042297
-0.020264
0.042236
0.17188
0.14575
-0.015869
0.63202
-0.045654
-0.087524
0.024231
0.048889
0.2088
0.0043335
0.21234
0.53345
-0.054565
0.083984
0.26111
-0.039063
0.05603
0.036682
0.014221
-0.041138
-0.0071411
0.01178
0.56396
-0.13519
0.28101
0.013611
0.38239
-0.10425
0.028687
-0.040039
-0.044617
-0.021423
-0.030518
0.038574
0.039917
0.010681
0.022522
1.0344
-0.0093384
-0.029358
-0.010437
0.062805
0.28333
0.027405
0.60059
0.0062866
0.2179
-0.0063477
-0.019958
-0.020264
0.033508
-0.021912
-0.016235
-0.0084229
0.047302
0.11993
-0.0083008
-0.094604
0.43054
-0.03302
-0.024048
-0.041504
0.035583
-0.095337
0.036255
0.51697
-0.012085
-0.11438
0.23669
0.099609
0.13123
-0.025085
0.20074
0.13934
0.19489
0.028625
0.25769
0.065735
0.053162
0.042297
0.68304
-0.025024
-0.067383
0.056702
0.038147
0.030151
0.13007
0.016907
-0.066895
-0.0039673
0.012878
0.024109
-0.042725
-0.0059204
-0.01709
0.015991
0.031311
0.85699
0.063049
0.03949
-0.038025
-0.026733
-0.03894
-0.011536
0.015991
-0.0071411
0.01709
1.0828
0.036987
-0.094482
0.41083
-0.01355
-0.13092
0.11609
0.1568
-0.017029
0.40717
-0.082886
0.023376
0.092712
0.17865
-0.15613
0.34808
-0.053772
0.13275
-0.0079346
0.44159
0.051208
0.12396
-0.0076904
-0.0082397
0.037964
-0.052368
-0.017761
0.064453
0.2995
-0.012878
0.71851
-0.030518
-0.041077
0.56012
0.0036621
-0.11981
-0.05481
0.19897
-0.0023193
0.24939
-0.0091553
0.048767
-0.0095215
0.019104
0.052795
-0.01123
0.0094604
0.0061035
0.099304
0.0064697
0.8476
-0.03479
-0.030212
0.10956
-0.079041
0.016663
-0.012695
-0.23669
0.094055
-0.056824
-0.080627
1.4879
0.03479
-0.041809
-0.051941
-0.046387
-0.022705
-0.039246
0.1203
-0.024292
-0.055542
0.077881
0.93231
0.015503
-0.04303
0.60278
0.018677
-0.0048828
0.022949
0.14496
-0.050415
0.057129
0.11011
-0.094727
0.029602
-0.025391
0.0037231
0.011902
0.035156
-0.027771
0.026367
0.069458
1.0467
0.62018
-0.096802
-0.088135
0.12012
-0.010193
-0.041931
0.20789
0.013611
0.20679
-0.030273
-0.16412
-0.020386
0.10767
-0.049988
-0.01825
0.68463
0.04425
0.15295
0.22626
-0.015198
0.042297
0.68469
-0.0090332
0.14313
0.0068359
0.078369
-0.014099
0.06073
0.091614
-0.0043335
0.1048
0.1012
-0.011902
0.032776
0.52582
-0.074524
0.10358
0.030029
0.16394
0.065063
-0.14209
0.026428
0.73285
0.055847
0.044861
0.028442
0.047241
-0.065491
0.056213
0.037109
-0.060486
-0.067993
0.035889
-0.05542
-0.016174
0.82666
0.0098267
-0.15857
0.024963
0.083496
-0.07489
0.011902
0.040588
0.032166
0.18689
0.1153
0.29309
-0.00354
0.23871
-0.033386
0.082031
-0.11743
0.021301
0.0024414
0.11664
0.0065918
0.19452
-0.14502
-0.11707
1.2455
0.1673
0.035522
0.26263
-0.14893
0.24506
0.17029
0.34625
-0.032776
0.041931
-0.063721
0.0098267
-0.02179
0.38348
0.039978
0.47302
0.03656
0.064453
0.017151
-0.079895
0.013062
-0.10809
0.067688
0.0061646
0.025818
0.20392
0.12036
-0.062744
0.12909
0.97015
-0.034973
-0.060242
-0.019287
0.1344
-0.017273
0.52374
0.0061646
0.50311
0.018616
0.049377
-0.071838
-0.093994
-0.055237
0.32275
0.036011
0.52728
-0.0047607
0.12872
0.037048
0.048035
-0.070313
-0.07666
-0.045166
0.41241
-0.025146
0.1394
-0.0020752
0.29901
-0.013184
0.1839
0.018433
-0.13043
0.018982
0.10736
-0.016052
0.75671
0.0067749
0.21735
-0.016357
-0.059448
-0.020874
0.037231
-0.022278
0.016785
0.0082397
0.093262
0.11127
0.085938
0.12677
0.006897
0.81384
0.0036621
0.062805
0.0023804
-0.017395
0.046143
-0.070313
0.097717
1.124
-0.058411
-0.065735
0.091492
0.18646
0.11401
0.20947
0.29504
-0.13965
0.017883
0.078186
-0.09021
0.061035
-0.057007
-0.039124
0.073914
0.12585
-0.0042114
0.75079
-0.067749
0.19073
-0.1189
-0.032166
-0.082336
0.027527
0.021606
-0.029053
0.08429
0.59467
0.082581
0.010376
0.28143
0.1947
0.02594
-0.073547
0.19684
-0.061401
0.67401
0.0084839
0.15497
-0.033203
-0.00012207
0.024353
-0.013245
0.017212
-0.0010376
0.092224
0.063049
0.094971
0.049255
0.1286
0.89148
-0.0018921
-0.078796
-0.06665
-0.05188
0.081543
0.062561
1.3041
-0.091309
-0.03772
0.060608
-0.15332
-0.026917
0.010864
0.48743
-0.0046997
0.29633
-0.0053711
0.30634
0.017944
-0.0036011
-0.0012207
0.11438
-0.0073242
0.013123
0.78033
0.0080566
0.010559
-0.022644
0.00079346
0.042603
0.032959
1.041
0.020935
-0.060364
-0.0011597
-0.13287
-0.0057983
0.063843
-0.0053101
-0.011902
0.016663
-0.036743
0.083008
0.30884
-0.066345
0.40948
0.095337
0.26624
0.03418
-0.023743
0.025269
0.023621
-0.006897
-0.025391
0.03009
0.029419
0.26379
0.054199
-0.021729
0.63721
-0.067627
0.85974
-0.12543
0.26581
-0.0053711
-0.043701
0.00097656
0.25153
0.063904
-0.21954
0.071472
0.74725
0.096802
0.078796
0.1427
0.0040894
-0.053345
0.17267
0.015808
0.021912
0.015076
0.0061035
-0.066528
0.32068
0.15369
0.25964
-0.022705
0.39069
-0.045715
0.13831
-0.019165
0.15375
0.021423
-0.073975
0.44641
0.13177
0.017639
0.11847
0.028931
0.12903
0.047913
-0.0015259
0.055908
0.18079
-0.082336
-0.033691
-0.10144
0.16504
0.090088
0.32318
0.060303
-0.0020752
-0.019348
-0.015991
0.040649
-0.028015
-0.079407
0.051147
0.30981
-0.033325
0.46753
0.24304
0.055908
0.020874
0.11658
0.12921
0.0015259
0.099976
0.01886
0.048096
0.024902
-0.039551
0.85925
-0.012695
0.021912
0.03772
0.028992
-0.063538
0.031921
0.022461
-0.059998
0.042419
-0.098389
0.076843
0.25299
0.14551
0.044189
0.17889
-0.028625
0.067688
-0.093872
0.7464
0.037415
-0.035034
-0.005188
0.094788
0.047791
0.17792
-0.031616
0.0029297
-0.0028687
0.01239
-0.035095
0.17438
0.18982
0.71094
-0.07373
0.026428
0.0091553
-0.16858
-0.03418
-0.17126
-0.00097656
-0.0012207
1.1718
-0.029236
0.057007
-0.0095215
-0.0033569
-0.0401
0.043396
1.2653
0.052002
-0.077881
-0.10199
-0.23645
0.038025
0.078857
0.088257
-0.054138
-0.066467
0.026062
-0.0043945
-0.11511
-0.046204
0.08667
0.30969
0.052856
0.027771
0.66522
-0.063904
-0.011536
-0.016846
0.027588
0.82538
0.14325
-0.0094604
0.063293
-0.027893
-0.039429
0.020935
0.020508
0.078674
-0.083984
-0.0092163
0.00042725
0.038574
0.067322
1.1131
-0.079224
-0.074829
-0.030457
0.069031
0.21771
-0.044189
0.61945
0.019287
0.13879
0.068665
-0.039063
-0.054993
1.018
-0.026123
-0.060669
-0.0023804
0.04541
0.013855
0.23602
-0.052856
-0.13983
0.12439
0.0067139
0.55914
-0.026733
0.36737
0.03772
0.0043335
-0.01709
0.077393
-0.052368
0.013916
0.042297
-0.02948
0.35602
0.16516
0.2066
0.011047
0.32483
-0.013611
-0.017456
-0.025879
0.014465
0.12964
-0.020996
0.45367
0.27679
0.03363
0.065491
0.10675
-0.065796
0.017883
0.58582
0.11926
0.00067139
0.12207
0.089844
-0.06311
0.26093
0.029053
-0.018921
-0.0023804
0.092285
-0.032837
0.053528
-0.084534
0.51971
0.041748
0.36078
0.043701
-0.0082397
-0.044495
0.46857
0.05542
0.15747
0.14386
0.044861
0.0014038
0.16028
0.040283
-0.089417
0.016113
0.063782
0.010925
0.034363
0.053162
0.018921
0.095703
0.093201
0.75818
0.032837
-0.060181
-0.066406
-0.059204
-0.067139
-0.04071
-0.0075073
0.81738
0.042175
0.069946
-0.028259
-0.010742
0.034302
0.18945
-0.14703
0.29303
0.26978
0.089539
0.11444
0.049377
0.010437
0.090942
-0.10736
-0.017822
0.023132
0.065491
0.035645
0.52185
-0.0032959
0.15173
0.076904
0.15985
0.025146
-0.00085449
-0.073975
0.0095215
-0.014832
0.34436
0.049988
0.020752
-0.015564
0.66559
-0.062744
-0.033875
-0.12744
-0.052063
0.028137
0.89362
0.065979
0.01001
0.025635
0.0097046
0.18726
0.19708
-0.11377
0.138
0.12213
0.13641
0.3407
0.056091
0.020203
0.046814
-0.10901
-0.079346
-0.077576
-0.034363
0.022095
1.101
-0.10797
0.023071
-0.20978
-0.14404
-0.092407
-0.018127
0.091553
-0.10931
0.021301
1.0327
0.023865
-0.12366
0.12915
0.079041
0.035339
0.5368
0.012756
0.44604
0.10028
-0.082458
-0.04364
0.0062256
-0.071228
-0.0083618
-0.028992
0.0078125
0.012146
0.0050049
0.021362
0.11847
0.060364
0.050232
-0.016052
0.83575
-0.064941
0.0019531
0.0061035
-0.053284
0.0057373
0.21777
0.00061035
0.023499
0.36853
0.05658
0.078796
-0.10242
-0.067017
0.67334
-0.13434
-0.02771
0.064758
0.020935
0.43732
0.063171
-0.015137
0.05719
-0.015747
0.77374
-0.033569
0.076904
0.005249
0.12103
0.079163
0.068909
-0.028137
-0.032104
0.034424
0.7381
0.32977
0.048767
0.10211
-0.013428
-0.070313
-0.07074
0.078674
-0.056458
0.13068
0.0084229
0.48529
-0.0054321
0.32916
0.016541
0.0041504
-0.027893
-0.011719
0.02179
0.040955
0.069336
-0.033936
0.018677
-0.0046997
-0.031677
0.46033
-0.026123
0.75018
-0.034607
0.013672
-0.030762
0.13464
0.078064
0.23877
0.013245
-0.11938
-0.049377
0.77045
-0.011414
-0.047852
-0.048584
0.10315
0.057129
0.27039
-0.0097656
-0.021179
0.011414
-0.021362
0.079407
0.42468
-0.02356
0.53937
0.024597
-0.063965
0.019165
-0.10193
0.029968
-0.051331
-0.007019
-0.00054932
0.10156
-0.023865
-0.0020752
-0.01593
-0.012756
0.10236
1.1294
-0.1156
0.11261
0.090698
-0.10449
0.0064697
0.20367
0.023071
0.74036
0.22638
-0.11115
-0.02179
-0.027527
-0.028748
0.0098877
-0.0030518
0.096924
-0.017944
0.28864
0.056152
0.50494
-0.008667
1.0437
-0.072815
-0.063843
0.02948
0.008728
0.00067139
-0.0401
-0.010559
0.020142
0.22211
-0.12933
-0.14038
0.57874
0.08197
0.022766
0.29315
0.035034
0.023987
0.13525
0.088013
-0.011108
0.11304
-0.066101
0.027161
0.44202
0.20624
-0.11444
0.10919
-0.064941
-0.022461
-0.048462
0.21228
-0.026917
0.40265
-0.052124
0.37769
0.0011597
0.093933
0.024719
-0.054504
0.067078
1.1958
-0.058411
-0.18054
-0.045837
0.30994
-0.013245
0.029175
-0.12909
0.095337
0.038391
0.089966
-0.039307
0.6734
0.053162
-0.015625
0.080017
-0.030029
-0.014587
-0.061646
-0.013123
-0.046204
-0.0067749
0.019836
0.071045
0.00079346
0.44061
0.16284
0.39081
0.0014648
0.94385
-0.071167
0.15027
0.032349
0.0097046
0.017883
6.1035e-05
-0.033936
0.012512
0.18146
-0.096252
0.35736
0.10156
0.17218
0.1076
0.44397
-0.02063
0.15277
-0.10028
-0.084839
-0.012451
0.22626
-0.010742
0.47217
-0.037048
0.29828
0.026123
-0.0085449
-0.026367
0.22778
-0.039429
0.059448
-0.059631
-0.10278
0.40753
0.081482
-0.080322
0.16431
-0.073059
0.061035
0.019043
0.66003
0.071045
0.21338
-0.043335
0.22113
0.048279
-0.061707
-0.068481
0.54828
-0.023865
-0.12659
-0.039307
0.28375
0.0032349
0.29089
0.0012207
-0.029175
-0.013
0.042969
0.065063
0.07019
0.045105
0.1076
0.85376
0.10114
-0.065979
0.065857
-0.079712
0.1026
-0.087219
0.25385
-0.056335
0.42316
-0.13654
0.75464
-0.045776
-0.12164
-0.053406
0.00061035
-0.10065
0.23322
0.048279
0.58435
0.0092773
0.28101
-0.06189
-0.0043945
0.005188
-0.022339
0.0036621
-0.023132
0.022217
0.010254
0.11346
-0.076355
0.80151
0.061646
-0.096008
-0.014221
0.014404
-0.058777
0.046753
0.03363
-0.15015
0.056763
1.1793
-0.040588
-0.0044556
-0.024231
-0.011169
0.015564
0.054504
-0.0033569
-0.21509
0.016357
1.1572
0.01593
-0.07312
0.10028
-0.02417
-0.027771
0.83728
-0.1153
0.027832
0.069641
0.0092163
0.18982
0.017151
0.035461
-0.048279
-0.029175
0.78888
0.046509
0.029785
0.02655
-0.027588
0.0079346
0.021667
-0.042542
-0.00048828
-0.032043
-0.02533
0.022583
0.068909
0.0050049
0.32904
0.15063
0.24915
0.19635
-0.13446
0.12909
0.33954
0.16174
0.12183
0.32245
-0.049133
-0.05719
-0.068176
-0.031982
-0.013794
0.021423
0.0672
-0.012756
0.013367
0.022644
1.1216
0.073914
-0.006958
0.014771
0.67279
-0.047302
0.20874
0.07782
0.066284
0.015381
0.027771
-0.031555
0.069702
0.023926
0.2608
0.01532
0.93738
0.030945
-0.12152
0.0092163
-0.018494
-0.039429
0.0032349
-0.010071
0.052612
-0.020996
0.017883
-0.011475
0.18835
0.025696
0.64313
0.1745
0.057434
0.021057
0.02179
0.21643
0.0098877
0.063354
-0.086914
0.23102
0.0054932
0.12024
0.012451
-0.0048828
0.055481
0.51343
0.031555
0.10089
0.084778
0.25732
-0.0072021
0.10907
-0.069763
-0.030457
0.06897
-0.068726
0.85785
0.019043
0.073608
0.054932
0.066711
-0.015747
0.083862
-0.031738
-0.021484
-0.14069
0.056458
0.69659
0.0042725
0.34662
-0.098145
0.18024
-0.046814
0.58826
-0.087708
-0.047729
0.15173
-0.0271
-0.035583
0.25555
-0.031799
-0.026306
0.10724
0.15991
0.20557
-0.048645
0.40717
0.14111
0.15479
0.1369
-0.0095825
0.12823
-0.058594
-0.028076
0.84308
-0.077209
0.12079
-0.00054932
0.01062
-0.037842
0.010803
-0.011719
0.00048828
0.76233
-0.02771
0.13202
0.058289
-0.028931
-0.05957
0.21075
0.054565
-0.035522
-0.014465
-0.0061035
1.0062
-0.047974
-0.078491
0.045898
-0.04895
0.023987
0.057312
-0.015442
-0.032288
-0.021851
0.073059
-0.094299
-0.030334
0.14301
-0.029358
0.014648
-0.048645
-0.09491
1.1665
-0.089783
0.026123
0.13757
0.033325
0.51404
-0.033142
0.21997
0.024109
0.046387
-0.056458
-0.040527
0.048828
-0.065796
0.1095
0.049866
0.15253
0.022827
-0.042603
0.014648
0.79645
-0.047974
-0.011536
-0.039368
-0.046997
0.060425
0.036011
-0.011963
-0.023804
-0.010498
1.3624
-0.031616
0.75946
-0.059692
0.045776
0.1048
0.059143
0.04187
-0.036804
0.011047
0.095032
-0.070068
-0.035828
0.024963
0.032166
0.038208
0.24835
-0.081482
0.737
0.059753
-0.0448
-0.031372
-0.001709
0.052124
0.038818
0.036072
-0.016602
0.04834
0.026978
0.072632
0.0037842
-0.067993
-0.03418
0.023132
0.61554
0.31793
0.054443
0.11902
-0.005127
0.0045776
-0.089844
0.40057
-0.14392
-0.034546
0.4151
0.060425
-0.091248
0.3252
0.023438
0.074219
0.054565
0.71033
0.045837
-0.16479
-0.065674
0.20496
0.029663
0.31335
-0.068115
-0.06427
0.063416
0.037415
-0.044434
0.49701
0.23846
0.036377
-0.075867
0.26892
-0.043396
0.060913
-0.06781
-0.064575
0.0031128
0.22571
-0.026062
0.51202
0.079346
0.21259
-0.081726
-0.061951
0.10614
0.021179
-0.036072
0.016541
-0.059814
0.005249
0.02124
0.13226
-0.04303
0.95221
-0.017029
0.41296
0.0073242
0.20709
0.0061646
-0.028137
0.0061646
0.28473
0.038879
0.17346
-0.03363
-0.012085
1.1117
0.010681
-0.049255
0.045654
0.0012817
-0.019409
-0.031738
0.00012207
0.018616
-0.11401
-0.0354
0.50641
0.12384
0.44562
-0.0045166
0.10553
-0.063782
-0.016785
-0.0095215
0.028137
0.0031738
0.70251
-0.043091
0.28076
0.04187
0.11902
0.038513
-0.10065
-0.021912
-0.14673
0.070984
0.2757
-0.056152
0.54535
0.011169
0.19623
-0.024353
0.053528
-0.0075073
-0.11664
0.067932
0.26276
-0.0092773
0.75378
0.049133
0.14227
0.010437
-0.090698
-0.062744
0.035217
-0.0025024
-0.013245
0.058411
0.0089722
0.10553
0.032715
0.93994
-0.014038
0.045837
-0.13281
0.078796
-0.023926
0.85614
0.067444
0.096619
-0.012329
0.0021973
-0.020264
0.0072632
-0.017822
0.012146
0.22577
-0.061584
0.47455
0.052979
0.26337
0.10828
-0.087219
-0.051819
-0.036865
0.050903
0.63049
0.04657
0.2074
0.056885
0.11676
0.0010376
0.039795
0.036621
0.12134
0.018738
-0.0063477
-0.035095
-0.00048828
0.71552
0.11591
0.33606
0.0010376
-0.10114
0.25525
0.19678
-0.028931
0.28448
0.11267
-0.0081787
0.10425
0.08197
0.01062
-0.0045776
0.099487
0.042664
-0.075745
0.087769
-0.015686
0.27808
0.054382
0.82477
-0.025085
-0.074463
-0.0021973
0.067139
-0.050903
0.070496
0.057129
0.26563
-0.053772
-0.0073853
-0.089478
0.73907
0.032043
0.022766
0.21399
0.0224
0.66705
-0.028931
0.012939
-0.026672
0.082703
0.046936
0.74658
-0.076355
0.09613
0.038635
-0.13116
-0.043152
0.29993
0.041565
0.12347
-0.040344
-0.038208
0.021423
-0.017639
0.15894
-0.052246
-0.044617
-0.1496
-0.18909
0.062317
1.1764
-0.12476
0.1463
-0.077515
1.0792
0.098511
0.0072021
-0.012146
-0.077087
-0.11487
-0.04541
0.030212
-0.037109
0.025818
-0.0049438
0.086609
0.044006
0.087585
-0.12714
-0.034912
1.0615
0.061951
0.12531
-0.11804
0.21765
0.24286
0.027466
0.20569
0.083618
0.1413
-0.063354
0.19971
0.0080566
0.40564
0.11682
0.1424
-0.028809
0.13385
0.073975
-0.054504
-0.093079
-0.0025635
0.026489
0.044067
-0.078857
-0.0062866
0.60242
0.079041
0.073975
0.19501
0.17651
0.61145
-0.072754
0.19574
-0.29224
-0.2265
-0.12097
0.37781
-0.17706
0.40979
-0.013062
0.36346
0.0062256
0.095825
0.018311
0.026917
0.091858
0.24255
-0.063538
0.011536
-0.025879
-0.08728
-0.057312
0.052673
0.96375
-0.024231
-0.014954
-0.0091553
0.038513
0.056885
-0.066345
-0.030701
-0.12054
0.006958
0.097717
-0.26123
1.0794
-0.20081
-0.18494
0.26477
-0.07489
0.03125
-0.075195
0.080078
-0.073547
-0.006897
0.04895
0.096985
-0.11505
0.86395
0.054932
-0.040039
1.1286
-0.073792
-0.23456
0.058228
0.10992
-0.0028076
-0.01123
0.021362
0.041992
0.054077
-0.0083008
0.19855
0.049072
0.11469
0.025208
0.28314
-0.034912
0.014648
0.01239
-0.075989
0.025635
0.5307
-0.095215
0.19379
0.040833
0.29602
-0.051758
0.19904
-0.026428
-0.0039673
0.025635
0.36407
0.049866
0.061096
0.027832
0.13287
0.016541
0.04187
-0.024597
-0.020386
-0.050049
0.22961
0.045349
0.30988
-0.0016479
0.39447
-0.057739
0.053284
-0.064453
-0.033752
0.012573
0.11768
0.065796
0.65912
0.062805
0.21722
0.060608
-0.12256
-0.041077
-0.02594
0.048035
-0.063782
0.011719
0.11517
-0.034851
-0.016174
0.20105
0.047302
0.92426
-0.028015
-0.074585
-0.17572
0.16803
-0.060181
1.24
-0.088989
-0.018616
-0.067749
-0.13385
0.12665
0.081482
0.58588
0.075745
0.24054
0.018921
0.27045
-0.072571
-0.098999
-0.031799
0.87207
0.15326
0.017334
-0.014526
-0.0032959
0.0032959
0.14868
0.02478
-0.11127
0.069092
0.044006
0.017761
0.094788
-0.0031128
0.6535
-0.00042725
0.35822
-0.022705
0
0.021667
-0.015808
-0.063293
0.17004
0.070374
0.38873
-0.014282
0.4837
-0.036133
0.059509
-0.011902
-0.10242
0.9248
-0.013916
0.14886
-0.0087891
0.027893
0.00042725
0.031067
-0.028625
0.0012817
0.064087
0.029663
0.66504
-0.0025024
0.1925
-0.02887
0.22107
0.0045166
-0.080444
-0.013428
1.0767
0.0098877
-0.0047607
-0.041626
-0.042419
0.12518
0.044983
0.049622
-0.01001
0.15466
0.01123
-0.018005
-0.0081177
0.0015259
-0.0095215
0.14087
0.036865
0.23529
0.077026
0.53613
-0.011597
0.023254
-0.038452
0.018921
0.053833
-0.027527
0.031921
0.91913
0.038086
-0.011963
0.84137
-0.0098877
0.037537
0.080017
-0.028992
-0.003479
0.16943
0.050903
-0.034424
0.021545
0.10553
0.028564
-0.01001
0.26453
0.34241
0.072266
0.26898
0.064148
0.05719
-0.03009
0.0037231
0.015442
0.038452
-0.029968
0.73749
-0.0030518
0.22144
-0.031128
-0.015625
0.049011
0.082642
0.10352
0.12573
0.26099
0.14276
0.14044
0.19958
0.044128
0.045898
-0.031433
0.1181
0.012756
-0.032654
0.27246
0.20538
-0.04248
0.14996
-0.026245
0.094116
0.017883
-0.0042114
0.0015259
0.28345
-0.018677
0.3595
-0.033997
0.2702
-0.092712
0.11993
-0.018921
0.088257
0.066895
-0.089233
0.68719
0.22467
-0.010498
0.066284
0.01532
-0.086792
-0.018066
0.53601
0.012512
-0.095947
0.27557
-0.0061035
0.04364
0.10657
0.025757
-0.057373
0.003479
0.01825
-0.10205
0.15912
-0.0057983
0.41278
0.0020752
0.39459
-0.0059814
0.032349
0.0010376
-0.0072021
0.021484
-0.005188
0.0095215
0.053223
0.034973
-0.0050659
0.95349
-0.058594
-0.015442
0.27448
0.12494
0.39227
0.026001
0.069031
0.062134
0.24585
0.013428
-0.094116
-0.078796
0.079468
-0.036133
0.10181
0.027893
-0.064575
0.049683
0.029236
-0.12354
0.041992
0.81934
0.071716
0.24371
0.051941
0.021667
0.52612
-0.11682
0.10913
0.14325
0.031433
-0.04364
0.021362
0.011841
0.5882
0.11407
0.13367
-0.0099487
0.2431
-0.031006
-0.061951
-0.015625
-0.047852
0.66028
-0.055176
0.21277
0.057861
0.12646
-0.020996
-0.010071
-0.005188
0.060913
-0.071106
-0.046021
-0.024536
0.0079346
0.09137
0.4906
0.013611
-0.077271
0.35083
0.22675
-0.072144
0.042664
0.2547
-0.043579
0.5368
0.03125
0.05957
0.023865
-0.028137
0.0089722
-0.18323
-0.03064
0.077759
0.089355
0.011902
0.86761
0.0037842
0.23175
0.013733
-0.29102
0.11194
-0.11371
0.19678
0.73083
0.11798
0.07019
0.024475
0.048828
-0.056274
-0.054871
0.025024
-0.039856
-0.044434
0.037415
-0.0098267
0.061279
0.0495
0.10364
0.6048
-0.016663
-0.042419
-0.019348
-0.10413
0.11047
-0.028137
0.83789
0.05658
0.25061
0.074707
-0.12549
0.17059
0.012939
-0.21149
-0.1131
-0.098877
0.020447
-0.096802
0.22186
1.6277
-0.026672
-0.014282
-0.029297
0.20685
-0.015686
0.48212
-0.014526
0.31158
-0.019348
0.02478
0.030151
0.050476
0.081177
0.093445
-0.045105
0.6228
0.01947
0.12213
0.034485
-0.073792
0.0047607
-0.027466
0.10327
0.034363
-0.19061
0.10205
-0.049072
0.080811
0.02002
0.55847
0.048767
-0.023499
0.060364
0.02533
-0.027222
-0.005188
-0.017578
-0.044617
0.16351
0.075134
0.62933
-0.028442
0.021851
0.091553
-0.020691
0.046936
-0.024231
0.12811
0.023621
0.82745
-0.021851
0.10864
0.0056763
0.2074
0.031372
0.16089
0.29376
0.39398
-0.0177
-0.00030518
-0.04248
-0.0054321
0.012329
0.4632
-0.11316
0.35889
0.044312
0.36035
-0.029968
0.041443
0.0099487
0.0046387
0.033264
0.43481
-0.052979
0.52118
0.099548
0.14935
0.0057983
0.079224
-0.06958
0.077942
0.095947
-0.034424
-0.037659
0.5639
-0.063293
0.16522
0.025696
0.2132
0.013
0.12769
0.099182
0.29407
0.008606
0.14502
0.17664
0.20654
0.029114
0.16754
-0.052246
-0.011475
-0.050964
-0.0041504
0.29211
0.52429
0.066895
0.13458
-0.00018311
-0.090271
0.033386
0.015503
0.72284
-0.00354
0.16107
0.10358
0.028992
0.0079346
0.087463
-0.062927
0.036072
0.10742
-0.0045166
0.27472
-0.053467
0.25995
0.013611
0.35852
0.080505
0.088867
0.0048218
0.0092773
1.0789
-0.0026855
0.052551
-0.11401
-0.048401
-0.02417
-0.037109
0.016907
-0.032837
-0.077881
0.1347
-0.047546
0.96869
0.020447
0.018372
-0.022949
-0.02356
0.00061035
-0.03302
1.0318
0.025208
-0.02417
0.056396
-0.11273
0.067688
0.059937
-0.029541
0.0091553
-0.001709
0.0063477
0.015198
-0.096313
-0.039856
-0.031677
0.10089
0.040527
0.67407
-0.05896
0.33551
0.089355
0.041748
-0.17291
-0.15509
0.046204
0.012756
-0.077454
0.040466
1.2086
0.049683
0.069763
-0.040649
0.25293
-0.11591
-0.11096
0.082581
0.11053
-0.16351
0.58154
0.063599
0.0048828
0.0073242
-0.11212
0.20795
0.64874
0.087219
0.17847
-0.010437
-0.065247
0.024292
0.0023804
0.042603
-0.048584
0.10181
-0.025085
0.56616
-0.042603
0.18231
0.027039
0.36713
-0.023193
-0.088806
-0.016235
0.77728
0.26105
0.040527
0.1189
-0.023254
-0.054932
0.011414
0.03363
0.91858
-0.021362
-0.039246
0.094727
-0.0042114
0.0448
-0.017517
-0.038757
-0.03241
0.017517
0.11255
-0.029114
-0.046509
0.020264
0.30688
-0.02771
0.51855
0.019104
0.27979
-0.060425
-0.022278
-0.075806
-0.0012817
0.020081
0.85815
0.0065918
0.24139
-0.020935
-0.077576
0.20764
-0.083618
-0.10547
0.71881
-0.062988
0.069946
0.039063
0.1001
0.16083
-0.062866
0.045776
0.059326
-0.092346
0.73785
-0.0091553
0.075745
-0.022095
-0.0044556
0.10095
-0.026611
0.62018
-0.070374
0.071594
0.13141
0.0068359
-0.060181
0.23657
0.005188
0.053101
0.12909
0.0091553
0.79987
-0.00012207
0.10645
0.0037231
0.00048828
-0.0073853
0.13245
-0.032776
-0.026062
0.020691
-0.10028
0.43829
0.28381
0.11676
-0.062744
0.10236
-0.04248
0.032654
-0.11768
-0.12793
0.023132
1.1397
-0.13403
0.12714
0.025757
0.54218
0.015259
0.041077
-0.16467
0.019958
0.0062256
0.023071
0.028442
-0.037048
0.10791
0.063965
0.22589
0.14734
0.6123
-0.05365
0.10193
0.23566
-0.029175
0.79749
0.030334
0.083984
-0.062683
-0.077942
-0.0049438
0.92596
0.075867
0.0097656
0.0028687
-0.039001
0.03595
0.080261
0.068237
-0.13293
-0.010864
0.049438
-0.019958
0.2843
-0.069031
0.23785
-0.00036621
0.42615
0.017273
0.31946
0.070923
0.17969
0.43591
0.047729
0.12946
0.16364
-0.063843
-0.029297
0.096375
-0.11749
0.0012207
-0.026489
0.1181
0.35797
-0.093994
0.37421
-0.036743
0.27734
-0.0019531
0.16821
0.067383
0.11487
-0.042297
0.79724
0.028381
0.15405
-0.067627
0.091064
-0.0040894
-0.087402
-0.037109
0.6521
0.065979
0.13428
0.16113
-0.020447
-0.0063477
0.16626
0.010986
0.063049
-0.02887
1.0454
0.021057
-0.032898
-0.096313
-0.056213
0.072693
0.15521
0.047363
-0.063965
-0.05127
0.27466
-0.0092773
0.023682
0.41443
0.20532
0.021606
0.15155
0.076599
-0.020203
-0.061768
-0.057007
-0.0076294
-0.017883
0.94257
-0.033325
0.05127
0.0090942
-0.03302
0.033203
0.012268
0.047424
0.020752
0.17041
-0.10956
0.21631
0.025208
0.23016
0.081909
0.38208
0.020142
0.088928
0.010071
0.57782
0.070984
0.13348
-0.011414
0.23322
0.025635
-0.021118
0.0048828
0.022888
0.014221
0.032959
-0.066101
-0.040283
0.00036621
-0.019287
0.08313
1.0139
-0.028992
0.046326
0.022949
0.024353
-0.052612
-0.062195
0.028076
0.052795
-0.0016479
0.0025024
0.70294
0.15082
-0.025879
0.13257
-0.042542
0.51276
-0.0010376
0.22974
0.048584
-0.039978
-0.0060425
1.3976
-0.0068359
-0.032349
0.12183
-0.21814
0.082581
0.14148
0.032959
-0.38062
0.073059
-0.0055542
0.031921
-0.059143
-0.053345
0.01532
0.0802
0.11432
0.56891
0.0043335
0.39044
0.58228
0.093628
0.13049
-0.10034
-0.03241
0.042847
0.21283
0.090698
0.15546
-0.078918
-0.051453
-0.015198
0.15411
0.077576
0.41785
-0.029968
0.28943
0.0078125
0.036804
-0.046387
-0.039856
0.038391
-0.13
0.0010376
0.31732
0.10522
0.15515
0.13416
0.03479
0.038696
-0.0088501
-0.014099
0.13416
-0.047058
0.016541
0.37683
-0.0054932
0.090576
0.12921
0.33765
0.061096
0.052429
0.13251
0.095276
0.16797
0.20068
0.29279
0.06958
0.07782
-0.069092
0.059082
0.016479
0.024536
-0.03302
-0.023193
0.11212
-0.01178
0.0076904
-0.028992
0.91101
-0.075989
0.033875
0.0015259
0.036377
-0.041199
0.21802
-0.05658
0.63318
0.050171
0.18317
0.0032959
-0.0099487
0.010559
0.010803
-0.030884
0.1806
-0.022339
-0.046326
-0.033447
0.80811
0.077942
-0.041382
-0.076111
0.85864
-0.044739
0.0030518
0.0050659
0.0047607
0.011292
-0.036926
0.0020752
-0.0064697
-0.014526
-0.033081
-0.025879
0.55914
0.0071411
0.16028
0.092285
0.20123
-0.10907
0.014832
0.012207
-0.063904
-0.050842
1.2664
-0.22919
0.051697
0.026489
0.13562
0.0018921
-0.065857
-0.059937
-0.046387
0.083435
0.091125
0.089478
0.32629
0.054688
0.47809
0.030884
-0.0016479
-0.0084229
-0.02301
-0.043579
0.11438
0.018188
0.053711
0.49255
0.030762
-0.037415
0.82617
0.018494
0.0578
0.013672
0.0083008
-0.032715
0.058716
-0.0053101
-0.0036621
0.83276
0.063477
0.0095215
-0.024292
-0.025269
-0.0040894
0.17255
0.049561
-0.083313
0.0032349
1.356
0.05835
0.017151
-0.023499
-0.1438
0.11359
-0.042297
-0.018799
-0.15619
0.068176
0.12805
-0.059021
0.03833
0.016663
0.23096
0.047607
0.25952
0.013977
0.10913
-0.031189
0.044495
-0.094849
0.1178
-0.064575
0.53632
-0.036133
0.56586
0.023682
-0.1051
0.032104
-0.065979
-0.0097656
0.099915
-0.00012207
-0.11975
0.14368
0.012634
-0.0018311
0.94104
-0.041321
0.10052
-0.11646
0.055115
-0.026428
-0.0072632
0.12866
0.018738
-0.011597
-0.19025
0.94763
-0.034119
0.024292
0.0015869
-0.034241
0.007019
-0.032471
-0.049561
0.82605
0.09314
0.0011597
0.064392
0.027649
0.0067749
0.029541
0.013184
0.064819
0.036621
0.013916
-0.018738
0.66095
-0.011719
0.94861
-0.039856
0.018433
-0.020203
0.036743
-0.038208
0.064636
0.02887
-0.029785
-0.012451
0.051819
0.87463
-0.023804
-0.12299
0.078613
0.0056152
0.017883
0.015503
0.02771
-0.0070801
0.027527
0.017944
-0.039185
0.068054
0.16241
-0.049133
0.63379
-0.057373
0.19818
0.13153
0.13861
-0.085144
0.50848
0.19342
0.0089722
0.010071
-0.020874
0.045532
0.010742
0.039001
0.010864
0.30927
0.033875
0.048218
0.059509
0.16486
-0.019226
0.11102
-0.0177
1.0154
0.10187
-0.089355
-0.014526
-0.072754
0.05188
-0.0064087
0.034546
-0.050964
0.001709
0.0056763
0.023254
0.1405
0.075623
0.0014648
0.29254
-0.047485
-0.010376
0.083984
0.45428
0.022888
-0.06665
-0.074951
-0.024841
0.030884
-0.16882
0.090088
0.50012
-0.025574
0.599
-0.07074
0.92773
-0.097778
0.05603
-0.012817
0.071838
0.049744
-0.028076
-0.01947
-0.015198
0.035828
0.007019
-0.088196
-0.042419
0.088623
-0.018066
0.023193
0.085754
1.018
0.022095
-0.0065918
0.13458
0.24176
0.052307
0.16217
-0.055786
0.068054
0.025879
0.060425
-0.049988
0.036255
0.025269
0.76031
-0.052734
0.26367
0.038269
0.018066
0.051208
-0.020508
0.0037231
0.075867
0.0036621
0.23199
-0.022705
0.072571
0.22461
0.13519
-0.095093
0.15308
0.020325
-0.0084229
0.028687
0.53461
0.016113
0.14301
-0.078064
0.2373
0.11078
0.05481
0.039978
-0.054138
0.11658
0.34064
-0.076477
0.44989
0.1402
0.067078
0.090393
-0.19708
-0.013306
0.11414
0.034546
0.23041
-0.025024
0.43524
-0.021484
0.14612
0.093628
0.062012
0.0064697
