0.10211
0.02478
-0.20807
-0.13245
-0.0056763
-0.00067139
-0.13519
0.11194
1.4294
0.091553
0.73871
0.048828
-0.030151
-0.049683
0.062561
0.053528
0.19574
-0.033813
-0.026306
0.00054932
0.5531
-0.030212
-0.030334
0.038452
0.085815
-0.047729
0.25134
-0.019775
0.090759
0.039429
-0.0074463
0.024902
-0.040527
0.89838
-0.010742
0.0098877
0.0016479
-0.026428
0.075867
-0.022034
0.062805
-0.038025
0.31763
-0.022034
0.33472
0.04364
0.31183
-0.00030518
-0.015442
-0.038879
0.55585
-0.045654
-0.146
0.0012207
0.14343
0.041382
0.25116
-0.032166
0.0578
-0.0039673
0.039551
-0.06012
0.03125
-0.047058
-0.030029
0.010498
0.071045
0.070984
0.80725
-0.0495
0.012024
1.1312
-0.059937
-0.046204
-0.0040894
0.06073
0.01825
-0.019104
-0.0085449
0.00085449
0.070374
0.037659
0.74823
0.031189
0.13959
-0.11438
0.48395
0.087952
-0.070679
-0.17157
0.22595
0.025146
-0.022278
0.59772
0.0025024
0.017212
0.19385
-0.018066
0.0013428
0.014465
0.15955
0.10095
0.019287
0.65436
0.0028076
0.014587
0.019897
0.015015
0.068115
0.003418
-0.045166
0.97369
0.0018311
-0.027222
0.021057
0.057861
-0.0072021
-0.03949
0.028687
0.0077515
-0.11426
0.021118
0.071533
0.043701
0.017578
0.67023
-0.090698
0.17932
-0.15778
-0.089294
-0.058838
-0.031128
-0.0053711
-0.14233
0.014587
0.98438
0.14252
-0.24432
0.024597
0.24261
0.26776
0.021301
-0.024719
0.72919
-0.0092773
0.015076
-0.064697
0.012756
-0.065247
-0.0495
-0.089966
0.085388
0.27045
0.064941
0.47778
-0.048706
0.094849
0.0018921
-0.059875
-0
0.035034
-0.012024
0.5387
0.12585
0.17468
-0.021118
0.22388
-0.00079346
-0.044434
0.074829
0.027466
0.0041504
-0.058838
0.016479
-0.016785
-0.0023804
0.047668
1.0457
-0.022766
-0.027344
0.0062866
0.93176
-0.026123
0.092102
0.05603
0.021179
-0.048645
-0.042603
-0.026733
0.083008
-0.014832
-0.043091
-0.016785
0.87292
-0.025391
0.021606
-0.007019
0.043457
0.060669
0.061584
0.19751
0.0029297
0.2113
0.012878
0.047546
0.049072
0.24194
0.075256
0.084717
0.060913
0.0014038
0.067505
-0.11011
0.88971
-0.035217
0.0448
0.0076904
0.068665
0.040894
0.074402
0.23663
0.084595
-0.12531
0.42865
0.072693
-0.08313
0.098511
-0.020996
0.086792
-0.034241
0.29193
0.15472
0.038696
0.3775
0.12555
0.057312
0.13568
0.1947
0.062195
-0.059937
0.10956
0.024475
0.70886
0.022766
-0.064758
-0.014526
0.13147
-0.069092
-0.041687
0.098206
-0.032532
0.027405
0.22229
0.091858
0.37653
0.019714
0.24091
-0.0090332
0.033386
-0.0021362
-0.061523
-0.075195
0.12042
0.05011
-0.0011597
0.075134
0.11505
0.16089
0.60474
-0.083984
0.34277
-0.084167
0.023132
-0.068848
0.023071
0.096069
0.31055
-0.087158
0.25
-0.0029297
0.0087891
0.036194
-0.016296
0.032715
0.0097656
-0.018433
0.047791
-0.056396
0.61652
0.014587
-0.01593
0.15082
-0.053467
-0.011108
0.23499
0.08783
0.025146
-0.03595
0.28815
-0.0041504
-0.069214
0.054199
0.058289
0.025513
0.028503
0.2959
-0.0044556
0.73438
0.11609
-0.098572
0.80005
-0.07019
-0.023438
0.081421
-0.10266
0.083618
0.056824
0.017883
0.016724
0.00012207
-0.094238
0.048218
-0.00054932
0.92896
-0.008667
0.04425
0.039551
0.00061035
-0.012024
0.0072632
0.045959
0.22375
0.25458
-0.098694
0.23846
0.049744
0.0059204
-0.040649
-0.0062866
-0.0062256
-0.028442
0.036926
0.15277
0.85828
0.20313
0.005249
0.025696
-0.097046
-0.13452
-0.030823
0.10284
0.057861
-0.03064
0.011475
0.29584
0.06488
0.086365
-0.016418
0.38403
0.016296
-0.038513
0.18597
-0.0066528
0.98114
-0.014343
-0.01416
-0.031067
-0.003418
-0.011169
-0.032654
-0.055298
-0.11566
0.21625
0.032532
0.66809
-0.028992
0.34882
-0.040161
0.075745
-0.04248
-0.008728
0.93152
-0.043152
-0.020691
0.01593
0.030518
-0.0026855
0.00042725
0.046265
-0.008728
0.026794
0.038879
0.5578
0.049255
0.078735
0.0083008
0.14691
0.011353
0.065613
0.041016
0.59875
-0.041992
-0.11249
0.053833
0.15063
-0.041687
0.35437
-0.0072021
0.04657
0.033081
0.44177
-0.029724
-0.047852
0.24164
-0.046997
0.053711
0.061279
-0.021851
0.011719
0.0014038
0.35522
-0.026001
-0.026917
-0.099304
-0.082703
-0.0084839
0.16406
0.051392
0.13733
-0.12585
-0.028625
0.0018311
0.022095
0.051697
0.022949
-0.044739
-0.067566
1.0829
-0.0097046
-0.0036011
-0.057983
0.0037231
-0.0019531
-0.01178
0.013428
0.20782
0.034241
0.68384
0.10846
-0.027222
-0.024292
-0.086548
-0.019653
-0.01355
0.047791
0.025513
0.037598
-0.087341
0.88702
-0.033569
0.060425
0.013916
0.10236
0.37909
0.13379
0.033936
0.037476
0.006897
0.073364
0.027649
0.16669
-0.0032349
0.24658
0.10376
-0.00054932
-0.031738
0.20056
0.019897
0.039429
-0.00048828
0.0067139
0.032837
-0.00024414
0.16345
-0.10217
-0.17224
-0.14233
-0.2063
0.03656
1.1064
0.0087891
-0.020752
-0.037292
-0.092163
-0.026001
1.077
0.027527
-0.018555
-0.024597
0.10272
-0.017517
-0.059021
-0.069458
-0.016541
0.59808
0.0048218
0.453
-0.029663
0.08783
-0.039307
0.42267
0.11987
-0.036804
0.1615
0.064209
-0.075195
0.15973
0.0064697
0.0046387
0.016846
-0.00073242
0.0098877
-0.045654
-0.10211
0.046875
0.065491
0.039795
-0.068054
0.0020142
0.98346
0.0979
-0.046509
-0.0045776
0.15729
0.164
0.5741
0.09198
-0.50897
-0.11633
0.90533
-0.0084229
0.019775
0.11987
0.010132
0.57269
-0.023193
0.16992
0.0097656
0.026062
-0.011353
0.25562
0.084778
0.033264
0.34595
0.021362
-0.027222
0.15881
0.033081
0.097778
-0.043762
0.025146
-0.03418
0.0019531
0.022827
-0.05365
-0.069519
-0.047974
0.02655
0.58124
-0.0013428
-0.035034
-0.054443
0.0093994
0.049011
-0.022339
0.069702
0.0043945
0.52533
0.09668
0.17944
0.1214
0.21863
-0.032959
0.5567
0.064148
0.059448
-0.11853
0.085205
-0.058044
-0.0090942
0.019958
-0.0849
0.40076
-0.0097656
0.011169
0.11517
0.033203
0.12067
0.17517
0.042603
0.16498
-0.12018
0.038208
1.0464
0.0041504
-0.0055542
-0.06366
-0.00085449
-0.10358
0.034485
-0.02002
-0.040283
-0.0096436
0.055176
0.019714
0.14856
0.0054321
0.74738
-0.068909
0.036621
-0.006897
0.018738
-0.0025024
-0.024231
0.012329
0.3045
0.091492
0.049438
0.045959
0.5791
0.70941
0.013062
-0.045776
0.083618
-0.029724
0.0048218
0.090332
-0.010254
-0.081604
0.042175
0.067688
-0.0072632
0.6933
-0.053589
0.12579
-0.0067749
0.27411
0.094482
0.01062
-0.020386
-0.069397
0.012695
-0.0065308
0.048218
0.037109
0.99133
-0.01001
-0.013245
0.054199
-0.050964
0.035278
0.73578
-0.077515
0.09082
0.04834
0.036377
0.010803
0.083069
-0.013245
0.0075073
1.0295
0.032288
-0.0059204
-0.036682
-0.14404
0.011719
0.081543
0.039429
0.012817
0.027893
-0.062561
0.043335
0.017395
0.012512
0.11139
0.9939
0.12134
0.14795
0.016602
-0.091431
0.36151
0.065979
0.19305
0.016052
-0.099792
0.013123
0.22455
0.064148
0.020508
-0.074402
-0.049255
0.031311
0.011963
1.0114
-0.045654
0.052979
-0.02832
0.030884
-0.024048
-0.048462
0.0056763
-0.047607
-0.0036621
-0.077698
-0.08551
0.31006
-0.056152
0.086609
0.14636
0.49731
0.054993
-0.022583
-0.029053
0.0088501
0.037048
0.33746
0.062683
0.61877
-0.018799
-0.036682
0.12274
-0.023071
-0.068665
-0.0097046
-0.0095215
0.088501
0.0059204
0.01947
0.074036
0.91547
0.092163
-0.036499
0.060303
-0.043091
0.4184
0.023132
0.36816
0.041626
0.079407
-0.016479
0.48395
-0.062073
0.071716
0.13605
-0.0021362
-0.044006
0.13977
-0.020935
0.066162
0.039246
-0.050232
0.005249
0.0028076
0.055847
0.019836
-0.053406
-0.016724
1.049
-0.062927
-0.064575
0.078125
1.1439
-0.054688
-0.19263
0.042175
0.050659
0.008667
-0.05658
0.036255
0.024658
0.018433
0.005127
0.042236
0.079163
-0.039063
-0.090515
0.046326
0.038574
0.070618
-0.058105
1.1749
0.015015
-0.027466
-0.11401
-0.15887
0.11743
0.065857
0.11115
-0.13983
-0.037476
-0.067139
0.021973
-0.067505
-0.082336
0.01825
0.14441
0.060608
0.051514
0.38635
0.056702
0.028564
-0.014648
-0.0448
-0.051392
0.15283
-0.0025635
0.24182
-0.12744
0.3822
0.0020752
-0.10693
0.091797
0.31921
-0.085205
0.44592
0.048218
0.24573
-0.031982
-0.00067139
0.031982
0.045349
-0.061768
0.54846
-0.020447
0.098511
0.0090332
0.17859
0.065613
0.012756
0.011658
0.076233
0.07666
-0.10138
-0.026367
-0.008667
0.28015
0.012146
0.37256
0.0089722
0.28717
-0.088623
0.079895
0.097534
-0.029541
0.097229
0.052429
0.12061
0.077087
0.52734
-0.035461
0.2196
-0.05542
0.4917
0.41498
0.032593
0.10327
0.25024
0.030334
-0.12189
-0.079102
0.022095
-0.005188
0.44415
-0.081909
0.33917
0.03894
0.28113
-0.040161
0.09906
0.10022
-0.055115
-0.029907
0.29346
0.03186
0.64978
0.010742
0.16418
-0.017151
-0.07019
-0.1012
0.12854
-0.044312
0.034973
0.046509
0.43091
0.01886
0.38745
-0.066772
0.1217
0.072571
0.00054932
-0.060791
0.021973
-0.014954
0.0037231
-0.032532
0.076843
0.10931
0.011658
1.0697
-0.019226
0.012573
-0.0095215
0.0048218
0.010193
0.16565
-0.01532
0.72369
0.016235
0.1156
0.15839
0.0081177
0.03064
0.79932
0.0061646
0.055725
-0.060791
0.021179
0.015686
0.0081787
0.027283
0.019226
0.070801
0.011353
0.52808
-0.013
0.083618
0.047119
0.022156
-0.00091553
0.056335
-0.079834
0.10559
-0.034912
-0.0056152
0.56915
0.18695
0.095093
0.037659
0.21417
-0.022156
0.040039
0.033875
0.01355
0.59814
-0.015625
0.20154
-0.0054932
-0.008606
0.058044
-0.10217
0.011292
-0.11908
0.16089
-0.033203
1.0203
-0.0040894
-0.013184
-0.031067
-0.03241
-0.039612
0.8371
0.037476
0.022644
0.060974
-0.031189
0.00061035
0.048706
0.012268
-0.00354
0.048584
0.09314
-0.031616
0.028381
-0.0022583
0.095337
-0.012939
0.059753
-0.0080566
0.86121
-0.075745
0.059387
0.11053
0.0672
0.027649
0.89777
-0.052307
0.28406
-0.03418
-0.10437
0.5882
-0.025696
0.010803
0.079956
0.0022583
0.00061035
0.070313
-0.0043945
-0.032227
0.003479
-0.12061
0.0019531
0.027283
-0.0014038
0.013672
1.0294
0.016113
0.070435
-0.0092163
-0.068237
0.05896
0.039551
0.20892
-0.055725
-0.099609
-0.068909
0.133
0.010193
0.24939
0.045044
0.0028687
0.11523
-0.0014038
0.031189
0.54919
0.013184
0.18762
0.031067
0.11322
0.0047607
-0.0087891
0.99292
0.0075073
0.030396
-0.0056763
-0.016846
0.014587
-0.045288
-0.017334
0.022522
0.039185
-0.11377
0.00091553
-0.070374
-0.027588
-0.28351
0.03479
0.45618
0.072571
0.71411
6.1035e-05
-0.026245
-0.037415
0.053467
-0.064575
-0.073181
-0.12842
0.021606
0.0015869
1.0188
0.1665
0.14673
-0.085266
0.56274
0.039978
6.1035e-05
0.023499
0.033508
0.036438
-0.045288
-0.076111
0.035156
-0.036743
0.53033
0.263
0.03009
0.11499
-0.0029297
0.031433
0.0032959
0.10797
0.1825
0.0036621
0.68622
0.10309
-0.037659
0.05658
-0.059692
0.030884
-0.0177
0.017395
-0.016418
0.10309
0.012756
0.19073
0.018921
0.26453
0.005188
0.18958
-0.016541
-0.081482
0.17242
-0.049988
-0.10278
0.10681
-0.028259
-0.0078735
-0.082947
-0.081665
1.0687
0.20758
0.6214
0.0050049
-0.0085449
0.26593
-0.070068
-0.0018311
-0.0054321
-0.042419
0.032471
0.24481
0.19159
-0.029419
0.38251
0.21295
-0.080872
0.046448
0.053467
-0.015991
0.011841
0.081238
0.037292
-0.093262
0.87445
0.014709
0.11957
0.049927
0.020813
0.0023193
0.035156
0.0050659
-0.011658
0.0014648
0.01001
-0.046021
0.07605
0.0090942
-0.080627
-0.05481
0.96521
-0.18854
-0.052368
-0.040344
-0.032532
0.10138
1.2052
0.031067
-0.17322
0.077576
-0.13635
-0.026184
-0.073486
0.079346
0.092285
0.65985
-0.03241
0.36279
-0.022156
0.014404
0.017517
0.044983
-0.014648
0.0048828
0.043274
-0.066406
0.1463
0.070129
0.066467
0.44666
0.021423
0.094971
0.043091
0.86627
-0.0059814
-0.091064
0.052429
-6.1035e-05
-0.0061646
-0.021545
0.022034
0.049988
0.17853
0.075012
-0.096924
0.83569
0.0098877
-0.13788
0.065674
-0.1286
0.024902
0.041748
0.83643
-0.010193
0.042725
0.013611
-0.044067
0.013733
0.099243
-0.03186
0.013672
0.030701
0.030823
0.10522
-0.0089111
0.63104
-0.0056152
0.13153
-0.0060425
-0.0043335
-0.023804
1.2469
0.013
-0.077454
0.087463
-0.22705
0.054199
-0.061279
-0.0025024
-0.17297
0.056274
0.40863
-0.044067
0.01123
0.20508
0.082336
0.052795
0.32141
0.062012
0.011658
-0.035156
-0.028137
0.052002
-0.010986
0.0021973
0.027588
0.078064
0.018799
0.92267
0.065125
0.055115
-0.0063477
0.02887
-0.0073242
-0.064392
0.0090942
0.12378
0.030334
-0.010315
0.062988
0.61053
0.71564
-0.088196
-0.10779
0.26477
-0.15204
-0.0055542
0.3429
-0.15253
0.1142
0.069214
0.1604
0.10516
0.067261
0.41327
-0.010193
-0.023499
-0.0037842
0.098755
-0.14746
0.072571
0.034607
0.36914
0.027222
0.47473
-0.16119
0.051941
-0.073914
0.31555
0.078125
0.085449
-0.125
0.079041
0.65887
0.073792
0.12268
0.084656
0.027283
-0.015808
0.099854
0.057617
-0.087402
0.62897
0.0045776
0.41907
0.10217
0.0018311
-0.030334
0.10962
-0.096802
0.0177
0.34186
-0.056885
-0.076111
0.11298
0.065796
0.014587
0.1759
0.013123
0.065063
-0.029297
-0.075928
0.013184
-0.00097656
0.079712
-0.028625
0.054749
-0.0087891
0.015808
0.14044
0.80377
0.089355
0.036804
0.2489
-0.1214
-0.026367
0.15155
0.19995
0.10107
0.47919
-0.0354
0.086792
0.66748
-0.041626
0.016602
0.22241
0.010559
0.0065308
-0.069031
-0.014709
0.015686
0.15948
0.16803
-0.050842
0.66718
-0.069336
0.00018311
0.016602
-0.0067749
0.0064087
-0.0089111
-0.092957
-0.024475
-0.011536
0.029541
0.07782
0.37988
-0.079407
0.60822
-0.073914
-0.12585
0.16248
-0.015564
0.11847
0.58038
0.012329
-0.099182
0.05603
0.049011
0.22388
-0.10492
0.074585
-0.021362
0.019348
0.06311
-0.0062256
0.19299
-0.0018311
0.010376
-0.062866
0.94348
-0.010925
0.0037842
-0.098999
0.046021
-0.029114
0.034973
-0.060059
-0.012939
-0.029907
1.064
0.040222
0.027283
-0.013916
0.033997
-0.017273
0.54858
-0.058838
0.32159
-0.0013428
0.22327
-0.0092773
-0.001709
0.36206
0.017151
0.59662
0.033081
0.13855
-0.092163
-0.0039063
-0.00012207
0.039429
0.021057
0.61774
0.00073242
0.19098
-0.090637
0.25153
0.026794
0.052551
0.0042725
-0.046509
-0.031677
0.033386
1.0834
0.04303
0.0038452
0.021118
0.080444
-0.048523
-0.03009
0.065002
-0.0095215
0.2644
0.020264
0.10632
-0.085388
0.26471
0.064331
0.11755
0.013977
-0.09729
-0.01416
0.12933
-0.032532
0.13208
0.11957
0.29291
0.042053
0.56128
0.028137
0.067566
-0.038635
-0.056885
0.025146
-0.012207
0.1142
0.094543
0.1756
0.54504
0.019409
0.046204
-0.084656
-0.056335
0.061035
-0.11224
1.1931
0.1745
0.087952
0.19556
-0.038147
0.10431
0.11749
-0.064697
0.048767
0.0024414
0.84784
0.013245
0.15302
-0.029724
-0.087769
-0.055786
1.0432
-0.083801
-0.079224
-0.00048828
0.054504
0.0046997
-0.065796
-0.003418
0.018311
0.096802
-0.0042114
-0.011658
-0.0042725
0.14948
0.051331
0.084534
-0.024902
0.52014
0.050537
0.036621
0.024353
-0.048828
0.0039673
0.0015869
0.099365
0.066833
-0.054565
0.69922
-0.062256
0.040222
-0.051819
-0.10059
0.055115
0.02655
0.73456
-0.021057
0.15167
0.054199
0.09613
-0.066956
-0.047668
-0.0063477
0.16626
-0.018127
0.17889
0.073853
0.48352
0.083313
0.21857
-0.073975
-0.063171
0.055542
-0.021545
-0.022278
0.062622
0.02124
-0.13513
0.047119
0.98883
-0.031067
0.013
-0.0015259
0.0083008
0.025391
0.26941
0.031189
0.21893
0.025513
0.64319
0.2298
-0.048401
-0.026245
0.78833
-0.10626
0.026978
0.019775
-0.0092773
0.10211
0.0075684
-0.028381
0.072021
-0.074829
0.16003
0.5304
-0.034302
0.26532
0.013977
0.0013428
0.029785
0.09668
0.041199
0.10077
0.049988
0.20032
0.065247
0.38531
-0.047119
0.14099
-0.03894
0.14093
0.012451
0.37854
0.084839
0.12659
0.0011597
0.31335
0.00048828
-0.077209
-0.016541
-0.01886
0.053528
-0.00085449
0.015259
0.071716
0.35767
-0.04541
0.69269
0.1568
-0.13379
0.016235
0.034119
-0.028381
-0.053467
0.048584
-0.055176
0.035034
-0.048462
-0.085022
1.0474
-0.045959
-0.0028687
0.25635
-0.018066
0.62042
0.057617
0.17914
-0.019958
-0.10577
-0.11145
0.17957
-0.040955
0.11914
-0.057129
0.0067749
0.037659
0.24084
0.066833
0.18018
0.091003
0.033508
-0.058716
-0.060852
-0.037292
0.032593
0.023193
0.056458
0.66803
-0.12646
0.32556
-0.00012207
0.054199
-0.039063
0.051331
0.025208
0.71014
-0.046448
0.14917
0.066956
-0.044678
0.026733
0.082947
-0.066467
0.17792
0.61017
-0.0090942
0.18103
0.01001
-0.032593
-0.011963
-0.00079346
0.055054
0.0032959
-0.029175
0.03894
-0.07373
0.031067
1.0049
-0.064392
0.0075073
0.10406
-0.038391
0.2088
-0.0046997
0.27521
-0.0016479
0.39459
0.03656
0.14594
-0.047119
0.048035
1.0623
-0.00061035
-0.057861
0.031494
0.049316
-0.036377
-0.026428
-0.013855
0.017212
0.00036621
0.023315
0.12872
-0.052185
0.74762
-0.029846
0.14636
0.020996
0.092712
0.017578
-0.11395
0.082092
0.21686
-0.0079956
0.47754
-0.032898
0.3382
-0.014709
0.04303
-0.052734
-0.026367
0.12061
0.55963
0.036255
0.12195
0.10535
0.14911
-0.051208
-0.019958
0.0085449
0.68097
0.15253
0.099487
0.082153
-0.027222
-0.026367
0.06842
-0.012817
-0.040588
0.013855
-0.0039673
0.061646
0.016602
0.073792
-0.035156
-0.062805
-0.035706
0.086182
0.041077
0.79633
0.35455
0.035156
0.077515
0.10956
0.15918
-0.024597
0.3172
0.10431
0.020508
-0.012451
0.48041
0.026733
-0.10052
0.22113
0.0040283
-0.011902
0.17126
-0.064331
-0.046204
0.10559
0.045959
0.072327
-0.077759
0.029968
-0.023987
0.85004
0.023254
0.1178
0.14337
-0.040039
-0.026428
0.88678
-0.042664
0.036438
0.0025024
0.072083
0.014526
0.072205
0.062134
-0.011658
-0.040466
0.82153
-0.025208
0.15936
0.0085449
0.080139
-0.055908
-0.00085449
0.018188
0.016785
0.056396
-0.046204
-0.017944
-0.027649
0.0038452
0.40784
0.0073242
0.47388
0.172
-0.0013428
-0.048218
-0.018921
0.033752
-0.0064087
0.045776
0.12061
0.047302
-0.1123
0.76349
0.060974
0.096252
0.050354
0.030579
0.89508
-0.04071
0.062439
-0.02887
-0.019775
-0.0084839
-0.056458
-0.061768
-0.01532
0.48267
0.050903
0.19501
-0.014832
0.19769
0.024231
-0.052429
0.0072632
0.065796
0.024536
0.18451
0.10144
0.14282
0.17188
0.34192
-0.019653
0.023254
-0.0061646
0.048523
-0.11395
0.66229
-0.035706
0.048889
-0.072083
0.10388
-0.077698
0.068176
0.15314
0.87347
0.035278
0.0025635
0.031372
-0.032593
-0.028015
0.10516
0.011475
-0.017944
0.017273
0.60858
-0.1134
0.16736
0.10553
-0.049133
0.071045
0.20923
0.17932
-0.0082397
0.00054932
0.003479
0.028992
0.1839
-0.056519
0.52179
0.039795
0.26416
0.050903
0.030823
-0.046753
0.030151
-0.082092
-0.03241
-0.048096
-0.010498
0.19824
-0.024353
0.13214
-0.0085449
0.97388
-0.037781
-0.018616
-0.028503
0.10291
0.057007
0.6311
0.024475
0.0755
0.19891
-0.031921
0.097168
0.029846
0.51855
0.022217
0.079163
0.10254
0.28253
-0.0012207
0.0448
-0.040161
0.10114
0.026306
0.10718
0.032959
0.31616
0.039429
0.37463
0.047485
0.054993
0.015442
-0.025574
-0.030884
0.010864
-0.054382
0.73065
-0.022766
0.328
-0.0095825
0.032043
-0.016724
0.02063
-0.039368
0.094788
-0.098145
0.77551
0.050476
0.26379
0.084717
-0.071045
-0.053406
0.51215
-0.11499
0.24847
0.12939
-0.023499
-0.098755
0.30902
-0.059814
0.067139
0.081055
0.11072
0.90533
-0.080383
-0.056702
0.13824
-0.026855
0.020325
-0.03479
-0.032776
-0.028503
0.07782
-0.077698
-0.0050049
-0.10413
-0.017883
1.4196
0.067932
-0.23761
-0.15118
0.013733
0.018066
0.088379
0.13129
0.062561
0.18646
0.11902
0.2337
0.047546
0.091431
-0.088318
-0.064514
-0.027649
-0.029297
-0.028992
0.035583
0.042419
-0.033142
1.1736
0.084045
-0.12012
-0.0014038
0.12244
-0.093262
0.067993
0.014465
0.23444
0.033752
-0.13385
0.9881
-0.013062
0.15991
0.035095
0.22308
-0.0016479
0.1615
0.057678
0.42212
-0.00091553
0.1123
-0.0056763
0.056702
-0.014404
-0.023499
0.052002
0.032104
0.036743
0.015015
0.97467
-0.0061646
-0.077148
-0.047852
0.0012817
-0.045105
-0.042236
0.047729
0.11475
0.024536
0.9538
-0.00085449
-0.024902
1.0306
0.037231
0.27332
0.077515
-0.20422
-0.042114
-0.040344
0.092163
-0.083374
-0.058472
-0.091187
0.077087
0.069092
-0.11316
0.034241
0.062256
-0.073486
0.20123
0.79315
-0.0046997
-0.047546
0.017761
0.072815
0.063904
0.39154
-0.010132
0.33746
-0.029358
0.17969
-0.043823
0.6228
-0.09552
-0.14722
0.36823
-0.083618
-0.011414
0.11511
0.0081177
-0.050659
0.0091553
0.045715
-0.072144
0.0020752
-0.025085
0.58411
-0.012207
0.33783
-0.010925
0.087585
0.0064697
-0.0057983
0.024719
-0.020874
0.067566
-6.1035e-05
0.41449
0.040161
-0.0045776
0.013245
0.67773
0.1601
0.79413
0.010437
-0.020142
0.12793
-0.08252
-0.0079346
-0.00048828
-0.033569
-0.013855
-0.042053
-0.069214
0.43048
0.21655
0.46051
-0.058289
-0.063721
-0.019592
-0.15289
-0.038574
0.022827
0.9115
-0.032715
-0.010498
0.056152
0.026001
-0.011719
0.0078125
0.027405
0.0030518
-0.062866
0.011169
-0.016541
-0.018127
-0.018982
0.016907
0.020691
0.79828
0.047485
0.15863
-0.00030518
0.055664
0.067261
-0.0030518
0.37323
-0.00354
0.31256
0.0046387
0.084412
-0.0053101
-0.0224
-0.029724
0.034546
0.98224
-0.036133
0.072998
-0.069885
-0.040649
-0.02594
-0.0019531
-0.066162
-0.02594
0.27966
-0.081604
0.47797
0.012939
0.36389
-0.096863
0.16418
-0.008728
0.0084839
0.056396
0.13489
-0.050964
-0.037659
-0.1131
0.11981
-0.047363
-0.083557
0.99652
0.011902
-0.013367
-0.011719
0.017212
-0.013428
-0.051941
-0.019714
0.19946
0.035889
0.87378
0.026978
0.033875
0.48242
0.015808
0.14874
-0.067993
0.3335
0.099854
0.092712
-0.00085449
0.042175
-0.075867
0.0083618
-0.045959
0.67908
0.0015869
0.33337
-0.060547
-0.012024
0.039551
-0.018799
0.064758
-0.072815
0.087585
0.70862
0.046997
0.16052
0.047668
-0.096863
0.007019
-0.055786
0.0077515
-0.012573
1.0526
-0.059814
0.05426
0.08606
-0.098938
-0.01239
0.068237
0.24243
0.17609
-0.14496
0.45209
0.19025
0.012878
0.075134
-0.0625
-0.0064697
0.0076904
0.090332
-0.16022
-0.10229
0.12335
0.01001
0.63208
-0.015869
0.6311
-0.096924
-0.20435
-0.033813
0.041321
0.012146
0.00012207
0.024414
0.3139
-0.012878
0.69568
0.025818
-0.065491
-0.0271
0.070923
0.067627
-0.15045
0.10889
1.222
0.081665
-0.36615
0.04425
0.17871
-0.064819
-0.0016479
0.85608
-0.0048828
0.14996
0.035156
0.052856
0.0047607
0.041077
0.051697
0.006958
-0.01178
-0.012146
-0.0066528
-0.026367
0.17218
-0.011353
0.97406
-0.1626
-0.049561
0.062317
0.010193
0.0036621
-0.037109
-0.0063477
-0.050171
0.037109
0.0012207
0.6911
0.030579
-0.052246
0.12384
0.036499
-0.11108
0.073059
-0.10663
0.040283
-0.12854
-0.054077
0.95984
-0.0098267
0.034973
-0.056519
0.0033569
-0.014343
0.15759
-0.035767
0.016174
0.078735
0.69427
-0.10345
0.041504
0.62347
0.075256
0.229
-0.035339
0.078552
-0.015503
-0.053955
-0.070923
-0.057739
0.035522
0.026917
0.027466
-0.016357
0.14636
-0.010925
0.85303
-0.078369
-0.064087
0.02655
0.051392
-0.10596
0.043274
0.076599
0.2569
0.020752
-0.012512
0.99524
0.065491
-0.020691
-0.0050049
0.0097656
0.04071
0.0039063
0.054504
0.01239
0.97522
0.015991
-0.062988
-0.056396
0.014832
-0.0067139
-0.070984
0.049988
0.0036011
-0.057434
0.99432
0.10828
-0.0059204
-0.10291
0.03479
-0.087891
0.030518
0.015869
0.65302
0.029602
0.44928
0.11694
-0.16437
-0.11224
0.054993
0.13892
-0.10577
0.019775
0.056824
0.10919
0.13678
0.57715
0.010071
-0.06781
-0.00073242
-0.0033569
0.0022583
0.047424
0.14246
0.0043335
1.0012
-0.0802
-0.072449
0.0054321
-0.032288
0.08844
-0.014282
0.48944
-0.0048218
0.39203
0.023376
0.037048
-0.01825
0.015686
-0.018494
0.15448
0.054077
0.33594
-0.039917
0.39209
-0.011597
0.14447
0.03479
-0.021729
-0.046448
0.036804
-0.046143
-0.015076
0.1629
-0.026428
-0.019592
-0.054016
0.76056
0.66083
-0.025024
-0.14697
-0.030457
0.21387
0.1087
0.28754
-0.070801
0.003418
-0.012207
0.026917
1.249
0.022949
-0.081909
-0.028198
-0.051575
0.015015
-0.058105
0.041687
-0.0046997
0.050232
0.11389
-0.11719
-0.036011
0.074585
0.023315
-0.039612
-0.13385
1.4494
-0.017639
-0.025574
0.03363
-0.037415
0.035095
0.0010986
0.13245
0.018433
0.95758
-0.035645
-0.04425
0.039307
0.12158
-0.044556
0.025513
-0.0065918
0.77448
-0.039856
-0.29266
-0.071594
0.48279
0.10553
0.064209
0.27911
-0.098328
0.27496
0.02533
0.29535
0.034973
0.10419
0.022949
0.0062866
0.016296
0.12018
-0.08136
-0.047485
1.0156
-0.12482
-0.25989
0.024536
0.26044
0.09967
0.050293
-0.035828
0.47943
0.047302
0.020081
0.17847
0.064941
0.015198
0.10968
-0.019653
-0.11395
-0.030212
-0.0043335
0.020264
0.010254
0.11841
0.8808
-0.088318
0.0028076
-0.16302
0.29108
0.27069
-0.29761
0.7688
0.019348
0.54608
0.14087
-0.36395
-0.081421
-0.023376
-0.064697
0.25574
0.085876
0.36859
-0.0091553
0.32556
-0.013428
-0.099243
0.029663
0.0062256
-0.01709
0.065186
0.15143
-0.0027466
0.79327
-0.04248
0.18787
0.065613
-0.041077
0.0083008
0.04303
-0.10608
0.077698
0.033447
1.1332
-0.12402
0.26965
0.020569
0.024414
0.01062
-0.012573
0.14417
0.019165
0.46277
-0.095215
0.33929
0.015015
0.098206
-0.034363
0.0012817
-0.037476
-0.020447
0.043274
-0.0011597
0.27545
0.048462
0.13202
0.027283
0.42474
-0.059875
0.016846
-0.063171
0.045227
-0.012817
-0.054932
-0.0177
0.1322
-0.027527
0.89227
0.10999
0.71271
-0.015076
0.10461
0.023621
0.062012
-0.035522
-0.033997
0.046082
-0.016968
0.025879
0.0039063
0.0042725
0.017456
-0.036438
0.076965
-0.039612
0.062927
0.062927
0.85577
-0.068115
-0.090454
-0.059204
0.017151
0.0080566
1.2919
-0.13342
-0.11334
-0.095093
-0.18469
-0.0059204
0.039124
0.036072
0.025024
-0.082642
0.13226
-0.077576
-0.20679
0.013306
0.87024
-0.042542
0.018982
0.11688
-0.010315
0.409
0.05835
0.42126
-0.06897
0.057373
0.046448
0.0079956
0.059814
0.018555
0.11786
0.59766
0.015564
0.11737
0.0037231
-0.019348
0.078552
-0.027954
1.1972
0.049255
-0.079285
-0.041809
-0.021179
-0.075745
-0.010498
0.017639
0.01239
-0.053345
-0.0099487
-0.042603
0.027954
0.064087
0.31
0.028931
0.26385
0.047974
0.32196
0.021606
0.10535
-0.040894
0.019592
-0.0076294
0.056213
-0.11499
-0.0072021
1.2111
0.023682
-0.06134
-0.0059814
0.092773
0.86926
0.012634
0.043213
-0.0081177
-0.026184
-0.0089111
0.037292
0.036316
0.0078735
0.034302
-0.012085
-0.072083
0.6076
-0.1731
-0.11182
0.16614
0.41382
-0.013367
1.0228
0.039978
0.065369
-0.0010986
-0.025024
-0.02478
-0.018921
0.0026245
0.0071411
0.10034
0.11536
0.09314
-0.14471
0.18872
-0.18176
0.12524
0.12378
0.63678
-0.10547
0.03833
0.020203
0.1947
-0.0064087
0.3559
-0.024475
0.41931
0.029602
0.026367
0.0023193
0.024231
0.013245
-0.046936
-0.016907
-0.12531
0.92603
0.010742
-0.35425
0.10089
0.47406
0.23639
0.031189
-0.0054321
0.33435
0.025085
0.39142
-0.016602
0.12463
0.096252
-0.075745
0.059631
-0.012756
0.8667
-0.018921
0.088623
0.0096436
0.11401
0.020813
-0.055176
-0.066895
-0.17651
0.076538
0.038757
0.97711
0.047607
0.082275
-0.14917
0.058289
-0.032104
0.014404
0.055054
0.025391
0.0037231
0.024475
0.019958
0.1745
0.10107
0.66602
0.090759
0.011108
-0.049683
1.0303
0.039185
0.0025024
0.012146
-0.046326
-0.038574
0.021118
0.018433
0.0018921
0.0093994
0.82617
0.010742
0.085266
0.13599
0.040771
-0.096802
0.014832
-0.053711
0.035339
-0.010315
0.98157
-0.02417
-0.012512
0.0082397
-0.041382
-0.00067139
0.04657
-0.0085449
-0.014648
0.10846
0.059204
0.087341
-0.03302
0.029541
-0.021912
0.14703
-0.048584
0.86401
0.039124
0.0177
-0.065918
0.029175
0.018494
0.038025
0.1048
0.01709
0.86884
-0.14832
0.10321
-0.086792
0.034973
-0.017944
0.041382
0.032959
0.71252
-0.067871
0.54852
-0.18719
-0.18774
-0.10974
0.030701
0.094299
0.093262
0.37909
-0.062256
0.33081
-0.025574
0.092102
0.0018311
0.022766
0.02832
-0.0075684
0.49133
0.33038
0.054749
0.14606
0.0092163
0.031799
0.030396
-0.015564
0.16241
0.28131
-0.078308
0.48547
0.027344
0.12769
0.093201
-0.022156
-0.060791
-0.003418
0.0177
0.019958
0.012085
-0.059753
-0.1825
-0.045776
0.90088
0.0095825
0.1037
0.64569
-0.00085449
0.10443
0.04657
-0.10144
-0.019043
0.080078
-0.027405
0.021118
-0.0030518
0.61426
0.0025635
0.0040894
0.17822
-0.069092
-0.067261
0.071106
-0.015686
0.077942
0.014954
-0.055664
0.00048828
-0.054688
-0.019714
0.061646
0.86359
-0.05835
-0.063904
0.096008
0.072632
0.20392
0.16449
-0.024963
0.60199
-0.012695
-0.043274
0.052551
0.02948
0.019592
-0.026489
-0.066589
0.095581
0.085022
-0.052612
0.6756
-0.061584
0.26611
-0.0011597
0.16241
-0.035828
0.039551
0.023804
-0.0055542
0.052307
-0.07312
-0.021851
-0.046265
-0.018799
0.83063
-0.036194
0.28296
-0.04364
0.21869
0.076599
0.21204
0.0020142
0.41791
0.0045776
0.027832
-0.0049438
-0.039429
-0.010071
0.0020752
0.012207
0.032349
0.453
-0.0040894
0.44885
-0.066345
-0.029846
0.018005
-0.012207
0.43677
0.044006
0.4718
-0.016296
0.17194
-0.083557
-0.054871
-0.027466
-0.0755
0.025146
0.0092163
0.013733
0.061401
0.19141
0.003479
0.94995
-0.0018921
-0.064392
0.32599
0.043213
-0.10919
0.37286
0.058777
-0.027649
0.185
-0.070801
0.044922
0.032715
0.14539
-0.087524
0.63641
0.18134
-0.024902
-0.039795
0.20142
-0.027222
-0.079712
-0.023315
0.14423
0.22119
0.015747
0.64758
0.089294
0.018494
0.0028076
0.010864
6.1035e-05
-0.016357
0.0056763
0.056091
0.25873
-0.033142
0.60358
-0.0033569
0.18134
0.0043945
-0.079224
0.04657
0.029541
0.00061035
-0.030823
0.023499
-0.028442
-0.025391
0.030579
1.0499
0.11707
-0.082031
0.09137
-0.014648
-0.049377
0.10492
0.012024
0.047607
-0.04071
-0.10944
1.3709
0.062378
0.80737
-0.098572
-0.071167
-0.060608
0.099548
0.027405
0.35852
-0.029541
-0.044189
0.0092773
-0.049866
0.033203
0.012146
0.042969
-0.00018311
0.30927
0.033203
0.66412
0.030518
0.13971
0.92981
-0.032532
-0.012512
-0.050537
-0.13062
0.036072
0.18951
-0.066162
0.0026855
-0.014526
-0.045349
0.018921
-0.016052
0.12408
-0.0031128
0.016113
-0.12311
-0.13446
0.20935
0.91565
-0.07959
0.0271
-0.060913
0.072998
-0.057434
0.97321
-0.25342
-0.018677
-0.10162
0.0089111
-0.017273
-0.02002
-0.15747
0.10681
0.086731
0.10168
-0.023254
0.063599
0.97778
-0.020813
0.34814
-0.039185
-0.13812
-0.16046
0.16125
-0.026062
0.22052
-0.13293
0.12183
-0.0087891
-0.023132
0.020996
-0.010315
-0.036987
0.00030518
0.013
0.027161
0.97723
0.054626
-0.025757
0.172
0.099915
-0.024475
0.48767
-0.064575
0.1142
-0.0080566
0.11554
0.20715
-0.068359
-0.13464
-0.012695
0.039185
0.042358
0.044983
0.39185
0.042358
-0.05542
0.17352
0.53802
0.92218
0.024719
-0.034485
0.044373
-0.088562
0.038391
0.090942
0.034729
-0.088135
0.053528
-0.0057983
0.064819
-0.08374
0.045471
0.063232
-0.089905
-0.041016
-0.039795
-0.047424
1.0365
-0.0081787
-0.016602
0.0064087
0.075439
-0.0036011
0.0084839
-0.0065308
0.82324
0.15131
0.0010376
-0.07019
-0.069336
-0.083191
0.9552
0.00048828
0.010315
-0.0065918
0.056274
0.0014038
0.062866
0.62976
0.18591
0.012512
0.076782
0.053955
0.024841
0.1748
0.088257
0.019958
-0.022095
0.36853
-0.077148
-0.01239
0.016052
-0.016907
0.039795
0.11865
-0.012634
-0.0081787
0.054199
-0.087769
-0.026001
-0.13312
-0.064514
0.01178
1.064
0.060181
0.18787
-0.0085449
0.074219
0.003479
0.03656
-0.012634
-0.00030518
-0.029602
-0.080444
-0.037292
0.86981
0.051514
0.091125
-0.16077
-0.08075
0.11493
-0.028015
-0.01825
0.26385
0.12866
-0.17236
0.76917
-0.013
-0.083923
0.064941
0.30286
-0.047424
0.5177
-0.027344
0.16437
0.044739
-0.03186
-0.041504
-0.0050049
-0.032959
-0.00079346
0.76331
0.075195
0.044067
-0.008606
0.054382
0.014587
0.013428
-0.077148
1.2228
0.087585
-0.13452
-0.034363
-0.056946
-0.050171
0.037537
-0.028687
0.015686
0.01825
0.04425
0.10321
0.064331
-0.011169
0.075623
0.026062
0.018555
-0.0043335
0.90265
0.92316
-0.0062256
-0.051086
-0.12195
-0.0078125
0.020264
0.23639
-0.033203
-0.052124
-0.022583
-0.0043335
-0.040039
0.71802
-0.047668
0.20215
-0.01593
0.3255
0.070801
0.028137
-0.041382
0.012817
-0.054688
0.042542
0.035828
0.0038452
-0.077209
-0.0070801
-0.0061646
0.072693
0.88501
0.00091553
1.0155
-0.040649
-0.072632
0.012207
0.034424
-0.022949
-0.0076294
0.0023804
-0.049988
0.053406
0.30109
-0.029358
0.41504
-0.046692
0.1275
0.0041504
0.070557
0.23376
0.051819
0.19226
-0.006897
0.15057
0.057007
0.23096
-0.023254
0.4408
0.011719
-0.00079346
-0.037048
0.39447
0.0065308
0.059631
0.16858
0.40723
0.13971
0.26868
0.0074463
-0.0049438
0.050598
0.077087
0.08313
-0.13867
0.36621
0.41949
0.074524
0.15698
-0.036255
0.10107
-0.038635
0.2063
0.079041
-0.039063
0.13544
0.19745
-0.028809
0.060059
-0.00085449
0.28296
-0.052307
-0.0090332
-0.094666
0.16394
0.10352
0.33228
0.026672
0.44519
-0.016663
0.15356
-0.0578
0.096619
0.0014038
0.71466
-0.0097656
0.026123
0.024109
0.23907
-0.010803
0.065552
-0.013489
-0.042664
0.074219
-0.15613
0.37744
0.43683
0.041931
0.17316
-0.072998
0.047546
0.050842
-0.12079
0.071411
0.13055
-0.12537
0.024353
0.25281
0.033325
-0.11493
0.96832
0.011292
0.035645
0.052246
0.063049
-0.066895
0.33179
-0.033447
0.47021
-0.01532
0.031372
0.085449
0.043518
-0.012207
0.28729
0.14301
0.22852
0.016907
0.33673
0.0048828
0.071472
0.061096
-0.012817
0.014282
0.038513
0.066467
0.017761
0.097839
-0.085999
0.064514
-0.038879
0.86664
0.0625
0.05426
-0.062622
0.080872
0.0040283
0.69751
0.015564
0.34393
0.062256
0.088867
0.48358
-0.0097656
-0.044556
0.19965
0.12921
-0.020752
0.24011
0.072205
0.029541
-0.013184
0.020813
1.1998
-0.0578
-0.1814
-0.026001
0.020874
0.027344
-0.025208
-0.017395
0.031067
-0.020325
0.019043
0.02771
0.0083618
-0.028503
0.33875
0.059937
-0.1333
0.61353
-0.016296
0.04364
0.023499
0.2179
0.022095
0.23517
-0.020142
0.28436
0.0044556
0.035889
-0.0021362
0.10791
-0.068665
-0.033325
0.11621
0.36096
0.0085449
0.11023
0.061096
0.16162
0.056885
0.16193
0.62408
-0.0038452
0.1427
0.044556
0.016907
0.053406
0.050415
0.024353
0.026062
0.013611
-0.037354
0.19757
0.022156
0.59021
0.015869
0.16327
-0.039978
0.007019
0.027771
0.088562
0.017517
0.2533
-0.036377
0.20691
-0.088379
0.28125
0.11877
0.13342
-0.067444
0.026489
-0.068848
-0.00054932
-0.095581
-0.082703
-0.10443
0.025208
0.03125
-0.05365
1.1671
0.082031
0.25348
0.023376
0.060181
0.40466
-0.052917
0.040527
0.13788
-0.025208
-0.011719
-0.078491
0.038025
-0.049316
0.81274
0.097534
0.085632
0.039063
0.032532
-0.065735
0.095398
0.0064087
0.050476
-0.037109
-0.016968
0.005188
-0.091919
0.074097
0.90186
0.074463
0.0063477
-0.097229
-0.033325
-0.011658
0.12415
-0.013672
-0.048035
-0.092102
0.02301
0.012573
1.0654
0.22125
-0.0050659
0.041992
-0.033936
0.059448
-0.11725
0.19434
0.20062
0.39941
-0.13702
-0.046814
0.0271
-0.094788
1.118
0.0010986
0.010925
-0.0026855
0.016296
0.031006
-0.0046997
-0.030762
-0.05188
-0.042664
-0.030396
0.0050659
0.69623
0.031555
0.29303
0.1817
-0.030151
-0.071289
0.059998
-0.12592
0.11017
0.34271
0.18756
0.23016
-0.14893
0.35046
-0.086792
0.012756
0.036194
-0.071594
0.19525
0.066956
0.62775
-0.089905
0.2959
-0.0025024
0.0029907
-0.020935
0.022583
0.0074463
0.096375
0.018188
-0.040222
-0.11517
0.015564
0.065857
1.0176
0.086609
-0.0849
0.13013
-0.079163
0.049133
0.01355
0.18488
-0.064941
0.19989
0.1026
-0.10754
0.018982
-0.15466
0.064514
0.046631
0.78088
-0.10748
0.35571
0.13281
-0.11267
0.052673
0.0029907
0.068237
0.84119
0.24811
0.053345
-0.067871
-0.028015
-0.16272
-0.016357
1.0126
0.072083
-0.014954
-0.028687
-0.14038
0.085083
-0.042664
-0.012756
-0.021484
0.018616
0.075439
0.56689
0.12292
0.11829
0.077942
0.11768
0.0063477
0.020569
-0.073608
0.012451
-0.013611
0.031189
0.64423
-0.037231
0.27118
0.011536
0.24048
0.070801
-0.050964
-0.058716
-0.029602
-0.0073242
0.21326
-0.11481
0.69043
0.03772
0.21265
-0.022949
0.0012817
-0.0024414
0.026123
0.039124
0.15588
-0.076782
0.36707
0.040161
0.36639
-0.022705
0.071045
0.031799
-0.074829
0.89478
-0.077209
-0.012451
0.064453
0.076294
-0.019531
-0.0093994
-0.015869
0.027405
-0.0093994
6.1035e-05
-0.019775
-0.015686
0.030029
0.20825
0.022949
0.039307
-0.070068
0.94031
-0.15839
-0.053528
0.043335
-0.0672
0.84283
0.13257
0.19452
-0.060486
0.011719
0.00079346
-0.076965
0.02063
-0.164
0.36627
0.51239
0.059631
0.20154
-0.020874
-0.0084229
0.041138
0.50861
0.042725
-0.098145
0.30316
0.0057373
0.016663
0.20984
-0.021606
-0.038879
0.018555
-0.019714
0.029541
0.061035
-0.10504
-0.038452
0.70825
-0.05481
0.082275
0.1499
0.11755
0.073547
-0.015015
0.044189
0.012573
-0.015869
0.3764
0.021729
0.21228
0.010254
0.25165
-0.067566
0.026978
0.098633
0.12067
0.55872
-0.013367
0.22638
-0.0046387
-0.054321
0.00012207
0.18378
0.0010986
0.073364
0.28131
0.17169
-0.033936
0.19769
0.012268
0.094849
-0.0046997
0.033752
-0.015686
0.59686
-0.0076294
0.042419
-0.011963
0.28851
0.006958
0.045044
-0.0061646
0.7583
0.0026855
-0.019592
0.066956
0.06366
0.10168
0.10211
-0.062317
0.021545
-0.013184
0.0578
0.36151
0.19867
-0.020508
0.22351
-0.0050049
0.063538
0.031189
-0.024902
-0.059143
0.005188
0.15265
-0.13995
0.11884
0.61548
-0.02417
0.13092
0.034973
0.0081787
0.052002
0.017761
0.0097656
0.0022583
0.011047
-0.021729
-0.075745
-0.061707
0.12811
0.021973
0.90759
0.053345
-0.01416
-0.024109
0.0046997
0.049011
-0.075684
0.042358
0.27478
0.076843
0.7157
-0.060425
-0.03656
0.075562
0.017822
0.0019531
0.04187
-0.018616
0.86823
-0.026245
0.00024414
0.68555
0.060608
0.064758
0.024902
-0.055054
0.017578
0.16119
0.023804
0.0013428
-0.018005
-0.031799
1.1163
-0.0028076
-0.092285
-0.0048218
-0.029968
-0.026978
-0.012146
0.032837
-0.024109
0.014038
0.010071
0.59167
0.010559
0.13348
0.016296
0.25732
0.01123
-0.033142
0.00030518
0.17377
0.10229
0.10632
-0.10052
0.088928
0.12988
0.17828
0.10095
0.22028
-0.052612
1.1426
0.013489
-0.016479
-0.038757
-0.22137
0.0057373
0.038147
-0.045593
-0.026917
0.010742
-0.07019
-0.0075073
0.20654
0.050903
0.50885
-0.039978
0.23578
-0.054077
-0.013916
-0.018982
0.10944
0.011597
0.29395
-0.079651
0.40271
0.010071
0.31787
0.087463
0.045166
-0.10022
0.065002
0.077271
0.41553
-0.021545
0.091919
0.15485
0.26685
0.0012817
0.037964
-0.076294
-0.092896
0.042786
-0.091797
-0.012573
0.15765
1.1311
0.096191
-0.01062
0.13336
-0.098328
0.074097
0.00177
-0.071533
-0.0077515
-0.035706
0.15497
-0.025391
0.017334
0.06134
0.83875
0.0062866
-0.029602
0.25677
-0.057617
0.70343
0.012939
0.22595
-0.032166
0.023315
-0.077393
0.055359
0.017395
-0.057068
0.077881
-0.08606
0.096497
-0.072266
-0.16888
0.94415
0.092957
0.077576
0.15204
0.22382
0.23145
0.29407
0.011414
0.27185
-0.0090942
-0.12811
-0.013
-0.020996
-0.0012817
0.20624
-0.027405
0.41919
-0.047119
0.43091
-0.042908
0.11951
0.0085449
-0.013855
0.87683
-0.003479
0.061951
0.017273
-0.016174
0.008606
0.011292
-0.045715
-0.0401
-0.0060425
0.033081
0.011719
-0.04425
-0.047119
0.77533
0.10077
0.18768
0.030029
0.013123
0.22198
-0.17444
0.046387
-0.055603
0.054016
0.064209
0.050171
0.023315
-0.11932
0.80859
-0.052124
0.016174
0.56079
-0.088501
0.17566
0.015991
0.14545
0.041687
0.033081
0.1167
0.091064
0.87793
-0.013
0.080994
0.055603
-0.026306
-0.023926
-0.045471
-0.027649
0.04303
0.10864
0.055298
0.16632
-0.03363
0.15387
-0.053955
0.13605
0.11151
0.49432
-0.044922
0.025574
0.031372
-0.013611
0.052979
0.036377
0.050659
0.010864
0.20911
-0.028076
0.90961
-0.053833
0.071777
0.14716
1.2084
-0.14099
-0.04834
-0.21674
-0.032593
-0.10004
0.033569
0.019897
0.86017
-0.0042725
0.12451
0.025146
-0.062317
0.0098267
-0.00177
-0.027283
-0.039368
-0
0.046814
-0.0097656
0.024658
0.0091553
-0.006897
0.018188
1.0534
-0.013
-0.012817
0.01416
0.95276
-0.040955
0.033386
0.077881
-0.02771
0.0068359
-0.074951
-0.10828
0.03656
0.11755
0.48328
0.019592
0.34387
0.014465
0.030457
-0.046326
-0.014709
0.034485
-0.00018311
-0.049377
0.60028
-0.061951
0.13251
-0.0043945
0.09613
-0.11371
0.13324
0.062805
0.062073
0.089417
0.040955
-0.057434
-0.1756
0.11194
0.086243
-0.047852
0.15045
-0.064209
0.74261
0.041077
0.9223
-0.068481
-0.037781
0.082092
0.055115
-0.036987
0.016357
-0.071655
-0.010498
-0.0050049
-0.10449
0.11127
0.84796
0.10358
-0.0016479
0.16974
-0.072327
0.030457
-0.073608
0.0092773
-0.0012817
0.031067
-0.015808
-0.027161
-0.011597
0.051758
0.037659
0.15692
0.011353
-0.035645
-0.071106
0.13153
-0.18304
0.028625
0.18127
0.15619
-0.16571
0.0056152
1.2713
0.0041504
0.0088501
-0.013672
-6.1035e-05
-0.012451
0.31335
-0.021606
0.063782
-0.073792
0.70288
0.11377
0.54608
-0.090088
-0.053101
0.40192
-0.059631
0.17163
0.00030518
0.056885
-0.0083618
0.054138
-0.035583
-0.034485
-0.0043945
0.03833
0.16827
0.050598
-0.059326
-0.044556
1.0997
0.03302
0.011597
0.18195
0.014404
0.29901
0.025574
0.4776
0.026367
0.068115
-0.019531
0.76422
0.03894
-0.016357
-0.05365
0.036804
0.058167
0.08313
0.032593
-0.045105
0.033325
0.035339
-0.064209
-0.012085
0.093628
-0.0036011
0.76782
0.091003
0.16974
0.056091
-0.14471
0.10236
-0.0098877
-0.11957
-0.022339
0.028137
0.082092
-0.055664
-0.018616
0.91302
-0.022949
-0.044922
0.015686
-0.093079
0.15814
-0.019165
0.73785
-0.14813
-0.029907
-0.05249
-0.030884
-0.20056
-0.16022
-0.018555
0.26447
0.031067
0.32275
-0.055542
0.30243
0.17719
0.23413
-0.03125
0.0026855
0.064209
-0.047241
0.00030518
0.27313
-0.0026855
0.13953
0.14014
0.52087
0.10938
0.044373
0.013306
0.84644
0.055908
-0.0036011
-0.020691
-0.018555
0.020447
-0.064819
-0.031555
0.042847
0.028381
-0.060425
0.10962
-0.019287
0.054626
-0.053284
0.97412
-0.050903
0.079346
-0.030396
0.01062
-0.024048
-0.013245
0.16473
0.088196
-0.058472
0.0063477
0.56622
0.13544
0.13391
-0.00024414
0.24518
0.26996
-0.031311
0.097229
0.097107
0.15155
-0.057007
-0.073486
-0.017517
-0.013672
0.060181
0.012329
0.015625
-0.0015259
0.9632
0.05304
-0.094971
0.017456
-0.032837
0.072571
-0.0059204
0.010925
0.22559
0.13483
0.048279
0.48792
-0.013733
-0.049194
0.098145
0.60144
-0.13202
0.22937
0.013733
0.23334
-0.0064697
0.08905
-0.0060425
-0.030151
-0.035461
-0.023315
0.059753
-0.053101
0.051331
-0.012695
0.18256
0.023865
0.58649
0.0074463
0.01886
0.86688
0.066284
0.09613
-0.012024
0.10541
0.0092163
-0.12347
-0.082886
0.85101
-0.021973
0.0068359
-0.036255
-0.042603
0.018311
0.26031
0.080872
-0.056763
-0.022888
0.081421
0.73401
0.040222
0.13074
0.028198
-0.0053101
-0.0096436
0.031433
-0.022217
0.053467
-0.12714
0.010986
0.073853
-0.1535
0.024536
0.50635
0.13373
0.12445
0.10852
0.23547
1.0037
0.052185
-0.019653
0.01416
-0.12512
0.01001
0.035889
0.064087
-0.044067
-0.074524
0.014343
0.013489
-0.065247
0.070129
0.0095825
0.052979
0.049072
1.0306
-0.010071
-0.044067
0.11493
0.0061646
-0.00054932
0.22546
-0.012573
0.17621
0.091736
0.24518
0.3476
0.018555
0.53467
-0.030823
-0.086975
0.031799
0.14862
-0.0012207
0.32074
-0.034729
0.04834
0.039551
0.59204
0.083008
-0.012939
0.22736
-0.049194
-0.0014038
0.057922
0.032593
-0.027405
0.021973
-0.010071
0.019226
-0.08197
0.067993
-0.012146
0.076416
-0.003418
0.15692
0.010193
0.58929
-0.056213
1.0125
-0.038269
0.07074
0.003418
-0.021912
-0.011353
-0.034668
-0.030029
0.016296
-0.042358
1.2097
0.029724
-0.044678
-0.0037231
0.0022583
-0.048157
-0.049011
0.017639
0.022827
0.049255
0.13403
-0.070129
0.016357
0.066223
0.079041
0.035217
-0.0042114
0.95062
-0.0029907
-0.038879
0.10547
0.28015
-0.046753
0.34589
-0.035706
0.24091
0.052551
-0.016541
0.0085449
0.066772
0.038879
0.038635
0.043518
0.0050049
-0.052795
0.013245
-0.10126
0.80066
0.0010986
0.019958
-0.028076
-0.042542
-0.0081177
0.045898
-0.00097656
0.0224
0.11774
0.10992
0.77448
-0.04187
-0.019104
0.37976
0.02655
0.36603
0.048767
0.24249
0.018127
-0.015198
-0.06488
0.91711
0.070801
-0.0896
0.014465
-0.092712
0.016235
0.10004
0.05896
-0.096497
0.010559
-0.034912
-0.013733
-0.015869
0.021973
-0.024231
0.13513
-0.050781
0.6062
0.16718
-0.010376
0.20795
0.024231
0.44122
0.011841
0.039368
-0.072449
0.27087
0.03894
0.068665
-0.023865
0.35522
0.066162
-0.10907
0.50092
-0.097839
-0.086548
0.085144
-0.032166
0.10382
-0.010925
1.0046
0.058228
-0.11536
-0.1026
-0.088074
0.087646
0.02356
0.015503
-0.12958
0.038635
-0.056641
-0.022522
-0.08252
-0.029114
0.069702
1.0069
-0.020752
0.047546
0.0054321
-0.023499
0.00097656
0.88483
-0.074646
0.1131
0.051208
0.14563
-0.11859
-0.0448
0.048828
0.02533
0.2215
-0.038086
0.44592
0.069519
0.054626
0.038696
0.30688
0.031982
-0.059143
0.029663
-0.08252
0.034241
0.047302
0.067932
0.2005
-0.018555
0.20325
-0.1015
0.69415
-0.032227
-0.14777
0.11554
0.63782
0.017456
0.22211
-0.034546
0.0072021
-0.082214
-0.049072
0.025635
0.22589
0.00067139
-0.011902
0.40765
0.019409
-0.012573
0.068604
0.044739
0.21045
-0.016357
-0.013245
-0.0025024
-0.016785
-0.017944
-0.0036621
-0.1012
0.069641
0.56097
0.04126
0.41791
-0.0010376
0.018616
0.20953
-0.080933
0.091675
0.24677
0.24664
-0.038025
0.1142
0.12128
0.23444
0.35364
0.1684
0.50629
0.15399
-0.10492
-0.059143
0.0054321
-0.099182
0.033264
-0.006897
0.080688
-0.092407
0.029846
0.079773
-0.010254
-0.03833
-0.069824
-0.13354
1.0828
-0.015381
-0.003418
0.042786
0.067017
0.0038452
0.13239
-0.013672
0.99115
0.01709
-0.10645
0.11011
0.1059
0.17566
-0.020203
0.14069
0.40936
0.24738
-0.035828
0.0095215
-0.069458
-0.03302
1.1248
-0.066833
-0.10028
0.056396
0.096008
0.039124
-0.03186
-0.0065308
0.005249
-0.04834
0.014221
-0.015259
0.90894
-0.045776
0.0065308
0.011475
-0.050171
0.11426
0.079834
0.016541
-0.024658
0.0037231
-0.0090942
0.043762
-0.012817
-0.021362
0.51874
-0.051147
0.46967
0.071472
0.046997
0.50397
0.058044
0.17535
0.057007
0.40509
0.088501
-0.0054321
-0.059448
-0.027527
-0.074402
0.091553
0.022949
0.79181
0.040833
0.2276
-0.047791
0.069153
0.015259
0.96149
0.03717
0.048767
0.030212
-0.015259
0.0010376
0.112
0.041565
-0.060364
0.0061035
-0.091492
0.067566
-0.084351
0.78009
0.12091
0.0047607
-0.00354
0.10022
-0.052429
-0.018433
-0.080139
0.0062866
-0.058105
-0.01123
-0.018982
-0.024353
-0.02124
1.017
0.024475
-0.080139
-0.097534
-0.015503
-0.064026
0.0091553
-0.025513
0.34058
-0.041931
0.51904
0.045471
0.16992
0.027893
0.74451
0.015564
0.20386
0.026123
0.016174
-0.088257
0.014648
-0.033386
0.0093384
-0.064697
1.1096
0.0021362
-0.12988
-0.014587
0.014709
-0.026489
0.013977
0.0078125
-0.010132
0.097351
-0.038452
-0.0037231
0.092346
-0.085388
0.1239
0.0029297
0.085144
0.067261
0.49768
0.021667
0.065857
-0.018494
0.030273
-0.077332
1.2108
-0.12866
-0.31714
0.029724
0.31592
0.24713
0.12299
-0.028381
0.43695
-0.029358
0.082336
0.018738
0.10339
0.2077
-0.034607
-0.095154
-0.076477
-0.05304
0.036621
-0.0095215
0.83838
0.055664
0.24536
-0.08429
-0.070313
-0.10828
0.014954
0.28418
-0.0095825
0.64502
0.072754
0.17072
0.012024
0.05304
-0.029907
0.20477
-0.032288
0.058777
0.18701
0.14813
0.091431
0.43616
0.022827
0.06781
-0.057434
0.030884
-0.018616
0.071594
0.0054321
0.42578
-0.034119
0.45099
-0.00030518
0.095886
-0.022217
-0.07428
1.0888
0.019531
-0.070313
0.014282
-0.01239
-0.0021973
0.014893
-0.026428
-0.026306
0.018311
0.0053711
-0.0053101
-0.039124
0.00177
0.54205
0.064453
0.0092163
0.10571
0.18414
-0.0013428
0.01123
0.73706
-0.017151
0.26947
0.021484
0.099487
0.023315
-0.096252
-0.080688
0.0030518
0.58496
0.026001
0.38898
0.087524
0.0056763
-0.017456
0.07489
-0.029175
0.008667
0.28607
-0.02655
-0.04248
0.23322
0.20654
0.0057373
0.22888
0.017029
-0.021606
0.010437
0.063721
0.070313
0.54779
-0.07489
0.051697
0.16541
0.28448
-0.055969
0.12421
0.073608
0.017517
-0.016357
-0.16205
0.067322
0.024536
0.88812
0.096008
0.10327
0.061279
-0.0023804
0.00048828
-0.0046387
-0.039673
-0.052368
0.006897
0.062683
0.012878
0.21344
0.067749
0.64539
-0.0011597
0.0092163
-0.0012817
-0.025024
0.048523
0.053467
-0.017212
0.13513
-0.061035
0.84882
-0.085754
0.079224
0.32025
-0.17407
0.35406
0.07251
0.3598
0.02533
0.047363
-0.04834
0.12366
0.021118
0.14478
0.17456
0.13513
-0.076355
0.094177
0.085083
0.22327
-0.0271
-0.016907
-0.059082
0.24103
0.024109
0.68121
0.039368
0.28784
-0.056458
0.11829
-0.022644
-0.071045
0.88873
-0.022705
0.23999
0.079285
-0.071411
0.060242
0.072632
-0.12762
-0.052185
-0.029297
0.03241
0.011658
0.060974
0.063354
-0.074951
0.045898
1.1475
-0.070129
-0.10663
0.0097046
-0.025757
0.090332
0.033875
0.0082397
0.35168
0.059875
0.027283
0.083557
0.38049
0.84827
0.050049
-0.018799
0.064331
-0.067993
0.027893
0.1496
0.062988
-0.04425
-0.034851
-0.080627
0.049744
0.022949
-0.0073853
-0.0029297
0.3847
-0.011353
0.6853
0.063599
-0.075989
-0.028015
-0.023621
-0.065857
-0.094055
0.10077
-0.091431
-0.030029
1.2189
-0.015564
0.065674
0.03595
0.058044
0.080139
0.60748
0.079956
-0.014343
0.064392
0.063416
0.0028687
0.021057
-0.1134
0.10229
0.037842
1.0012
0.013977
0.023071
-0.050049
-0.0084229
-0.013306
-0.025696
0.17505
-0.13654
-0.021118
0.65796
-0.25
0.20966
0.22394
-0.20697
0.54913
0.029663
0.066284
-0.056702
0.20367
-0.16235
0.39447
0.092529
0.4043
0.05127
0.041687
-0.016541
