-0.020264
0.061584
-0.033447
-0.0061035
0.059509
-0.035095
0.032898
0.52966
-0.049133
0.55627
0.65533
-0.07196
0.1095
0.19092
-0.028564
0.08905
0.20819
0.13385
0.06311
0.049744
0.021423
-0.033813
0.50433
-0.046204
0.0073853
-0.052429
0.088318
0.03125
0.12183
0.14288
0.082092
-0.19727
-0.19623
0.28644
-0.044983
0.0061035
0.17322
0.23505
0.79523
0.061707
0.14362
0.12122
0.011597
0.14709
0.19629
0.052673
0.28668
0.032349
0.077332
-0.027405
0.019592
-0.027466
0.095581
-0.047791
0.01947
0.28632
0.0090942
0.26166
0.48224
0.030334
-0.021118
-0.044128
0.077209
0.046387
0.61328
0.027832
0.22809
-0.14288
0.029785
0.072083
-0.00042725
0.0081787
-0.0045166
0.057861
0.061829
-0.12561
0.072327
0.001709
-0.040344
0.89209
0.013062
0.060181
0.17529
-0.047607
0.69501
0.04718
-0.14038
0.034241
0.018738
0.014954
0.03595
-0.047058
0.021118
-0.073425
0.053894
-0.06604
0.0049438
0.52881
0.11945
0.23358
-0.015564
-0.092896
-0.022888
0.045715
0.0099487
0.31635
-0.025208
0.55255
-0.020752
-0.046936
-0.003479
0.12408
-0.10144
0.48169
0.18091
-0.034973
0.075073
-0.021484
0.047668
-0.037842
0.07843
0.071411
-0.062378
0.4082
0.46912
0.074341
0.077576
0.013123
0.045166
0.011292
0.16559
-0.060791
0.25348
-0.030212
0.099609
0.023743
0.27246
0.03241
0.11023
-0.0057373
-0.040161
0.068054
0.22772
-0.020264
0.45129
-0.042969
0.33282
0.019653
-0.019348
-0.017334
0.061523
-0.071472
-0.054443
0.10138
-0.057068
1.0984
0.059937
-0.17273
0.097351
-0.097107
-0.032715
0.034607
-0.045532
-0.016113
0.0073242
0.034546
-0.020935
1.0301
-0.037903
0.0028687
0.075378
0.067139
-0.047668
0.77496
0.041321
0.0065918
0.039001
0.037109
0.015198
-0.017334
-0.065796
0.02356
-0.018188
0.02594
0.061462
0.30243
-0.039368
0.81
0.046936
-0.12122
0.032898
0.060486
0.050293
-0.059204
0.41968
-0.010132
0.38922
0.028137
0.10352
0.0084839
0.075134
-0.042236
0.33466
-0.033264
0.23553
0.12897
0.46429
0.012512
0.075989
-0.023499
0.7121
-0.080261
0.02179
0.11084
0.048645
-0.031738
0.25201
0.039001
-0.089844
0.064575
-0.020203
0.05011
-0.1391
0.040894
0.054443
-0.034363
-0.061584
-0.13147
-0.0067749
1.0581
0.34454
0.12518
0.11359
0.46667
0.0078125
-0.065674
0.16705
0.028748
-0.030579
0.014587
0.55609
-0.065918
-0.093262
-0.068542
-0.12195
0.026123
0.16937
-0.043091
0.028076
-0.020874
-0.051147
0.12781
0.047058
0.016052
0.054199
0.68518
0.21704
0.071899
0.071106
-0.092468
-0.09198
-0.016663
0.24408
-0.015259
0.53589
-0.010742
0.21777
0.016174
0.018799
-0.036316
0.020691
0.89264
0.031677
0.04834
0.027771
-0.029358
-0.039307
0.0083618
-0.022095
0.049194
0.048523
-0.0050049
0.86029
0.1424
-0.018433
-0.036438
0.112
0.043091
-0.11127
-0.060608
0.011108
0.99243
0.02124
-0.026184
0.042297
-0.031799
-0.040833
0.049927
-0.019836
0.087463
0.08075
-0.0079956
-0.024902
-0.019043
0.07019
0.069214
0.084473
0.022705
0.97766
0.00067139
-0.010132
0.78387
-0.069458
0.14545
-0.0024414
0.0061646
-0.010498
0.076233
0.0085449
-0.014343
-0.058044
0.035645
0.0018921
0.029785
0.026733
0.082458
-0.015686
-0.034241
0.057129
0.90991
-0.01593
0.024475
0.052734
0.080811
0.5116
0.02124
-0.0068359
-0.023254
0.033875
-0.0099487
-0.11023
0.096252
0.058105
-0.11066
0.090637
0.27881
0.062012
-0.070374
1.0433
0.01886
0.00030518
-0.027832
0.021118
0.053894
-0.011353
0.13025
-0.050354
0.087158
-0.012939
0.71423
0.067505
0.033813
-0.0074463
0.032593
0.013184
-0.138
-0.025513
0.11615
0.094177
1.0781
0.0050049
0.27722
0.074646
0.32532
0.091919
0.05835
0.14349
0.10565
0.11066
-0.078308
0.090149
0.21417
-0.068298
0.53577
-0.076599
0.18604
0.035828
-0.043457
0.042542
0.0030518
-0.016235
0.021118
-0.00024414
-0.057312
0.043152
0.18536
0.01416
0.8399
0.13367
0.00048828
0.91675
0.023376
0.057678
0.031311
-0.10016
0.022461
0.046875
-0.013245
0.032349
0.049194
0.83057
-0.028381
-0.037903
-0.0043335
0.010376
-0.02063
0.24945
0.017761
-0.01532
0.055359
0.1106
0.01532
0.22955
-0.045105
0.045593
0.0079346
0.26935
0.077087
0.15308
0.026001
-0.025208
1.03
-0.080566
-0.069031
0.021301
0.021973
0.036194
-0.0081177
-0.024658
0.023499
0.61969
-0.0075073
-0.1889
-0.022278
0.27106
0.09845
0.24823
-0.1059
0.10486
0.026917
0.049561
-0.017822
0.16827
0.25751
0.29608
0.040039
0.37274
0.053711
-0.029663
-0.043335
0.10193
-0.0028687
0.078613
-0.024963
0.33765
0.022278
0.39117
0.027039
0.16913
-0.041199
0.036133
0.06189
0.029968
0.070068
0.66864
0.09259
0.17395
0.054565
-0.099792
-0.0032959
0.10956
-0.010254
0.17761
0.1969
0.32251
0.001709
0.3512
0.0084229
0.048218
-0.040466
0.02356
0.056824
0.86609
-0.0023804
0.088257
0.024353
-0.043945
0.028748
-0.082764
0.021545
0.01886
-0.049133
-0.014221
-0.063843
0.026428
-0.08075
0.016602
0.28485
0.052429
0.76154
0.47949
0.09314
0.013977
0.21002
0.0401
-0.048218
0.2594
-0.045044
-0.020203
0.023071
0.57245
0.015991
-0.035583
0.10632
0.24652
0.0095215
0.3208
0.037781
-0.036621
6.1035e-05
0.33215
0.20972
-0.010986
0.3418
0.096252
-0.02179
0.091431
0.10199
0.053528
0.016907
-0.18176
0.094116
0.16278
0.032471
0.56219
0.00024414
0.42236
-0.021118
0.0090332
-0.057922
0.80054
0.056274
-0.065063
-0.042419
0.071655
0.050781
0.15277
0.0042114
-0.019165
0.00177
0.90564
-0.091248
-0.032776
-0.087708
-0.087097
0.032654
0.11938
-0.049133
-0.03186
-0.018677
-0.018311
0.97723
-0.093323
0.026489
-0.0078125
0.046448
-0.045288
-0.015076
-0.040039
-0.011047
0.13428
-0.045532
0.049744
0.54602
0.20978
0.12964
0.088623
0.072266
-0.033264
-0.029236
-0.014648
-0.099792
-0.055237
-0.099304
-0.16089
0.030334
0.10944
0.13782
0.3775
-0.11127
0.21307
0.12292
0.10144
0.080444
0.15271
0.041931
0.23248
0.10645
0.037964
0.0024414
0.21375
-0.099182
-0.060425
-0.049805
-0.072388
0.48102
0.039978
0.0625
0.095398
0.24109
0.044678
-0.01123
-0.0076904
0.013733
0.016968
0.15741
0.030701
0.58356
-0.028503
0.26721
0.0092163
0.0025635
-0.022095
-0.040161
0.0014038
-0.00067139
-0.019226
0.080933
-0.080017
0.74524
0.097717
0.14746
0.0032349
0.085083
0.48206
-0.024597
0.06897
-0.030701
-0.019653
0.016541
0.12152
-0.055481
0.074402
0.060059
0.34845
-0.0098267
0.37207
-0.028503
0.077332
-0.029053
-0.076233
-0.044189
0.035156
1.1945
-0.08429
-0.011292
0.036255
-0.052307
-0.022339
0.030212
-0.021851
-0.01593
-0.045776
-0.082092
0.0092773
0.44244
0.03772
0.55975
0.22595
-0.057068
0.039551
-0.024658
-0.029419
-0.071228
-0.025574
0.18628
-0.048767
0.10083
0.039978
0.81873
-0.023804
0.92291
-0.062683
0.17346
0.04541
0.066101
-0.043274
-0.01178
-0.038574
0.0010376
-0.047852
-0.025269
0.33588
-0.0092773
0.14526
0.0036011
0.38245
-0.1004
0.32373
-0.036621
-0.055237
-0.0092163
0.0021973
0.0070801
0.0075684
0.13818
0.0019531
0.69366
0.024109
0.091614
0.0023804
0.080261
-0.011841
-0.0042114
-0.011353
0.50586
0.028076
0.5802
0.0057983
-0.1051
-0.060547
-0.06781
-0.023743
-0.060669
0.037903
0.46954
0.017761
0.12604
0.38348
0.089539
0.04718
0.0089111
-0.12085
0.069824
-0.0093994
0.06134
-0.011902
-0.067322
1.1917
0.016113
1.2719
0.16321
-0.096985
-0.045105
-0.13928
0.014465
-0.00177
-0.012817
-0.18323
0.017761
-0.044678
-0.010376
-0.092041
-0.028809
0.00061035
-0.075317
-0.023071
0.094177
-0.034485
1.0557
-0.041687
0.97174
-0.085815
-0.049561
0.014099
0.091492
-0.0025024
-0.019714
0.023743
-0.038879
0.5293
-0.060486
0.20068
-0.0080566
-0.0448
-0.032715
0.24231
-0.03125
0.079102
-0.046631
0.0078125
0.88086
0.003418
0.06488
0.051941
0.02417
0.022156
0.046692
0.023926
0.0029297
-0.15436
0.062439
0.1861
0.1438
0.56903
-0.034302
0.16193
-0.07019
0.10577
-0.094299
-0.060852
0.060791
-0.07373
0.11481
-0.0067749
0.4834
0.0085449
0.20923
0.075623
0.51025
-0.029968
0.88196
0.026367
0.040161
0.018982
0.067322
-0.047546
-0.00048828
-0.0062866
0.045227
0.12555
-0.024597
0.36926
0.050354
0.065247
0.093079
0.34375
-0.030579
0.15692
0.041992
0.12445
-0.061279
-0.090637
-0.14453
-0.089417
0.94843
0.11707
0.087036
0.13611
0.069092
0.39612
-0.096619
0.10413
0.63452
0.037415
0.0062256
0.080505
0.0090332
0.019653
0.059021
0.017944
0.089111
0.045654
0.4187
0.050903
0.088806
-0.04541
0.095764
0.016724
0.021606
0.61719
0.099365
0.021179
0.089783
-0.028992
-0.017029
0.12549
0.090637
-0.071106
-0.046936
-0.092712
0.0012207
0.015442
0.060669
-0.042725
0.082703
-0.010132
0.65009
0.1427
0.1109
-0.053528
1.1007
-0.030762
-0.020386
-0.032227
0.01062
-0.029663
-0.040527
0.022095
0.014526
0.11212
0.039856
0.1485
-0.034424
0.0028076
-0.013672
0.15521
0.043213
0.11108
0.020508
0.021423
0.0015259
0.074524
0.025757
0.068848
-0.038513
0.092529
0.99719
0.005249
-0.039978
0.05127
-0.10052
-0.031006
0.018372
-0.027466
0.22681
0.051697
-0.045898
-0.066406
0.74445
-0.1236
-0.092773
0.049438
0.85944
0.089722
-0.0065918
0.12915
-0.076782
0.037537
-0.096313
0.10236
0.024658
0.077637
-0.024231
0.027405
0.2381
0.080383
0.65765
-0.02002
-0.021484
0.0037842
-0.068542
0.0755
-0.089966
0.60663
0.007019
0.32269
0.0057373
0.0025024
-0.03302
0.016785
0.065002
0.12732
-0.003418
0.45306
-0.042725
0.17004
-0.045959
0.11975
0.083862
0.00085449
-0.061646
0.015442
0.062378
0.4693
0.045105
0.29449
-0.074524
0.048218
0.031799
0.090881
0.029053
0.15576
0.1355
0.13593
0.25983
0.35297
-0.0039673
-0.0095825
-0.063293
-0.03595
0.053406
-0.017883
0.0020752
0.0092773
0.098083
-0.021423
0.68848
-0.040466
0.18823
-0.1394
0.091248
0.33972
0.079529
0.60199
0.015625
0.046509
0.038635
-0.095398
-0.048828
-0.034851
-0.026062
-0.03302
0.019287
0.036316
-0.024231
0.041565
0.95203
0.027649
-0.043396
0.47229
0.039246
-0.10797
0.18793
0.20953
0.041199
0.1969
0.015442
-0.060669
0.0072021
0.029236
0.3905
-0.0020752
0.61456
0.11713
-0.020386
0.0030518
0.055603
-0.065796
-0.010376
0.023743
0.025635
0.053345
0.043152
-0.05011
0.039856
0.02417
0.37402
0.15802
0.42767
0.055786
-0.029724
-0.099915
-0.084045
-0.035583
-0.025818
-0.020447
0.1192
1.0778
0.059021
0.022156
0.073364
0.0038452
0.008606
-0.041016
0.0040283
0.077942
0.2309
0.49884
0.028259
-0.072083
0.011475
-0.01239
-0.032227
0.03595
0.015015
0.014221
1.0418
0.010376
-0.07489
0.95056
0.03241
-0.047791
-0.074951
-0.079468
0.038757
0.08905
0.0037231
-0.086243
-0.023804
0.011047
0.6701
0.034973
0.018433
0.097656
0.069885
0.013794
0.020752
0.040283
0.048584
0.050232
-0.057739
0.41589
0.089661
0.23499
0.051208
0.32068
-0.015137
0.0099487
-0.05072
0.99261
0.019714
-0.068298
0.0046997
-0.15149
0.10327
0.031982
0.056824
-0.038269
0.012817
-0.044434
-0.025574
-0.057129
0.084534
-0.013
0.05658
-0.092651
0.014648
0.061279
0.94672
-0.086243
-0.027832
-0.011414
0.070496
0.081848
0.022644
0.026001
1.0359
-0.072205
-0.09668
-0.019653
0.0026245
-0.028381
-0.055908
0.013611
0.61987
0.075928
0.33038
-0.025696
0.32697
-0.038391
-0.019836
-0.0062256
-0.018921
0.086121
0.20734
0.0083008
0.13318
0.030945
0.7337
-0.084045
1.0075
0.0032349
0.072388
-0.017334
-0.042236
-0.01001
-0.0077515
-0.0010986
-0.028992
0.016724
0.051514
0.48163
-0.029114
0.35651
-0.022644
0.2702
-0.0037842
0.056763
-0.01886
0.95233
-0.015442
0.05658
0.089722
-0.14764
0.0064087
0.066345
0.04895
-0.039429
0.030212
-0.058228
0.076965
-0.18988
0.18353
0.72015
0.090149
0.13953
-0.012085
-0.042908
0.042053
-0.068787
-0.015015
-0.034607
-0.027771
0.0063477
0.19592
-0.015381
0.77234
0.11017
-0.024414
0.0030518
0.015503
0.015747
-0.021606
0.50531
-0.035034
0.35541
-0.017029
0.073364
0.006958
0.10083
0.15387
-0.049988
0.49127
0.062622
0.083374
-0.00079346
0.051758
0.075195
0.00354
0.078979
0.083496
-0.089661
0.36725
0.18091
0.11353
0.28308
0.065491
0.13898
-6.1035e-05
-0.02063
0.95416
-0.04303
-0.025757
0.04248
0.012085
0.017395
0.026184
-0.015259
-0.005127
-0.032837
-0.042297
-0.03833
-0.0079956
-0.030151
0.069824
0.023254
0.55505
-0.023132
0.33398
-0.029358
-0.010864
0.0075684
-0.11346
0.048584
0.62421
0.069275
-0.016785
0.036011
0.18903
-0.029297
-0.0028076
0.013916
0.069214
0.039917
0.39087
-0.067139
0.58337
0.042969
-0.087952
0.16272
-0.045471
0.1308
-0.086548
-0.035217
0.030762
0.16113
0.018066
0.26392
0.019897
0.051392
-0.045288
0.060669
-0.027283
-0.022034
-0.20581
-0.054749
0.25232
-0.037781
0.87585
0.18652
-0.11542
0.21967
0.3222
-0.042847
-0.0012817
0.12195
0.049255
0.10022
-0.12054
0.76538
0.087219
0.088318
0.015015
-0.011047
-0.011536
0.15613
0.070129
-0.0022583
-0.03595
0.15271
0.043579
-0.062988
0.72046
0.085327
0.037292
0.1203
-0.042419
0.077576
0.038757
0.15344
0.68488
-0.019531
-0.06073
0.071472
0.051941
-0.005249
0.10175
0.082336
-0.053833
-0.039612
0.024719
0.25757
0.032227
0.57764
0.048584
0.21887
-0.084106
-0.025146
-0.012512
-0.027649
0.050171
-0.044983
0.027649
-0.020447
0.20026
-0.0028687
0.76947
0.094116
0.0029297
0.034302
0.039185
0.1106
-0.077881
0.022522
0.050659
0.033508
0.027466
-0.10742
0.94562
0.19788
0.073608
0.07135
0.36731
0.017395
-0.01416
0.083496
-0.031616
0.041077
-0.010986
0.092224
-0.056946
0.4552
-0.12274
0.15778
0.24237
0.45636
-0.079834
0.16193
-0.071045
-0.016724
-0.024963
0.0018921
0.001709
-0.0089111
0.13129
0.058838
0.76508
0.11475
0.071655
-0.078613
0.023621
-0.045837
-0.0070801
0.021423
0.15924
-0.13495
-0.14569
1.2931
-6.1035e-05
0.066833
-0.11511
0.33197
0.21381
0.34869
-0.035522
0.22125
0.041199
-0.045166
0.062988
0.0031738
0.0038452
-0.036987
-0.0059204
-0.081909
-0.022217
-0.065125
0.45972
0.21161
0.16296
-0.036682
0.095886
0.30261
0.044861
0.40527
0.0059814
0.19397
-0.025085
0.034668
0.039612
0.66327
0.032471
-0.094543
-0.033447
-0.015869
-0.038513
0.25336
-0.0088501
-0.0097046
0.013
0.099121
-0.11627
-0.025085
-0.065002
-0.008667
-0.032593
-0.050354
0.044739
0.81226
-0.013611
0.14252
0.18298
-0.09729
0.43542
0.080139
-0.018982
0.22552
0.034241
0.065186
0.045959
0.87366
0.037598
0.087524
-0.027283
-0.063477
-0.036499
0.20148
0.021606
-0.14172
-0.038391
-0.034363
1.0653
-0.038757
-0.014099
0.12482
0.042053
0.003418
-0.10486
0.0066528
0.10071
-0.0401
0.064148
-0.032898
-0.02832
0.025513
0.00091553
0.047913
1.0317
0.047546
0.012268
0.045715
-0.071777
0.031006
-0.036621
0.088623
0.11066
0.059998
-0.020813
0.029846
0.94263
0.090515
-0.016846
0.30865
-0.023499
0.044128
0.0014038
0.32294
0.041382
0.17297
0.026428
-0.014832
-0.019958
-0.054688
0.04541
0.0084229
-0.13751
-0.050293
-0.0042114
-0.015686
1.1779
0.040161
1.02
-0.082336
-0.085999
0.06012
-0.0055542
0.078796
-0.068115
0.01178
-0.0013428
-0.059265
-0.010254
0.13989
0.040771
0.41559
-0.048401
0.36511
0.026245
0.13171
-0.062134
-0.036255
-0.069092
0.28088
0.095764
0.35925
-0.013672
0.33325
-0.015869
-0.071838
0.023743
0.02417
-0.069397
0.06012
0.037109
0.084229
0.25903
-0.082092
0.62927
-0.10406
0.026794
-0.040833
0.88116
-0.0049438
-0.0048218
0.049805
-0.032959
0.067139
0.059875
-0.02179
-0.010742
1.1348
0.059204
-0.035461
-0.038452
-0.18945
0.011047
0.03949
0.046265
-0.00079346
-0.066895
0.016541
-0.035034
0.07428
0.065247
0.43585
0.0018921
0.36731
-0.076782
0.033875
-0.016235
0.26563
0.22961
-0.032227
0.74585
-0.028625
0.0076904
-0.072998
-0.0082397
-0.049561
-0.040283
-0.055603
0.043457
0.091736
0.067261
-0.060059
0.0075073
-0.050049
0.23297
0.076965
0.4082
0.054443
-0.0084839
0.27466
0.10059
0.060791
0.032593
0.14233
0.024963
0.056824
0.05426
-0.015381
1.1292
-0.082825
-0.19708
0.037231
0.073242
0.034729
-0.044861
-0.010132
0.032349
0.06488
-0.073242
-0.10864
-0.0080566
-0.015015
0.14526
0.046143
0.054321
0.42657
-0.13849
0.00061035
-0.05304
0.25922
-0.0050659
0.45142
0.015991
0.19922
-0.0085449
0.040405
-0.049988
0.041443
0.0039063
-0.032166
0.0224
0.003418
0.77917
0.037231
0.093445
0.038269
0.055908
-0.026062
0.041931
-0.0059814
0.018616
-0.02478
0.17688
-0.053772
0.48816
-0.091187
0.41223
-0.044739
0.054199
-0.017822
0.011475
0.071472
0.62506
0.027954
0.25671
0.039978
-0.055176
-0.0040894
0.0063477
0.059631
0.052795
-0.086182
0.076965
-0.018982
0.039673
0.55475
-0.039978
0.0018921
1.1252
-0.089844
-0.040588
0.022949
0.098816
-0.025452
-0.0401
-0.0012817
-0.023804
1.0398
-0.058044
0.047241
-0.0027466
-0.1178
0.033264
0.10474
-0.02594
-0.011292
0.016602
0.05896
0.019775
0.047241
0.022156
0.05365
0.021973
0.00085449
-0.25342
-0.025757
1.2278
0.32373
0.045349
0.20764
0.05542
-0.069763
0.00042725
0.12018
0.032349
-0.077698
-0.017334
0.20544
0.20099
0.088257
0.28656
0.18927
-0.047974
0.054016
0.068604
-0.059753
-0.011902
-0.070007
0.061707
0.26111
-0.046143
0.21967
0.045959
0.29834
-0.026794
0.30029
0.05603
0.057251
0.67059
-0.018555
0.21729
0.12366
-0.005249
0.011963
0.052429
-0.037292
0.020386
-0.2149
1.0671
-0.10431
0.078918
0.14868
-0.093018
0.10822
-0.061157
0.016052
0.09137
-0.045715
0.018005
0.099487
-0.015381
0.63531
0.032959
0.14813
0.020142
-0.065613
0.018921
-0.049805
-0.022461
-0.0022583
0.022827
0.066833
-0.024536
-0.05719
1.1468
-0.015686
-0.043457
0.28802
-0.052734
-0.13171
0.6311
0.036072
0.099609
0.08136
-0.065186
-0.00024414
0.033936
0.86871
-0.047607
-0.075745
0.08374
-0.16425
0.075867
0.067078
0.16425
-0.015259
-0.017639
0.0084839
-0.02124
-0.012146
0.068787
0.028687
-0.27203
0.036194
1.264
-0.029968
-0.065796
0.0060425
-0.02002
-0.10016
0.038086
0.0044556
0.35901
-0.033203
-0.098694
-0.054688
0.75739
0.00012207
-0.048645
0.034302
-0.064636
-0.015564
0.022827
0.095459
0.048279
0.18787
-0.012939
0.050659
0.031982
-0.13544
0.13062
-0.035461
0.26563
-0.013611
0.26086
0.063477
0.7168
0.05835
0.012939
0.095642
-0.10266
0.034729
0.80444
0.071899
0.11188
-0.076599
-0.02179
0.064453
0.04718
-0.020813
0.078735
0.62012
0.011536
0.045471
0.036499
0.053589
-0.0024414
0.75867
0.010986
0.0062256
0.020325
-0.02533
0.033264
0.1582
0.069641
-0.042358
-0.0054321
0.013672
0.024292
0.083496
0.01062
0.53918
-0.0045776
0.38934
-0.0049438
-0.046082
-0.040833
-0.10083
0.069336
0.023376
-0.029785
0.12506
0.42999
-0.11292
0.72443
0.016296
-0.0073853
-0.044556
-0.0025024
0.52808
0.094788
0.36407
-0.092102
0.17566
0.0029907
-0.087524
-0.023682
0.16907
0.30658
-0.076355
0.53235
0.091858
0.050537
-0.034241
-0.012512
-0.085388
0.035278
-0.011597
0.012512
-0.10254
0.018616
-0.053711
0.11908
0.039368
0.047363
0.79498
0.051819
-0.02655
0.19489
0.040466
1.0119
0.072021
-0.0082397
-0.027649
-0.062378
-0.095459
0.012451
-0.034241
0.059326
-0.065979
-0.17902
0.0849
-0.0012817
0.039795
0.11279
0.91309
0.0059204
0.039734
0.37726
0.017822
0.7149
0.15948
0.020691
-0.0097046
-0.057007
-0.094971
0.047485
-0.030884
1.0742
0.044983
0.0068359
0.027771
-0.042603
-0.048706
-0.010681
-0.01886
0.042542
-0.0088501
0.0028687
0.96149
0.083191
0.04303
-0.034729
-0.05719
0.033997
-0.1355
-0.053406
-0.01825
0.023682
0.14215
0.12677
0.29907
0.0073242
0.2215
0.0077515
0.073486
0.034668
-0.025574
-0.041687
-0.0224
0.078796
-0.011963
-0.017456
-0.040039
-0.067688
0.93085
0.066772
0.041687
0.76404
-0.018372
0.263
0.074707
0.026917
-0.053833
-0.023071
-0.029236
0.051147
0.91333
-0.036499
-0.011108
-0.11432
-0.046082
0.020508
0.27185
0.0036011
-0.023315
-0.00030518
0.014221
0.096436
-0.10992
-0.14288
0.18842
-0.0097656
-0.087402
0.04303
0.92932
0.066895
0.18835
0.43408
0.024536
0.12537
0.15649
-0.032715
0.12384
-0.0060425
0.003418
-0.051636
-0.015076
0.039246
-0.068787
-0.048523
0.011047
0.086792
-0.026917
-0.040161
1.188
0.069946
0.14996
-0.088867
0.1048
0.16046
-0.090515
0.27844
0.068787
0.13586
-0.0062866
0.37506
0.11475
0.091187
-0.09082
0.56329
-0.06897
0.069031
0.014343
0.15924
0.14807
0.020508
0.096497
-0.063965
0.70392
0.013306
0.17548
-0.034546
0.19385
-0.0098267
-0.026428
-0.038757
-0.019897
-0.014587
-0.072998
0.019592
0.045044
0.13049
0.022278
0.23871
0.066345
0.46057
0.52313
0.019104
-0.066223
0.13074
0.11346
-0.062378
0.31531
-0.080139
0.10474
0.047913
0.18951
0.022461
0.31812
0.022278
0.0081787
-0.12384
0.24371
0.023376
0.06781
0.098145
0.016724
-0.037231
-0.0076904
0.05896
0.67126
0.042358
0.2901
0.0057373
-0.079346
0.037292
-0.051086
-0.0072632
-0.055359
-0.013428
0.026733
0.099243
-0.020447
0.046448
-0.060791
0.81854
-0.00018311
-0.047485
-0.021484
-0.10785
0.74213
0.063843
0.32904
-0.043518
-0.024902
-0.014221
0.11987
-0.030457
0.52844
0.021362
0.12878
-0.0033569
0.20807
0.0077515
0.053345
0.0054321
-0.035156
0.13647
-0.1001
0.31903
0.50116
0.027649
0.080505
-0.020874
0.01532
0.032104
-0.049438
0.019287
-0.062561
-0.0012207
0.008667
0.22766
-0.036865
-0.057861
0.029846
0.85864
0.072632
-0.02002
-0.047668
-0.027954
0.0062866
-0.14331
-0.001709
0.14063
0.15039
0.97626
0.41333
-0.0093994
-0.057922
0.12823
0.11816
-0.0049438
0.36798
0.050598
0.038574
0.014343
-0.069641
-0.075195
0.001709
0.16229
0.008728
0.028564
-0.013367
-0.1781
0.024597
1.0418
-0.043213
-0.057251
-0.0042114
0.0097046
-0.012939
0.17926
-0.026489
-0.071228
0.013916
0.70874
0.049683
-0.028442
0.17255
0.095032
0.17169
0.28296
0.45026
-0.083862
0.043335
-0.079712
0.061523
0.052429
0.010132
-0.021484
-0.0065918
0.31476
0.013245
0.71045
0.0060425
-0.042603
-0.084045
-0.13623
-0.073853
1.0302
0.0065308
0.043579
0.040466
-0.0010986
0.022461
0.006958
0.057678
0.0079346
0.20038
0.08136
0.6311
-0.058228
-0.072571
0.01178
-0.10614
0.039673
-0.0354
-0.0089722
-0.11401
0.98035
-0.034607
0.15942
0.054749
0.020874
0.16193
-0.06781
0.16498
0.13965
0.048889
0.63849
0.057617
0.008606
-0.079041
0.037354
-0.048645
0.014099
-0.057129
0.062805
-0.049255
-0.05188
0.059509
0.040771
-0.015564
-0.09259
-0.0039673
0.90894
0.1861
0.067261
0.30408
0.25702
0.072998
0.14691
0.12189
0.013672
0.0065918
-0.065674
-0.05603
-0.0039673
-0.005127
0.03595
0.012939
0.30463
0.016174
0.66321
0.11743
-0.052734
-0.025452
0.078857
-0.0089111
0.010254
-0.049438
0.50708
0.058289
0.51654
0.073486
-0.02002
0.044006
0.02417
0.0046387
0.076172
-0.040894
-0.085022
-0.10791
0.022949
0.77777
0.040833
-0.065002
0.96918
0.047729
0.032532
0.055481
0.0077515
-0.038574
0.042236
0.025574
0.0064697
0.18469
0.61908
-0.011902
0.082275
0.13556
-0.065186
0.12256
0.016113
0.048401
-0.00036621
0.28741
0.39209
0.06842
-0.0026245
0.13403
0.15552
0.16193
0.075623
-0.13531
-0.041687
-0.087402
0.049866
-0.12445
0.12469
0.48346
0.0079956
0.30566
-0.10138
0.24384
-0.050964
0.023438
0.0057983
0.045105
-0.034851
0.011353
0.6875
-0.1192
0.070801
0.031738
0.2616
-0.0177
0.049561
-0.023254
-0.020386
0.050415
-0.21552
0.058289
1.2505
-0.073425
-0.030151
0.051941
-0.039185
0.26489
-0.050049
0.051331
0.10669
0.092773
0.00073242
-0.0019531
0.93219
-0.058838
0.14502
-0.051941
0.097961
0.79993
0.1203
0.045105
0.059326
-0.087585
-0.035889
-0.0064697
-0.0083618
-0.047302
0.021912
-0.020752
-0.11609
0.013672
1.2184
0.12585
-0.032837
0.013245
-0.03833
0.099548
-0.098633
0.53851
0.0448
0.33588
-0.034546
0.13892
0.046082
-0.044861
-0.033142
-0.044861
0.054932
0.041565
0.19299
0.018311
0.88269
0.1424
-0.0037231
0.69513
0.027832
0.0056152
0.053528
-0.0027466
0.0014038
0.18909
-0.040466
-0.0072021
0.005127
0.017639
-0.0064697
0.11267
0.058655
0.32001
-0.014771
0.26941
-0.046631
0.0098877
-0.022095
-0.070679
0.0091553
0.22815
-0.12555
0.26904
0.058655
0.35181
0.023254
0.15002
-0.033081
-0.10229
-0.10535
0.010132
-0.069214
0.052551
0.044495
0.065308
-0.089966
0.011597
0.60864
-0.0088501
0.0089111
-0.026123
0.0099487
0.051514
0.085205
0.104
0.34271
0.090515
0.38086
-0.068604
0.0093384
0.026245
0.038513
0.015503
0.2677
-0.020935
0.758
0.00048828
0.026611
-0.034729
0.054871
-0.0029297
0.010254
0.030396
0.053894
0.0068359
0.93585
0.044189
0.012024
-0.11078
0.026855
0.12952
-0.13538
0.0010986
0.54736
0.0012817
0.42682
-0.026123
-0.073669
0.3028
0.11218
-0.12476
0.29468
0.12775
-0.011597
0.099304
-0.022949
0.038513
-0.0027466
0.056885
0.685
0.054138
0.099609
0.065186
0.048096
-0.019714
0.023254
-0.091125
0.012268
0.0065308
0.090942
0.86591
-0.035706
-0.15765
0.076904
0.21808
-0.10651
-0.041138
-0.0043945
0.14648
-0.064209
-0.11176
0.53491
0.22919
0.095276
0.14709
0.019653
-0.011047
0.039368
-0.11444
-0.012817
0.19952
0.065674
0.42755
0.028259
0.42358
-0.051819
0.0028076
0.062561
-0.018982
-0.01178
0.15051
-0.046997
0.46014
0.036865
0.31134
-0.0045166
0.044983
0.008606
0.05603
0.040527
0.29901
0.016663
0.34485
-0.036499
0.25085
-0.075256
0.022095
-0.020081
0.86334
-0.034546
0.0077515
0.03479
-0.19568
0.029724
-0.0093994
0.046326
-0.11578
-0.061707
0.042358
0.00042725
0.0083618
0.0039673
-0.064819
0.32257
0.022827
0.11279
0.11298
0.51129
-0.069458
-0.015808
0.22699
0.13116
-0.061096
0.25623
0.095276
-0.077271
0.73535
-0.023132
-0.0090942
0.023926
-0.10376
-0.010315
0.052429
0.020752
-0.0096436
0.81641
-0.11829
0.27728
-0.078247
0.042175
0.0083008
-0.041443
0.10254
-0.069092
0.12842
0.063721
0.69977
-0.052307
0.025146
-0.032349
0.46375
0.074829
0.23834
0.020447
0.3111
0.013306
0.05304
-0.021912
0.038025
-0.030212
0.41919
0.017944
0.22327
0.18896
0.36902
-0.039307
-0.0037231
-0.075073
0.096924
-0.086182
0.03949
0.19385
0.018372
-0.066528
0.11102
0.12787
0.80579
0.058105
0.020752
0.061523
-0.060608
-0.017822
0.0043945
0.20697
0.010742
0.56183
-0.088257
0.36438
0.046997
0.043091
-0.047485
-0.008728
0.022766
0.12433
0.0090942
0.47723
-0.042847
0.39203
0.0896
0.89001
-0.046204
-0.076355
0.10455
-0.041931
0.054932
-0.070129
0.019714
0.023254
0.030212
-0.087952
0.1073
0.00030518
0.3324
0.086914
0.55341
0.038574
0.06311
0.013245
-0.020386
0.0083008
0.10931
0.12518
0.025757
0.22589
-0.062256
0.79266
0.031555
-0.046509
0.039795
0.035889
0.02655
-0.063721
-0.029724
0.11639
0.021301
-0.056946
0.0016479
0.86554
0.059509
0.0067139
-0.0045166
-0.081543
-0.00030518
0.023254
-0.023193
0.01123
-0.047729
0.89813
1.0748
0.020081
0.078674
-0.11542
-0.10736
0.045654
0.095154
0.0087891
-0.037598
-0.014587
0.18353
0.75519
-0.014648
-0.02478
0.18549
-0.099792
0.045166
0.01709
-0.0014648
-0.010681
0.070007
0.056641
0.073792
-0.098267
-0.070007
0.51764
0.14227
0.26898
0.27228
0.25665
-0.013855
0.64386
-0.054443
0.24164
0.032104
0.037231
0.0081787
0.036133
-0.03064
0.056641
0.039368
0.77399
-0.031311
0.017639
0.24091
0.032776
0.11768
0.048218
-0.061829
-0.060974
0.055969
0.030212
-0.0091553
0.91003
0.0028076
0.072083
-0.0026855
-0.0062866
-0.042786
0.029053
0.035156
0.059814
0.057068
-0.038635
0.28491
0.082581
0.42657
0.030396
0.059326
0.011108
0.0090942
-0.028564
0.037537
0.021057
-0.026306
0.031189
-0.036194
0.23016
0.048706
0.80035
-0.013123
0.019043
0.018799
0.056519
0.071045
0.28687
0.024658
-0.048218
-0.050598
0.63782
-0.084045
-0.014771
0.1684
-0.064148
0.036682
0.16101
0.11011
0.014832
0.71582
-0.065491
0.19617
0.10455
-0.037537
1.0544
-0.034424
-0.16882
0.039246
-0.078979
-0.25134
0.020874
0.047058
-0.0016479
0.026184
0.18982
0.19574
-0.030029
0.079224
0.068542
0.14276
0.031372
0.0031128
0.041504
-0.025696
0.076172
0.053894
0.0083618
-0.02887
0.040039
0.88336
0.13812
-0.074768
-0.030029
-0.024414
-0.074036
0.05719
0.57227
0.02832
0.55682
0.074646
0.075989
0.064819
0.077087
0.3454
-0.14313
0.21887
0.039124
0.24335
0.0022583
0.032959
-0.094971
-0.0010376
0.24536
0.063049
-0.053223
0.7359
0.053406
-0.019531
0.1546
-0.080566
-0.058228
-0.045471
0.13306
0.037109
0.92462
-0.058289
0.021545
-0.05011
0.037476
-0.10492
0.093018
0.0063477
-0.088745
0.060669
0.0097046
0.54175
0.020325
0.47668
-0.051575
0.010254
0.025452
-0.0084839
0.020752
-0.041687
-0.073975
0.039612
0.059204
-0.057861
-0.13123
0.85583
0.089783
0.76379
-0.018311
0.054382
0.13794
0.21307
0.087708
0.2334
-0.019592
-0.070496
0.068237
-0.018005
0.017273
0.024963
0.037781
-0.054749
-0.0070801
-0.061523
-0.0064087
-0.085815
1.0745
0.47675
-0.067322
0.25342
0.033203
-0.071716
0.029907
0.31458
0.010315
-0.037903
-0.21228
0.015747
-0.053223
-0.015137
0.025696
0.51801
-0.013916
0.46069
-0.065674
0.087463
-0.0064697
-0.054688
0.037231
-0.027588
-0.025818
0.052917
0.10297
-0.034973
0.017883
0.0062256
1.0792
0.67676
-0.13483
-0.10895
0.10919
-0.17145
0.024414
0.10034
0.034912
0.020691
0.012939
0.13501
0.88745
-0.047485
-0.051758
0.11133
-0.013611
-0.010864
-0.037476
-0.086914
-0.023743
0.018494
-0.0088501
0.36243
0.074097
0.17786
-0.05011
0.25055
-0.03772
0.074036
-0.0044556
0.043396
-0.0012207
0.048523
-0.054565
0.042786
0.48962
0.12958
-0.12836
0.38623
-0.073792
0.058533
0.83667
-0.14423
0.028442
0.062988
0.14813
-0.034668
-0.038879
-0.070068
-0.036743
-0.092468
-0.034912
0.028381
0.088745
0.084656
0.16235
-0.069458
0.027466
0.54474
-0.01123
0.048767
-0.0013428
0.54346
-0.024963
0.18713
-0.0053711
0.13666
0.0078125
0.12567
-0.020081
-0.029419
0.78204
0.069336
0.30481
0.064941
-0.0057983
-0.052612
-0.0010986
-0.041687
0.0020752
0.055481
-0.079468
0.014404
-0.09552
-0.056702
-0.0076294
0.017639
0.1524
0.61267
-0.032349
-0.0084229
0.95068
-0.03064
-0.067444
0.040039
0.0073242
-0.020325
-0.025696
-0.019043
-0.0060425
0.038635
-0.013123
-0.017395
0.014343
0.046936
0.017639
-0.0032349
0.67261
0.013062
0.39722
0.0495
0.64325
0.020325
0.067383
0.060242
0.15607
0.049377
-0.064941
0.011169
0.052917
-0.035278
-0.02301
-0.041138
0.051575
-0.028137
0.0021973
-0.13214
0.036743
0.042664
0.82751
-0.010376
0.78473
0.00067139
0.08783
0.047974
0.094177
-0.0084839
-0.017883
-0.022705
-0.0013428
-0.0085449
0.058228
-0.031372
0.059448
0.10486
0.049622
0.058289
-0.092529
1.026
0.045776
-0.0079956
0.20532
-0.11182
0.40204
0.12164
0.059448
0.16486
0.054016
0.019165
-0.0040283
-0.024902
0.076477
-0.0033569
0.0083008
-0.019287
0.24414
-0.064331
0.46362
-0.075073
0.35101
-0.05188
0.0064697
0.14569
-0.0055542
0.76947
0.010193
-0.024231
0.052856
-0.058411
0.022339
0.0081177
1.1408
-0.063416
-0.078857
0.047729
0.055298
0.063232
-0.029358
0.029297
-0.0042725
0.25342
0.26575
0.018799
0.1062
0.072266
0.10016
0.19183
0.061707
0.012817
-0.030334
0.085083
-0.028503
0.051758
-0.084412
0.057983
-0.015076
0.17859
0.010559
0.53656
0.0056763
-0.038391
0.0056763
-0.043274
-0.0019531
0.69794
-0.032227
0.33093
-0.032104
0.02478
0.039368
0.033752
0.08728
0.30536
-0.05658
0.25665
0.23151
0.30817
0.035583
-0.06604
-0.077271
0.063599
0.075134
0.2821
-0.15936
0.59229
-0.018433
0.15088
0.073303
0.075012
-0.01001
0.034973
0.098022
-0.0078125
0.16815
-0.027161
0.034729
0.030457
-0.012512
0.97607
0.015015
0.0036011
-0.040344
0.1792
0.018188
0.62054
-0.025818
0.15857
-0.046448
0.028381
-0.015442
0.0044556
0.024109
0.66052
0.015808
0.13763
0.0015869
0.17822
-0.0018921
0.0021973
0.023132
-0.16949
-0.0026855
0.11298
-0.011902
0.0029297
0.50244
-0.029968
0.068115
0.53204
0.30823
-0.063538
-0.1322
-0.074402
0.079773
0.045776
1.0544
-0.037415
0.070313
-0.11841
-0.12598
0.91693
0.069336
-0.045715
-0.10162
-0.11499
-0.008728
-0.023499
0.012085
-0.025574
-0.061707
0.043884
0.094788
0.44098
-0.026367
0.30096
0.066284
0.22485
0.051819
0.038086
-0.027344
0.11761
-0.0054932
0.096191
0.030518
0.58063
0.037842
0.46198
0.0098267
-0.026123
-0.10583
-0.019836
0.0010376
-0.14435
0.057251
0.042725
0.22791
-0.12891
-0.099854
-0.11163
0.8255
-0.011292
-0.11176
0.013367
-0.029419
0.072205
-0.03833
-0.0041504
0.044373
0.88995
-0.13544
0.76465
-0.04071
0.010193
0.09967
0.016296
0.044678
0.11938
-0.036438
0.088013
0.032654
-0.069092
0.86133
-0.070862
0.070984
0.019958
0.11841
-0.042786
-0.037964
0.013184
0.040894
1.1688
-0.0095215
-0.024597
-0.098328
-0.10931
0.07251
0.14807
0.044373
-0.03064
0.057617
0.96936
0.0012817
0.22656
0.079895
-0.21796
-0.019897
0.034973
0.083008
0.05603
-0.078369
-0.057068
0.16669
0.27704
-0.096558
0.36517
0.058411
0.32996
0.035583
-0.053101
-0.05426
0.085632
-0.088074
-0.14722
0.24518
-0.038513
-0.087769
0.18512
0.22821
0.76434
0.091675
-0.028076
-0.013367
0.047363
0.84406
0.025513
0.070313
0.020813
0.065552
-0.071411
0.041626
-0.0070801
0.017883
0.11035
0.032227
0.79425
0.03363
0.20227
-0.086975
-0.012634
-0.017029
0.011963
-0.00036621
-0.03302
0.017822
-0.0098877
-0.0027466
-0.065247
1.0302
-0.091736
-0.070496
-0.066589
0.019531
-0.0087891
-0.041199
0.044067
0.24677
-0.00018311
0.93512
0.11078
-0.13196
0.053162
-0.1366
0.05719
0.16925
0.026672
0.80737
0.1073
0.081116
-0.051514
-0.14679
-0.039246
0.037842
0.026672
-0.026917
0.068542
0.18317
0.032471
0.068298
0.026123
0.70911
-0.057739
-0.012329
0.2088
0.23456
0.50836
-0.067505
0.088257
0.048401
-0.095398
-0.02832
-0.030212
0.052429
0.059204
0.07605
-0.15582
1.1761
-0.20117
-0.099976
0.10034
0.24493
0.065247
-0.0046387
0.050232
0.073853
0.62323
0.010071
0.29254
-0.0045776
-0.10486
-0.051636
0.0028076
-0.058289
0.086792
0.14941
0.26056
-0.10571
0.30212
-0.031067
0.043457
0.034607
-0.02771
-0.0056152
-0.027222
0.00042725
-0.017761
0.14392
-0.037476
0.096863
0.015442
0.65656
0.0027466
-0.030701
0.029541
-0.084229
0.089355
0.070251
0.00061035
0.067749
-0.035522
0.78162
-0.031189
0.10431
-0.064697
-0.0077515
0.58521
-0.0061646
0.29236
0.018799
0.24945
0.0059814
0.016541
-0.02417
0.020508
0.01709
0.057068
0.20099
0.2049
-0.052124
0.11053
0.049622
-0.03125
0.094238
0.028381
-0.036865
0.034729
0.35376
-0.0029297
0.5542
0.081238
-0.0032349
0.21985
0.059326
0.38635
-0.16504
0.10278
-0.06488
0.28516
-0.10028
0.27094
-0.039307
-0.07373
0.010742
-0.00079346
0.11823
-0.14551
-0.10791
-0.17737
-0.077576
0.068726
1.0881
0.044434
0.30548
0.25757
-0.052246
0.2121
-0.010803
0.17267
0.20416
-0.096985
-0.016663
-0.072021
-0.0040894
-0.034241
0.10962
0.64874
0.032593
0.38251
-0.053284
-0.065125
-0.038879
0.32147
0.058899
0.072754
0.10284
0.029907
0.11169
0.23688
-0.011353
0.020081
-0.045471
-0.056702
0.099854
0.32922
-0.0026245
0.58105
-0.036987
0.12756
0.020569
-0.041687
-0.046448
0.015198
0.021729
0.024292
0.07428
0.075623
0.028625
0.058655
-0.078003
0.70142
0.051941
0.20264
0.17017
-0.05249
0.49683
0.047668
0.032104
0.14716
-0.0038452
0.21991
-0.010742
-0.016907
1.0507
-0.046082
-0.13019
0.02124
-0.018555
-0.010315
6.1035e-05
-0.00085449
-0.042725
-0.093018
-0.049255
-0.01886
0.041321
0.016357
0.32544
0.016846
0.034363
0.015503
0.67505
0.19366
-0.038879
0.22174
0.13226
0.2699
0.056641
0.55579
-0.17017
0.019104
0.10925
-0.052979
0.85925
-0.057678
0.1153
-0.012817
0.11322
-0.023499
-0.016541
0.023193
0.0039673
0.17133
-0.086609
0.15863
0.02948
-0.05127
0.23627
0.19489
0.0089722
0.15405
0.17798
-0.067383
0.037964
0.017883
0.036255
-0.0028076
0.55597
-0.01239
0.42908
0.10229
-0.025269
0.1673
0.22791
-0.075134
0.25708
0.35101
0.041992
0.0066528
0.068787
-0.039673
0.023682
-0.028076
0.015442
-0.034119
0.091431
0.30646
0.051514
-0.014954
0.07135
0.89276
-0.13306
-0.016296
-0.10168
-0.071594
0.020935
0.033752
0.50726
-0.053955
0.50134
0.10638
-0.093262
0.48718
0.06189
0.017883
0.018921
0.22168
-0.013062
0.35083
0.046936
0.048767
-0.0022583
-0.085876
-0.037109
0.20807
0.068176
0.51294
0.024292
0.18182
0.016785
0.10565
-0.037598
0.017456
-0.018127
0.1618
0.13318
0.31946
-0.025391
0.38544
-0.0075684
0.064148
0.0018311
-0.067139
-0.0010376
0.20697
-0.04126
0.56921
-0.018799
0.16351
-0.038452
-0.012878
0.047913
-0.0057373
1.086
0.027283
0.00079346
-0.064209
-0.038391
-0.047852
-0.026489
0.0020752
-0.017883
0.02356
1.1375
-0.035095
-0.088562
0.056091
-0.064819
0.02887
0.038269
-0.043274
-0.005127
-0.058167
0.00091553
0.046021
0.057007
0.0043945
0.036255
-0.036682
0.0026855
0.17133
0.87622
0.067688
-0.058167
0.024048
-0.013367
-0.099365
0.15259
0.11798
0.046265
0.7041
0.012817
-0.098694
-0.028687
0.056885
0.013428
0.077515
0.078064
0.00012207
-0.028442
0.76849
0.03241
-0.016907
0.014282
0.039368
0.03656
0.027466
-0.08313
-0.074219
0.054199
-0.079407
0.79211
0.10596
0.12891
0.31219
-0.12213
0.19452
0.067932
0.16602
0.049805
-0.062744
0.03479
0.0097656
0.032898
0.49634
0.051086
0.046387
0.027954
0.15637
-0.03656
-0.012268
0.054688
0.0010376
0.034668
0.32306
0.046326
0.18475
0.15967
0.3255
-0.065369
0.0625
-0.0495
0.33704
-0.058655
0.17157
0.029541
-0.059265
0.021545
0.11108
-0.018433
0.098938
0.025085
0.068359
-0.00042725
-0.039673
0.2052
0.068054
0.75177
0.054016
-0.043579
0.011414
-0.015991
0.032043
0.01532
0.49011
-0.07373
0.18665
0.0032349
0.3175
-0.03186
0.10382
-0.02887
-0.08606
0.043762
-0.1073
-0.0046387
0.030212
0.58521
-0.081177
0.46814
0.12317
-0.046753
0.21747
0.26227
0.064209
0.21021
0.082092
0.014526
0.073242
0.072754
0.045349
-0.013123
0.063293
0.061829
0.0020752
-0.13501
0.14905
-0.04718
0.097412
-0.0031128
0.71039
0.039856
0.0043945
0.216
0.050781
0.88092
-0.017029
-0.041382
-0.0037842
0.056641
-0.018311
-0.014282
0.29871
0.041382
0.27844
-0.043274
-0.015564
0.020081
0.20575
0.076355
0.063721
0.079041
0.12299
0.35791
-0.1236
0.2832
0.030212
0.0098267
0.15259
0.057251
0.11322
0.022705
-0.035156
0.063965
0.034851
0.013123
-0.020874
0.064148
0.081116
0.097046
0.17365
-0.02124
0.17578
-0.064758
0.046753
-0.012756
0.2818
0.0021362
0.44666
0.029541
0.10272
0.018921
-0.082764
0.763
-0.022644
0.16974
0.080627
0.011902
0.0093994
0.047729
-0.0058594
0.016541
-0.019409
-0.043762
0.076843
-0.039368
-0.09198
0.72791
-0.076904
-0.15485
0.12738
0.44562
0.61133
-0.027527
-0.10516
0.23041
-0.13483
0.059875
0.038513
0.0021973
-0.02124
-0.0015869
0.095154
0.18604
-0.09552
0.46832
0.074402
-0.0045166
0.11517
0.081787
0.098877
-0.016724
0.13831
-0.073303
-0.11945
0.78064
0.021301
-0.10693
0.014282
-0.0044556
-0.018738
0.064697
-0.027283
0.92639
-0.038696
0.063904
0.041992
0.014343
-0.013184
0.0027466
0.02533
-0.0045166
0.048706
0.092651
-0.037292
0.052124
0.09436
0.010803
-0.0071411
0.22784
-0.053894
0.93335
0.20801
0.046387
0.41827
-0.053162
0.10913
-0.0042725
0.3183
-0.017517
0.14929
-0.029175
0.22168
0.028748
-0.13208
0.29095
-0.025024
0.036316
0.16968
0.15906
0.46881
-0.094971
-0.0054932
0.049744
-0.04425
-0.02594
-0.0026245
0.053406
0.013916
0.86469
0.058899
0.047913
0.017883
0.013245
-0.10779
-0.096741
0.13135
0.032959
0.055908
0.19421
0.82074
0.090027
0.068542
-0.028381
0.36139
0.033875
0.39197
0.024475
0.047241
0.0039673
0.05304
0.025696
-0.032166
-0.2486
0.030762
1.0127
0.02124
0.061523
0.10394
0.047363
0.034668
-0.015808
0.10876
0.011841
0.11902
0.043213
0.18927
0.32813
0.44519
-0.0079956
0.014709
-0.056458
-0.083557
-0.005188
0.56018
-0.039673
0.031799
0.099609
0.15076
-0.10162
0.10107
0.042786
-0.04834
-0.0065918
0.12982
0.035278
-0.015686
1.0847
0.032532
-0.27509
0.063965
0.12854
0.24286
0.066895
-0.014526
0.13812
0.28326
-0.10376
0.4397
-0.043396
-0.027893
0.15613
-0.0079956
0.0067139
0.03241
0.094971
-0.025635
0.20325
-0.093811
-0.10559
0.055908
0.84302
0.65411
-0.085205
-0.11884
-0.10779
0.16901
0.036072
0.10901
-0.0802
-0.029358
0.050415
-0.080566
-0.040466
-0.012024
0.10559
0.005249
0.40112
0.023193
0.36261
0.22021
0.26031
0.0078735
1.0391
-0.066223
-0.043335
0.014954
-0.028442
0.03064
0.024963
-0.028442
0.014709
0.035034
0.95856
-0.01062
0.076904
0.00177
0.050171
-0.051331
0.006958
0.032593
-0.0058594
-0.005127
0.027954
0.018921
-0.029724
-0.031799
0.097412
-0.013794
0.82806
0.062256
0.020325
0.008667
-0.00054932
0.011719
0.031799
0.040283
-0.026855
-0.037842
0.019775
-0.11633
0.94342
0.95917
0.12561
-0.011475
-0.046387
-0.12421
0.022461
0.13751
-0.010559
-0.073975
-0.054871
0.021057
0.98895
0.07312
0.01532
0.018066
-0.047974
-0.023987
0.042725
6.1035e-05
-0.015625
0.044556
-0.044617
0.13849
0.11444
0.21973
0.025879
0.41705
-0.041687
0.13275
-0.015686
-0.036316
-0.021362
0.011963
0.10382
-0.099426
0.47418
-0.036621
0.65381
0.027161
-0.12701
-0.065674
6.1035e-05
-0.051331
-0.0078735
0.060974
0.36731
-0.035217
0.6875
-0.080078
0.039856
-0.12866
0.17236
0.24298
0.10046
0.30438
0.086182
0.26202
-0.0085449
0.008728
-0.016907
0.087585
0.019775
0.50494
0.02655
0.24438
-0.065918
0.32159
-0.0015259
0.041016
0.083679
-0.12122
-0.083618
-0.035828
0.83313
0.25812
0.049805
0.13727
0.0073853
-0.0038452
-0.073792
0.17255
0.19379
-0.088745
0.39441
0.16602
0.026855
0.046997
0.0023804
0.046509
-0.071167
-0.071533
0.049744
0.74237
0.04834
0.059387
0.0063477
0.23419
0.00091553
0.0020142
0.027283
-0.034729
0.40375
0.033813
0.59064
0.18585
0.033386
-0.008728
0.021118
-0.081726
-0.0018311
1.1573
-0.024963
0.033203
0.027161
-0.25098
0.044312
0.046143
-0.0073242
-0.064209
0.043457
0.66443
0.078125
0.0050049
0.17798
-0.052917
-0.01886
0.064148
0.028381
-0.036133
-0.053101
-0.061401
-0.079163
0.022461
0.053711
0.013245
0.23694
0.021118
0.011047
0.026123
0.72516
-0.016479
-0.023926
-0.047852
0.017944
-0.062866
-0.09491
-0.081665
0.047852
0.058044
1.1248
-0.054749
0.13599
0.084839
-0.12622
0.061157
0.51044
0.14478
-0.025757
0.38776
-0.015503
-0.031189
0.039795
0.22198
-0.10901
0.54095
0.090942
0.17371
0.097107
-0.079468
-0.11566
0.012146
-0.0062256
-0.0401
-0.046631
0.021606
0.10468
-0.0053101
-0.022095
-0.11084
1.0245
0.2453
-0.0059814
0.27356
-0.10559
-0.024658
-0.07843
0.28973
-0.031982
0.0177
-0.088684
0.014404
0.14911
0.41284
-0.13721
0.60278
0.033386
-0.033691
0.043823
0.077881
0.02301
-0.086792
-0.0023804
-0.0053711
0.051514
-0.026428
0.95605
-0.12665
0.15338
0.029968
0.089905
-0.028381
-0.038879
0.41132
0.059875
0.45581
-0.0037231
0.066833
0.011475
-0.020569
0.001709
0.041687
0.023071
0.0064087
0.027771
0.043823
0.016235
0.010925
0.98846
0.11462
-0.12476
0.041138
0.016968
0.25684
0.06665
0.045654
0.21783
0.2597
-0.070618
0.18866
-0.032654
0.37689
-0.0032349
-0.096313
0.1792
0.12219
0.025085
0.17004
-0.0056152
0.0087891
0.040283
0.019043
0.05304
-0.046875
0.13953
0.018982
0.80029
-0.057129
0.16437
-0.033081
-0.082397
0.0076904
-0.038269
0.51459
0.078918
0.058411
0.033691
0.20703
-0.032898
-0.034119
0.072266
0.39941
-0.0038452
-0.11371
0.24542
-0.032227
-0.034546
0.10883
-0.049561
-0.023438
0.085144
-0.032593
0.064697
0.04364
0.056335
0.01532
-0.028015
-0.072876
0.19269
-0.069092
0.67883
0.2182
-0.071594
-0.06842
0.68549
-0.069397
0.096069
0.054016
0.087463
0.097961
-0.012146
-0.03656
-0.015503
-0.092468
0.071228
-0.035828
0.1275
-0.032898
0.11377
0.16644
0.58289
1.1164
-0.044189
0.00097656
-0.1062
-0.1236
0.10681
0.1922
0.11597
-0.2149
0.012085
0.11273
0.022766
0.25049
-0.0090332
0.2149
0.079712
0.35486
0.044556
-0.025024
-0.071899
0.37488
0.10065
-0.065247
0.56238
-0.10931
-0.091187
0.13049
-0.035767
0.048584
-0.010498
0.023743
-0.044922
-0.14276
0.15723
-0.0177
0.82349
-0.035645
-0.044006
-0.076477
-0.04718
0.11829
0.16473
0.10687
-0.021118
0.30377
-0.017517
0.19611
0.047668
0.23944
-0.003418
-0.055847
-0.056335
0.089661
-0.010742
0.75793
0.10858
-0.0075073
0.031128
0.14575
-0.0043335
0.21692
0.0095825
-0.10144
0.92975
-0.062561
-0.047791
0.11749
-0.13458
-0.045227
0.003479
0.04834
0.16034
0.37592
0.045349
0.24323
0.14252
0.20032
-0.0095215
-0.059631
-0.012695
0.16327
-0.077393
0.061096
0.03717
0.0014648
0.089722
0.20367
0.053345
0.058716
0.006897
0.011536
0.030334
0.023926
0.072876
0.017395
0.0037842
0.033997
-0.025818
0.047241
0.90906
0.01062
0.005127
0.0026245
0.019043
0.076843
0.066284
0.093079
-0.13708
0.92126
0.055481
0.0095215
-0.081238
0.023071
0.053528
0.011169
-0.029053
0.037964
-0.0067139
0.64771
-0.077637
0.57733
0.18207
0.015808
0.11359
0.1203
0.050354
0.1145
0.074402
-0.05127
-0.058655
-0.031921
0.013367
0.29639
0.077026
0.26154
0.029236
0.28638
-0.074402
0.0672
-0.052307
1.0511
0.008728
-0.080017
-0.092163
-0.074951
0.087891
0.036682
0.043579
-0.086182
-0.05603
0.26404
0.02594
-0.10413
0.29254
-0.011169
-0.074524
0.055969
0.092529
0.13483
-0.030396
0.20813
0.10425
-0.0064697
0.51855
0.042908
0.082703
0.12109
0.016663
0.10284
-0.0012207
0.040222
-0.083069
0.041748
-0.04718
-0.014954
0.16058
0.069092
-0.044006
0.0081177
0.9314
-0.010864
0.05542
0.20538
0.061401
0.41132
-0.028381
0.18402
0.028015
-0.020752
-0.034241
0.044495
-0.039185
1.0941
-0.011963
-0.031006
0.019226
-0.058105
-0.024536
-0.12109
-0.018555
-0.026733
-0.037415
-6.1035e-05
-0.019897
0.15472
0.034363
0.17249
0.092896
0.73236
0.06311
-0.010254
0.79669
-0.083069
0.076355
0.095093
0.053528
0.030212
0.012329
0.044739
0.049683
0.031494
0.023132
0.00067139
0.026672
-0.029358
0.1897
0.039795
0.039856
0.028809
0.54773
0.057983
0.077637
0.28558
-0.12012
0.54669
0.011841
0.05603
0.083008
-0.014038
-0.066833
-0.13538
0.034729
0.044006
0.24463
0.29425
0.024109
0.13373
-0.10321
0.67114
-0.049438
0.025513
-0.003418
-0.049622
0.058838
-0.03363
-0.03363
-0.011902
-0.10181
0.018677
1.2405
0.14056
0.10217
0.10315
0.57404
0.031677
0.11542
0.0091553
0.052063
0.022095
0.057068
0.6958
-0.027649
-0.15869
-0.063721
0.12177
0.053528
0.23743
-0.069153
0.059143
0.085571
0.012268
-0.015686
0.51703
0.031494
0.094116
0.020447
0.23431
0.01062
0.018066
-0.0065308
0.50653
-0.021484
0.032715
0.027161
-0.035217
0.054749
0.089905
-0.027527
0.0014648
0.017578
0.23315
-0.042297
0.016846
-0.075989
-0.092896
0.07312
0.14563
0.07428
0.41956
-0.067322
-0.00024414
0.030212
-0.0080566
-0.019165
-0.0064697
-0.0098877
0.0030518
1.0933
0.019226
-0.076965
0.18573
0.26007
-0.062866
0.474
0.203
-0.043518
0.0079346
0.020081
-0.051636
0.011841
0.091797
-0.022827
0.091553
0.01532
0.02356
0.74799
-0.051331
0.012512
0.089172
0.095703
0.91498
0.057373
0.10211
0.12494
-0.11627
-0.05011
0.12036
-0.021362
0.023376
0.022583
-0.086304
0.17444
0.12512
0.042236
0.20978
0.32813
0.29919
0.064331
0.098999
-0.01886
0.08313
0.36029
-0.015137
0.44666
0.0354
0.10559
0.055481
-0.10583
0.087952
-0.073975
0.05481
0.8855
-0.059509
0.07605
0.068542
-0.038879
0.073425
-0.038513
-0.0014038
0.03479
0.062927
0.019104
-0.090881
0.64984
0.060608
0.10468
-0.00091553
0.005188
0.0014038
0.046692
0.92914
0.0077515
-0.068542
-0.06189
-0.10114
0.050293
0.047668
0.055725
-0.049805
0.0014648
0.045349
0.028564
-0.072449
-0.059692
0.019653
0.37897
0.034546
0.21362
-0.016602
0.24347
0.094299
0.041809
0.056091
-0.040649
0.053589
0.62201
0.059265
0.22723
-0.025696
0.022095
-0.023743
0.095886
0.096863
-0.016357
0.63556
0.022522
0.050903
0.049438
0.060425
0.00073242
-0.16071
0.044006
0.028259
1.1128
-0.010681
0.02063
-0.081543
-0.043518
-0.00177
-0.057861
-0.011047
0.013062
-0.052979
-0.013916
-0.014587
0.48712
-0.02478
0.56183
0.014587
0.12128
0.58801
-0.0054932
0.013184
0.10223
-0.020447
-0.0067749
0.2218
-0.022827
0.037598
0.062927
0.24152
0.060608
0.19836
0.046509
-0.098633
0.22589
0.2597
-0.039001
0.22656
-0.070496
0.023682
0.0625
0.29828
0.028992
0.035583
-0.12646
0.19458
0.096863
0.15485
0.0010986
-0.051514
-0.095764
0.048889
-0.03064
-0.016113
-0.13123
-0.014648
0.13055
0.05304
1.2628
0.57635
0.14209
0.14343
0.0044556
-0.0096436
0.034607
0.16223
0.020325
0.014954
-0.026489
-0.01355
-0.020813
0.029114
0.037292
-0.026855
-0.10852
0.021118
1.101
0.024353
-0.00012207
0.32776
-0.11066
0.014771
0.58179
0.1651
0.15942
0.11414
0.062256
0.0016479
0.10669
0.043579
0.10931
-0.0059204
0.098511
0.022888
0.79236
-0.03241
0.16162
-0.074585
0.0092163
-0.087219
0.079773
0.037476
0.035278
0.50397
-0.012512
0.46924
-0.022888
0.075317
-0.042419
-0.087463
0.050415
-0.062561
-0.056946
0.0078125
0.12543
0.095337
0.11096
1.1619
-0.027527
0.078308
0.0896
0.69714
0.061707
0.11865
-0.044312
0.011169
0.089233
-0.044922
-0.034851
-0.036133
0.74896
0.017334
0.15161
0.052246
-0.016174
-0.0046997
0.1059
0.0043335
0.0093994
0.30542
0.081909
-0.061523
0.28741
-0.042786
0.10699
0.10168
0.13361
0.16876
-0.00067139
0.29889
0.028076
-0.10638
0.37848
0.014587
0.02417
0.09259
-0.072632
0.04834
0.03833
0.12756
0.040466
0.24463
-0.01709
0.31628
-0.0093384
0.33734
0.03717
-0.046814
0.020874
-0.065247
0.0045776
0.057434
-0.037903
0.10223
0.66162
-0.075684
0.30127
0.029785
-0.063049
0.17291
0.058411
0.10675
0.050171
-0.017395
0.15417
-0.0043945
0.1181
-0.11664
0.49445
-0.022949
0.11285
-0.017029
0.4729
0.37231
0.020996
0.031372
0.073669
0.064941
0.0060425
