-0.062378
0.027222
0.17896
0.017639
-0.12671
0.02417
-0.13776
-0.063721
0.67456
0.10291
0.0087891
0.15338
-0.012329
-0.069946
-0.077576
0.88812
0.066406
0.10706
0.011108
6.1035e-05
0.092834
-0.095215
-0.088562
0.12579
-0.040466
0.87445
-0.022095
-0.10413
-0.03833
-0.08606
-0.0043945
-0.067078
-0.055786
-0.064392
-0.015442
-0.051331
-0.0802
0.013733
-0.048096
1.0986
-0.050293
0.087708
0.017944
1.0403
-0.04187
-0.0029907
-0.028809
0.024597
-0.02478
-0.04126
0.08313
0.098877
0.0039063
0.78021
-0.017761
0.0062866
-0.059265
0.030884
0.053406
-0.042419
0.050537
-0.087341
-0.0076904
-0.13794
0.12177
0.46082
0.20148
-0.017517
-0.10657
0.26526
-0.051147
0.028076
-0.024841
0.039185
0.01178
0.133
0.00097656
0.80951
0.068909
-0.061951
-0.028625
1.0025
-0.047913
-0.0063477
0.014343
0.058716
-0.016113
-0.031738
0.043884
0.031555
0.094055
-0.076782
0.18756
0.43457
0.17505
0.053467
0.16437
-0.011719
-0.059448
-0.055542
0.08905
-0.11859
-0.011841
0.84863
0.060974
0.077332
0.13544
-0.0354
0.084412
-0.053467
0.091919
0.0058594
-0.064575
0.88251
0.034241
0.17639
-0.0089722
0.0896
-0.069092
-0.0026245
-0.045349
0.075012
-0.089966
0.041931
0.006897
0.67303
0.0019531
0.35065
-0.027893
-0.088928
0.037842
0.030579
0.28583
0.016174
0.34998
-0.032959
0.38043
0.0050049
0.11914
0.0061646
0.58521
-0.090759
0.13159
-0.012146
-0.035339
0.0083618
0.18048
-0.07428
0.024658
0.0046997
-0.055237
0.054871
0.19666
-0.045593
0.71405
0.026428
0.12482
0.020142
-0.05249
0.0042114
-0.037964
1.0014
-0.072144
-0.13727
0.046448
0.024963
0.025391
-0.020081
-0.0063477
-0.01062
0.13611
0.75757
0.076172
0.0064087
0.12347
-0.0082397
0.027954
-0.01532
0.025635
-0.05896
-0.023926
0.0849
-0.077332
-0.061218
0.082581
-0.14008
0.01886
-0.12744
-0.19794
0.98822
0.044006
1.0662
-0.017761
-0.0081177
0.015076
0.038391
-0.016418
0.008728
0.016602
-0.0067139
-0.041199
0.05188
0.21387
-0.067932
0.58112
-0.037109
0.28766
-0.02478
-0.0033569
0.044128
0.36853
-0.023926
-0.1153
0.22247
-0.066467
-0.074097
0.11566
0.052734
0.30231
-0.020142
0.2088
0.15686
-0.032166
0.18011
0.11633
0.23303
0.20367
0.026672
-0.076782
0.017944
0.017761
0.011292
0.45636
0.076599
0.19037
-0.071472
0.28809
-0.0014648
0.041565
0.022949
0.051697
-0.040771
0.60687
-0.079834
0.1496
0.037231
0.1626
0.035645
-0.018799
-0.0401
0.44092
0.0013428
0.25439
0.082642
0.11896
0.074829
0.31165
0.068542
-0.18402
-0.082031
0.036682
0.078674
0.2392
-0.021301
0.23218
0.034729
0.30267
-0.02948
0.06366
0.058716
1.0292
-0.037781
-0.031494
-0.022949
-0.14423
0.0019531
0.12769
0.046143
-0.057556
0.033325
0.036865
0.11353
0.073608
0.21057
0.17596
-0.080933
0.080872
0.030457
0.19879
-0.026123
-0.035278
-0.0047607
-0.07782
0.081482
0.062988
0.99127
0.04364
-0.13666
-0.001709
-0.026184
0.9751
0.11853
-0.20319
-0.081909
0.00079346
0.098572
0.059265
-0.061829
-0.099365
-0.088013
-0.031311
0.13782
-0.077148
0.77258
0.095581
0.0048218
-0.014282
-0.019592
-0.059631
0.014038
0.87579
0.015198
0.022766
0.13037
-0.052124
0.012878
0.080505
-0.0059204
-0.084656
0.033264
0.02594
-0.028687
0.041748
-0.0044556
-0.013855
0.98206
0.032654
0.035217
-0.0056152
0.12231
-0.02478
0.71222
-0.033752
0.15143
0.061157
0.072571
0.015808
0.04834
0.090759
-0.0018311
0.14636
0.72961
-0.050842
0.061096
0.1217
-0.10498
0.042114
0.0020752
0.071472
-0.026245
-0.11926
-0.041199
0.23193
0.042053
-0.074768
0.085083
0.19836
-0.19861
0.28949
0.034851
0.024353
0.097229
0.36798
-0.12671
0.64777
0.04718
0.086121
0.046082
-0.077209
-0.057434
-0.0084839
0.074036
-0.058594
-0.034851
0.067627
1.054
-0.041199
0.028137
-0.078613
-0.00036621
0.064209
0.21338
0.037354
0.73309
-0.056335
0.032654
-0.0025635
0.089111
0.016357
-0.064453
0.10791
0.056763
-0.0075684
-0.046509
-0.073303
0.84418
0.049622
0.042969
-0.042297
0.26105
-0.063599
0.95612
-0.052917
0.10669
0.0018311
0.11304
-0.039612
-0.020996
0.026245
-0.012268
0.24817
-0.080933
0.33447
-0.1001
0.28827
-0.037292
0.3941
0.091309
-0.014282
-0.08374
0.0090332
-0.088745
0.255
-0.14337
0.5531
-0.085876
0.66461
-0.09845
0.027527
-0.11407
-0.10468
0.13177
-0.023315
1.0737
0.0058594
0.0039673
-0.018127
-0.015869
-0.049927
-0.012451
0.1087
0.22772
0.41553
0.020935
0.17688
-0.057312
0.086853
0.042175
-0.12347
-0.03833
-0.0044556
-0.071899
0.23456
0.11456
0.44861
-0.029846
0.26434
-0.065125
-0.019226
0.015747
-0.023743
0.065247
-0.033569
-0.040833
0.021545
0.05835
0.085144
0.44745
-0.062805
0.44629
0.0081787
-0.013672
0.025269
-0.067078
0.016174
0.46606
0.082703
0.055176
0.032837
0.43854
0.089294
0.056213
0.302
0.0271
0.25275
0.032227
0.31909
0.013733
-0.0078735
-0.0045776
0.2688
0.028625
-0.084778
0.49268
0.16241
0.062622
0.077759
0.072815
-0.0080566
-0.070557
0.058472
-0.0043335
-0.15985
0.035522
0.053833
0.015808
-0.018066
-0.036865
1.0156
0.053528
-0.06665
0.00024414
-0.046631
0.080627
0.037048
0.40826
0.02478
0.5907
0.065674
-0.10449
-0.042542
-0.02655
0.24402
0.019165
0.59448
-0.013733
0.21484
0.036804
0.022095
0.033264
0.13708
-0.057251
0.058228
-0.13202
0.42456
0.068054
0.44574
-0.015015
0.10388
-0.050293
-0.041748
-0.025146
0.065796
-0.039001
0.022705
0.35406
0.10144
0.054016
0.21545
0.29639
0.0047607
0.97546
-0.036499
-0.020996
0.043274
0.014465
0.0067749
-0.10822
-0.063599
0.046631
-0.016602
0.054565
-0.042297
0.060181
0.0053711
0.60925
-0.047546
0.25464
-0.03717
0.17218
0.040527
-0.036072
-0.0025635
0.041687
0.018616
0.078003
0.13147
0.86176
0.060242
0.058716
-0.021729
0.047791
0.011353
0.010193
0.011292
0.17743
0.006958
0.80634
-0.020569
-0.0053101
0.11926
0.083557
0.040833
0.080505
0.35669
-0.090698
0.055542
-0.094116
0.055115
0.0030518
-0.078003
0.060852
0.34967
-0.0064087
0.62408
0.0073242
-0.10486
0.057922
0.073914
0.012756
-0.051514
0.075378
0.41846
-0.12842
0.31421
0.089417
0.20105
-0.067749
0.12573
-0.0625
-0.054016
0.021912
-0.042358
-0.0084229
0.045776
0.14844
0.012207
0.9483
-0.072144
-0.10626
0.044617
-0.06604
-0.061584
0.23572
-0.080078
0.43939
-0.057922
0.14581
0.13519
0.36218
0.038574
-0.11731
0.25928
0.29749
0.17676
0.041016
0.24274
-0.075195
-0.022949
-0.035217
0.05957
0.54297
0.064636
0.29724
0.04126
-0.018799
-0.048889
-0.046082
-0.081726
0.077759
0.051331
-0.028687
-0.11499
-0.017395
0.027344
1.0778
0.020569
0.1554
0.032959
-0.138
-0.023193
-0.012695
0.010437
-0.014709
0.025513
0.01709
-0.0055542
0.73914
0.16687
-0.051147
0.08197
0.038086
-0.063049
0.055908
-0.0056152
0.11328
0.011475
0.5448
-0.090271
0.22284
0.15094
-0.027283
0.026001
0.05957
0.078552
0.022461
0.27338
-0.00177
0.66882
0.00097656
-0.036255
-0.028137
0.22803
0.042297
0.55774
-0.053772
0.18579
-0.035034
0.0065308
-0.019226
0.042847
0.032654
0.00012207
-0.029053
0.020447
0.16174
0.0098267
-0.10571
1.0791
0.12866
0.088562
0.10278
0.044189
0.53467
0.22632
-0.0057983
0.1214
-0.082153
0.047058
-0.050049
0.0098267
-0.017273
-0.021362
-0.10559
0.079224
0.076721
0.0080566
0.41663
0.053833
0.40717
-0.026489
-0.0075684
0.4859
-0.03125
0.30835
-0.039551
0.29236
-0.019409
0.0177
-0.010376
0.55267
-0.0088501
0.088257
0.08313
-0.092651
0.025879
0.12726
0.0083618
-0.069763
-0.049683
0.11835
-0.015808
0.15857
-0.019775
-0.016785
0.037903
0.11505
-0.036804
0.10101
-0.016113
-0.14386
0.088623
-0.058472
-0.12109
0.15265
0.10315
0.006897
-0.077454
-0.013611
0.80548
0.014465
0.055481
-0.082642
-0.092468
-0.028198
0.039307
0.0072632
0.061462
-0.025513
0.66986
1.0995
0.088562
-0.075745
0.016052
-0.081421
0.078491
-0.024353
0.02124
-0.040222
0.043152
0.33563
0.034851
0.26819
-0.010254
-0.051453
0.027527
0.25653
0.058838
0.069031
0.037354
-0.021179
0.00097656
-0.015076
0.031006
-0.023926
0.25311
0.0012207
0.82306
0.036133
-0.023132
0.09375
0.11029
-0.021362
0.7251
-0.024963
0.19104
0.013367
0.008667
0.0021362
-0.03302
-0.031189
0.8999
0.039673
0.014526
0.093262
-0.082947
0.00054932
0.039307
-0.057068
0.066833
0.87433
0.051331
-0.13
-0.036438
0.059143
0.10291
0.1908
0.0067749
-0.015076
-0.012878
0.082092
-0.16827
-0.096863
0.25537
-0.042236
-0.026794
0.16095
0.1582
0.66492
0.093384
-0.0078125
-0.0026245
0.79163
0.086121
-0.031799
0.0083618
0.03772
0.0073242
-0.10468
-0.037964
-0.083252
-0.0084839
0.55432
0.035828
0.30743
0.052734
0.35242
0.073364
-0.0578
0.023621
-0.018127
0.086731
0.00030518
0.13208
0.57587
-0.0087891
0.21765
0.033936
-0.070129
-0.029297
-0.10089
0.013916
0.065796
-0.015259
0.90936
0.020508
0.12152
-0.061096
-0.006958
0.024536
-0.031799
-0.0057983
0.019775
0.032471
-0.022827
0.30444
0.027588
0.61304
0.0896
-0.031067
0.1134
0.763
-0.11505
0.1073
-0.0081787
0.076111
0.010071
0.10779
0.022156
0.082886
0.023132
-0.021729
0.039856
-0.10529
-0.031189
0.02478
-0.0067749
-0.024414
0.93457
0.082336
-0.012939
0.012756
0.13312
0.086914
0.46161
0.03894
0.022034
0.090637
-0.18671
-0.032837
0.43549
0.063965
0.06604
0.15021
-0.00079346
0.037598
0.11304
0.078308
0.17053
0.050232
-0.06897
0.0027466
0.095032
0.88562
-0.003418
0.048828
-0.032837
0.092102
-0.030945
0.033813
-0.046143
0.059082
0.20752
0.1355
0.36664
-0.014587
-0.063171
0.025635
-0.016235
-0.016052
0.23218
0.065186
0.17786
0.12421
0.13611
-0.051453
0.1944
-0.019653
0.046143
-0.10156
0.25201
0.043396
0.41254
0.052063
0.17072
0.020996
0.24451
0.031189
-0.12927
-0.15619
-0.0038452
-0.0064087
-0.0015259
0.020691
0.010925
-0.026123
0.072144
0.28387
0.06842
0.55499
0.021912
0.018433
0.013123
0.0094604
0.050842
0.058411
-0.093323
0.019043
1.0161
0.069397
1.3425
0.15625
0.11127
-0.022644
-0.22528
0.07135
0.093872
-0.032776
-0.21466
0.068604
0.29675
0.2146
-0.10315
0.39685
-0.027466
-0.0095215
0.11188
0.024109
0.045471
0.03064
0.089417
-0.057495
0.030457
-0.12274
-0.10968
0.0083008
-0.10883
0.016663
0.63416
-0.051208
0.037292
0.041626
-0.0031738
0.84778
-0.00030518
0.025757
0.027283
0.069946
0.020081
-0.024963
-0.0020752
0.035828
-0.078979
-0.045471
-0.043884
-0.27039
-0.03595
0.31702
0.02179
0.9754
-0.051331
0.049988
0.49225
0.022034
0.086914
0.021423
0.17108
-0.058411
0.024597
0.037964
0.14899
0.65802
-0.021301
-0.0032959
0.3161
-0.049438
-0.031555
-0.01709
0.040039
0.043945
-0.18811
0.014648
-0.051819
0.055115
-0.034973
1.2733
-0.1189
0.035767
0.24762
-0.080261
0.0010376
0.021484
0.14398
-0.16815
0.20715
0.37274
0.37201
0.055725
0.11292
-0.030884
-0.046631
0.097839
0.11969
0.010925
-0.064392
0.58551
-0.049316
0.0012817
0.085754
0.26801
0.77765
-0.098511
0.057495
0.033936
0.020325
0.079773
0.26416
-0.03949
-0.023804
0.0090942
0.24536
0.078796
0.035461
0.12457
-0.069031
-0.012146
0.13062
-0.025635
0.11554
-0.10132
-0.045105
0.098938
0.33569
-0.0046387
0.52069
-0.026367
0.12103
0.037964
-0.063599
0.037964
0.019409
0.018127
0.39313
-0.050537
0.42712
0.027649
0.12756
0.055603
-0.094849
-0.01123
0.0013428
0.051941
-0.050232
-0.044678
0.01825
0.92413
0.11395
0.13751
-0.066223
0.069519
0.017395
0.0039673
0.0092773
0.074341
-0.0224
-0.041138
-0.042297
-0.025269
0.025208
1.0168
0.086609
-0.025513
0.10358
0.83136
-0.042847
-0.06897
0.0042114
-0.045959
0.052734
0.029419
0.65338
-0.0053101
-0.097473
-0.11133
-0.065735
0.0448
0.14948
-0.053589
0.088501
0.0061035
-0.02063
-0.05426
0.26642
0.049683
0.58038
-0.045654
0.50061
-0.010498
0.0042114
-0.043884
-0.11127
-0.04425
-0.081238
0.056458
0.059631
0.027649
-0.018982
0.88269
-0.014587
-0.1485
-0.042725
-0.0083008
-0.052063
0.036865
-0.018433
0.20911
-0.084534
0.032715
0.52692
0.0084229
0.065735
0.031616
0.032837
-0.0495
0.065186
0.37628
0.0755
0.25769
0.026367
0.62128
-0.026428
-0.018616
0.066406
-0.053284
-0.027283
0.18286
0.063293
0.21948
0.22943
0.53143
0.032166
-0.034729
0.022827
-0.017334
-0.04718
0.6156
0.11749
0.03833
0.074768
-0.025452
1.1495
0.069946
-0.02948
0.0081177
-0.16943
0.052612
-0.043884
0.0044556
-0.029785
-0.049805
1.1756
0.019348
-0.051575
-0.0016479
-0.2027
0.017151
0.052551
0.093079
-0.075134
-0.057983
0.026794
-0.040405
0.067566
-0.030945
0.4809
0.062439
0.31683
0.026001
0.036621
-0.074768
-0.048096
0.016357
-0.068054
0.0081177
-0.074402
0.073669
-0.0224
-0.15936
0.061096
1.1695
0.060608
0.052551
-0.0084229
0.015808
0.074707
0.10059
0.089661
0.8866
-0.073303
-0.035034
0.059387
-0.04187
0.068909
-0.052246
0.57581
0.0021973
0.24487
0.0022583
0.086731
0.039368
-0.013428
0.0011597
0.027893
-0.016235
0.055054
0.085815
0.01947
0.14215
0.087158
0.76733
0.035522
-0.021973
0.22644
-0.043335
0.32349
-0.043945
0.41388
-0.07019
0.10974
0.045349
0.087646
0.0053101
0.58197
0.017517
0.070618
-0.0012817
0.16785
-0.0075073
-0.023193
-0.010559
-0.080811
-0.027039
0.49548
0.066223
0.16626
0.0042114
0.27148
0.008728
0.018188
-0.076416
-0.0062256
0.03833
0.10553
-0.082397
0.60016
0.065491
0.18219
0.020996
-0.010803
0.0025635
0.70056
-0.076843
-0.0073853
0.060303
0.011841
0.052917
0.20697
0.081055
-0.04657
-0.013733
-0.022095
1.1565
-0.035095
-0.13312
-0.034058
-0.022217
-0.079895
0.066956
-0.0057373
-0.023193
-0.09021
0.0075073
0.14313
0.0027466
0.57855
0.011108
0.29425
0.0026245
-0.024841
-0.027893
0.20367
0.013489
-0.031982
0.90021
-0.058167
0.035217
0.00018311
-0.0072021
-0.022156
0.028259
0.070984
0.0802
0.016602
-0.1366
0.045715
0.049683
0.018066
-0.028015
0.022095
0.9248
-0.035767
0.026062
0.16321
-0.030518
0.74982
0.02417
0.11005
0.0070801
-0.086731
0.056702
1.1609
0.030212
-0.019836
-0.042908
-0.17731
0.04187
-0.027771
0.050232
-0.037048
-0.02478
0.050537
0.032776
-0.054077
0.75037
0.014954
0.0072021
0.070557
0.059448
0.15326
0.0043335
0.007019
0.028503
0.048035
0.062378
0.47937
-0.029419
0.16919
0.020264
0.043457
-0.042236
-0.073425
0.011353
0.58807
-0.1012
0.24347
-0.0015869
0.16486
-0.031067
0.11658
0.003479
0.40002
-0.12109
-0.011658
0.1449
0.12738
0.030273
0.17084
0.033325
-0.070374
0.055054
-0.011047
0.038696
-0.03418
-0.07074
0.064575
0.20618
0.032104
0.12927
-0.078796
0.7356
-0.1767
0.1601
0.44299
-0.01062
0.53851
-0.046448
0.27478
0.019531
-0.073059
0.0014648
-0.062805
0.048096
0.016357
-0.039368
0.011841
0.27435
-0.00067139
0.6604
-0.034546
-0.074463
0.077515
0.003418
0.40491
0.048889
0.18933
-0.086304
0.27356
-0.0177
0.070068
0.0089111
0.020569
0.017395
-0.012146
0.0024414
-0.030029
1.2145
-0.054443
-0.13745
0.092957
-0.11359
-0.039551
0.021973
0.10205
-0.017883
0.69531
0.022034
0.30701
-0.014832
0.036804
-0.059937
0.17383
0.14056
-0.12238
0.87781
0.026428
-0.073669
0.065308
-0.029297
0.019592
0.11322
0.0354
-0.016663
0.19226
-0.069214
0.45551
0.045959
0.28491
0.016724
-0.028992
-0.045776
-0.026245
0.053406
0.0224
0.11694
0.025879
0.85022
-0.039063
0.025879
-0.012024
-0.071777
0.023621
-0.060608
-0.0012207
0.052551
0.065979
0.29303
-0.011047
0.16968
-0.049011
0.37183
0.77972
0.040649
0.0064697
0.044983
0.033569
-0.017517
0.086914
0.040649
0.018738
0.0083618
-0.020142
0.026123
0.61121
0.14191
0.19623
-0.089111
0.10699
-0.033325
-0.041321
-0.050598
0.085388
0.9184
-0.028809
0.019836
0.15131
-0.0013428
-0.029602
0.0064697
-0.032959
-0.042847
-0.01239
0.99768
-0.035339
-0.015442
0.13068
0.031372
0.0064697
-0.010925
0.006897
-0.0050049
0.0091553
-0.069031
-0.046021
0.054626
-0.074402
0.013428
-0.087769
0.13422
1.2655
0.084717
0.0033569
0.026428
0.006958
-0.073669
0.055603
-0.073181
0.02417
1.0949
-0.034363
0.0022583
0.017761
0.37067
-0.036377
0.44312
0.029541
0.046448
0.020569
0.028503
0.0755
0.01239
-0.013062
0.054871
0.75275
-0.074097
0.12073
-0.0062866
0.17438
-0.00024414
-0.056396
0.070862
0.32684
-0.075867
-0.072754
0.28516
-0.016541
-0.057312
0.18805
0.049316
0.19104
0.084473
-0.14636
-0.14435
0.022766
0.23328
-0.0095215
0.17102
0.0047607
0.16498
0.1535
0.34668
-0.072021
0.083801
0.34503
0.027466
0.45203
0.039307
0.1908
-0.079712
-0.060913
-0.017822
0.082153
-0.029541
-0.072876
0.83179
0.017517
0.15918
0.046448
0.034302
0.049622
-0.032043
0.0061646
-0.015686
-0.0072632
-0.082336
-0.001709
0.015198
-0.04657
0.055603
0.98138
-0.049316
0.051941
-0.028748
-0.19019
-0.10852
-0.096069
-0.055786
0.034912
0.034973
1.0415
-0.12891
0.046265
0.013977
0.053162
0.030579
-0.03595
-0.049011
0.0090942
0.016541
0.79028
0.012878
0.037598
-0.013977
0.016235
-0.066833
0.083313
0.11182
0.020691
-0.0036621
-0.023621
0.92401
0.21216
0.016785
0.36261
0.13043
0.088562
-0.19757
0.41156
-0.11694
0.072144
0.061401
0.25775
0.0029907
0.026733
-0.069946
-0.087524
-0.0040894
0.066528
-0.21216
0.55212
-0.053772
-0.079163
0.033752
0.023682
0.02356
-0.0025635
-0.045044
-0.13831
-0.053101
-0.18567
1.2506
-0.067139
0.036316
0.49866
0.0022583
0.26959
0.078247
0.20313
0.016174
-0.085266
0.02063
0.29724
0.064697
0.11719
0.2522
0.010681
0.040833
0.20111
0.016479
0.02356
-0.0755
-0.0021362
0.010803
-0.12952
0.94556
0.0084229
0.12433
0.057922
-0.019958
0.058044
-0.032166
0.41644
-0.14471
0.16357
-0.049072
0.079224
-0.0060425
0.22107
-0.11047
0.11957
0.10583
-0.14099
-0.016174
0.070801
0.1402
0.097107
0.038635
0.1026
-0.12396
0.70593
0.001709
0.079224
0.057861
0.33167
0.018127
0.11255
-0.031799
0.3009
0.065063
0.065857
0.0096436
0.036072
0.0026855
0.063965
0.03772
0.079407
0.059082
0.21472
0.03302
0.61383
-0.0085449
-0.032471
-0.011841
-0.016418
-0.016846
0.095398
0.071716
0.072876
-0.016968
1.1791
-0.056396
-0.086182
-0.0087891
0.00054932
0.075195
0.067993
0.3808
0.029846
0.66205
0.0048218
-0.012756
-0.024353
0.017456
-0.01825
-0.0093384
-0.010742
0.08905
-0.031799
-0.099121
0.0077515
0.98468
0.099426
0.0088501
0.27075
-0.16003
0.39191
0.051758
0.32648
0.021912
0.16266
0.069519
0.016357
-0.0075684
0.028259
0.00036621
0.033997
-0.053711
0.0063477
0.54553
0.039185
0.30542
-0.03125
1.2318
-0.094238
-0.10352
0.01178
0.068909
0.011047
-0.045044
-0.0044556
0.0010376
-0.011169
-0.0064697
-0.023865
-0.048218
-0.0019531
0.17822
-0.014404
0.16541
-0.099182
0.71082
0.54114
0.022339
0.065674
0.098022
0.010986
0.085388
0.14667
-0.081848
0.056885
-0.0064697
-0.016602
-0.078979
-0.0029907
0.95001
-0.064758
0.0093994
0.025391
-0.0089722
0.049072
-0.0014038
0.081116
0.06958
-0.003479
0.85773
-0.035278
0.037537
-0.037476
-0.026489
0.021973
-0.050293
0.089844
-0.018433
0.04248
0.3302
0.4762
0.078857
0.20697
0.048706
-0.16089
-0.015198
-0.025757
0.0048218
0.35547
-0.088928
0.24164
0.0040283
0.24414
-0.020569
0.13727
-0.0012817
0.31097
-0.047546
-0.084045
0.8385
-0.049255
-0.033569
0.15912
0.043213
0.1048
0.022644
-0.022827
0.031067
-0.058411
0.087036
0.088562
-0.018616
-0.10138
-0.11975
-0.053772
0.9436
0.0042114
-0.008667
0.042358
-0.017944
0.045837
0.024536
-0.014587
0.032898
0.0023193
0.96411
0.013855
0.021973
0.0095825
-0.12946
0.021606
0.52197
0.11511
0.23474
0.21234
-0.052551
-0.018921
0.1106
-0.0354
0.69788
0.33228
0.035706
0.10931
0.055908
-0.054932
0.049805
0.45807
-0.046021
-0.018921
0.042725
-0.073303
0.031921
0.2392
-0.040955
0.041199
-0.050232
-0.09314
0.060242
0.29675
0.060791
0.64362
0.050415
0.11835
-0.021362
-0.099426
-0.061401
-0.008667
0.06012
0.56018
0.086182
0.18408
0.021423
0.21735
-0.085693
0.011108
0.0084229
-0.076782
0.0045166
0.28314
-0.013916
0.58966
-0.032715
0.14453
0.022583
-0.10315
-0.01416
0.13263
0.00024414
0.22516
0.11884
0.15936
0.1897
0.4115
-0.053894
0.12604
-0.051453
-0.072266
0.1283
0.36896
-0.026428
0.25806
0.082214
0.25311
0.046509
-0.052979
0.016724
0.016907
0.013428
-0.08606
0.10474
-0.10474
1.0286
-0.071167
0.10425
0.098877
-0.083008
0.072083
-0.016174
0.05426
0.19421
0.41345
0.070435
0.13745
-0.007019
0.07135
-0.016602
-0.13422
0.066772
0.21161
0.070801
0.42188
0.095154
0.25531
-0.10358
0.10907
0.047058
-0.035461
-0.012512
0.012512
0.035217
-0.014282
-0.017517
-0.044861
0.0070801
0.11743
0.86432
0.15656
-0.02124
-0.06311
-0.026367
0.050293
-0.032959
0.078491
0.11041
0.95801
-0.08783
-0.12793
-0.061768
0.011658
0.018616
0.07312
0.93903
-0.051086
0.13287
0.029297
-0.075012
-0.039307
-0.018005
0.06665
0.044556
0.17133
-0.035522
0.11993
0.066772
0.77631
0.032837
0.095154
0.23004
-0.020813
0.58038
0.16907
0.013855
-0.031738
0.035522
-0.069458
0.088013
-0.018372
0.041321
-0.063904
0.11609
0.763
0.042725
0.14905
0.026062
-0.084167
0.024841
-0.017578
0.87665
0.042969
-0.033325
0.1106
0.040894
-0.042053
0.0064087
0.015747
0.047852
-0.1405
0.011658
0.1933
0.031494
0.55139
0.089294
0.18353
-0.035461
0.15448
0.058899
0.022583
-0.02887
-0.16785
-0.0078735
0.077332
-0.049133
0.067993
-0.021362
1.0335
-0.02478
-0.015625
0.08075
-0.027222
-0.049194
0.027893
0.12408
-0.0033569
0.646
-0.08374
0.21521
0.076599
0.043762
0.4267
-0.026672
0.14093
-0.026855
0.20276
-0.018494
0.086853
0.040161
-0.011047
0.054077
0.3584
0.00042725
0.24707
0.0081787
0.30609
0.02356
0.05957
-0.024109
0.42041
0.027527
1.0319
-0.0056152
-0.095886
-0.073547
0.25177
0.052734
-0.19952
0.0012207
-0.063721
-0.019348
-0.028687
0.92401
0.031128
0.097534
0.0015259
0.060913
-0.029053
-0.019836
-0.016724
0.019958
-0.0066528
0.1037
-0.0012207
0.67072
-0.0050049
0.38861
-0.088684
0.067322
0.19812
0.062195
-0.05127
0.31305
0.21912
-0.014465
0.13885
-0.023254
0.11865
-0.059143
0.021057
0.13782
-0.070618
0.74261
0.076721
-0.00177
0.00061035
-0.0015869
-0.06488
-0.022766
0.0057983
0.02594
-0.12708
-0.19244
-0.057312
1.0948
0.15631
0.15381
-0.025452
0.078979
-0.041016
0.0076294
0.56653
-0.010132
0.059143
-0.049866
0.059998
-0.14307
0.099731
0.25647
-0.085876
-0.00036621
0.12097
-0.098999
-0.050354
0.53766
0.091797
0.092529
0.33167
0.060974
0.087097
0.19659
0.0025024
0.31671
0.060913
0.25439
0.11658
0.053589
0.018677
-0.0023193
-0.010681
-0.0049438
-0.0053101
0.048706
-0.0080566
0.05603
0.015564
0.059692
-0.010376
0.75641
-0.077759
0.95996
-0.059753
0.077393
-0.012329
0.059265
-0.043396
-0.023987
-0.037476
0.0087891
0.24756
0.05957
0.40228
0.029053
-0.0025635
-0.029602
0.27209
0.10876
0.039673
-0.035217
-0.012085
0.031433
-0.00018311
0.013916
-0.0012207
0.11285
0.019165
0.37677
0.056213
0.53937
0.0022583
-0.022217
-0.013
-0.088684
0.045776
0.082764
0.073792
0.060913
0.57135
0.029602
0.066833
0.026367
-0.0094604
-0.014282
-0.0045166
0.19214
0.066772
0.3501
-0.096802
0.59808
0.14093
0.25092
0.075867
0.24292
0.2254
0.059082
0.25208
-0.010925
-0.0028076
-0.018311
0.02417
0.042603
-0.064575
0.063049
0.059509
0.027039
0.088379
-0.030762
0.77484
0.022522
0.057312
0.068298
-0.015564
-0.10223
0.0023193
0.078125
-0.071167
0.091187
1.2134
0.092712
0.078796
0.025757
-0.11133
-0.077026
0.03656
0.78131
0.054626
0.15576
-0.084351
0.032532
-0.049805
0.0025635
-0.1286
0.11292
0.010254
0.99243
-0.049377
-0.005188
-0.085815
-0.051086
-0.064087
0.013489
0.0032959
-0.079468
0.041565
0.0578
0.048584
-0.038635
0.88635
0.0028076
0.023804
0.047913
0.05304
-0.028259
0.54803
-0.029541
0.2854
-0.020691
0.036377
-0.020813
-0.030701
0.088928
0.00042725
0.1745
0.73047
0.081848
0.1073
0.046692
-0.11121
-0.013245
0.27765
0.17432
0.046997
0.0030518
0.024414
0.028381
0.12305
0.069458
0.035278
-0.022644
0.075989
-0.018677
-0.049255
0.036072
-0.02887
0.23065
0.04657
0.065674
0.46844
-0.045044
-0.084656
-0.097595
-0.0065918
1.1462
-0.10297
0.1059
0.019958
0.056824
-0.035522
0.0046997
0.21381
0.19385
-0.047852
0.39551
0.12842
0.0046387
0.03595
0.0050049
-0.05896
0.043396
0.015442
0.013489
0.18311
-0.058167
0.71326
0.028809
-0.021118
0.045288
-0.015503
-0.0054321
-0.024292
0.0058594
-0.042053
-0.030396
0.027405
0.033997
0.021667
0.057495
0.067932
0.94104
0.0012817
-0.089417
-0.0095215
0.030579
0.50702
0.021362
0.37372
0.0033569
0.059998
-0.054565
0.033386
0.78925
-0.0016479
0.026245
0.066711
0.027283
-0.0023193
0.012329
0.036621
0.038086
0.95105
0.00085449
0.041931
-0.14789
-0.0045166
0.061096
0.095886
0.08606
-0.14014
0.0802
-0.046997
0.075195
-0.015564
0.034607
0.039612
0.54614
0.15863
0.063477
0.060425
0.1142
-0.052429
0.72736
-0.084595
0.19397
0.043457
0.093018
-0.022583
0.022705
-0.014038
0.039429
0.15424
0.12317
0.38165
-0.04425
0.26099
-0.007019
0.32562
-0.035461
-0.081665
0.027771
0.20416
0.2077
-0.051514
0.50555
0.049683
0.055298
-0.016663
-0.051331
-0.039795
0.003479
-0.017639
0.01947
-0.025146
0.034912
0.0093994
0.019104
0.044617
0.30267
0.035767
0.66754
0.16736
0.018494
0.51514
0.016602
0.21985
-0.02301
0.1601
0.035034
-0.082153
-0.0064087
-0.04187
-0.049438
0.077332
0.030151
0.54132
0.0056763
0.40802
-0.039307
-0.0074463
-0.0066528
-0.043274
-0.015015
0.044067
0.62476
0.25201
-0.00048828
0.09613
-0.065918
0.012085
0.0050049
-0.0013428
0.015198
0.21802
0.023193
0.25049
0.087708
0.42004
-0.065247
0.10864
-0.035461
-0.090393
0.049988
-0.049316
-0.034241
0.029541
0.061157
0.053894
0.99829
-0.081299
-0.035645
0.02417
0.013489
0.20563
0.013306
0.46588
-0.03949
0.27991
-0.039001
-0.047729
0.028625
0.040405
-0.049866
0.15234
-0.047058
0.42572
0.0089722
0.39404
0.050537
0.05365
-0.015015
-0.071899
-0.013733
0.17755
-0.062317
0.62469
-0.0010376
0.16028
-0.00091553
-0.021606
0.026428
0.047302
0.047363
0.012756
0.12903
0.20532
0.021057
0.19489
0.044189
0.19476
0.073914
0.010559
0.024597
-0.065857
-0.056519
0.10364
0.054382
0.014893
-0.031982
1.1289
0.056335
-0.041321
-0.025269
-0.15955
0.11957
0.00067139
0.97797
0.0037842
0.037537
-0.038147
-0.071045
-0.081665
1.0197
-0.059204
-0.031494
0.035339
0.057617
0.044006
-0.041382
0.0042114
0.038879
0.042542
0.0019531
0.00030518
-0.016785
0.029785
0.029236
-0.035095
0.090149
0.81616
0.062561
0.030273
0.18591
-0.082947
0.52863
0.087341
0.13824
0.13763
-0.020813
-0.0020142
0.08252
0.015564
-0.0095825
-0.059021
-0.012207
0.7442
-0.0070801
0.36981
-0.035217
-0.035217
-0.003479
-0.14294
0.079102
0.24683
-0.070923
0.62079
0.041504
0.13995
-0.012512
-0.019531
-0.067749
-0.12842
0.071411
0.055664
-0.07196
0.008667
1.079
-0.044128
-0.060974
0.023621
-0.10284
0.46802
-0.003418
-0.033997
0.20313
0.13074
-0.00048828
0.34119
0.046936
-0.008606
0.024231
0.47742
-0.14392
0.023315
0.32703
0.088074
-0.0025635
0.25751
0.0084229
0.10736
-0.015625
0.054565
0.047607
-0.03656
-0.0097656
-0.021179
0.29877
0.067383
0.31525
0.10571
0.2207
-0.084045
0.12982
0.012146
-0.12616
0.19513
0.077576
0.037415
-0.033875
0.92688
0.031128
0.022644
0.053589
-0.038269
-0.060242
0.11658
0.15527
0.032104
0.7345
-0.091858
0.32416
0.0078735
0.11133
0.10834
0.080322
0.48792
-0.035278
0.05658
0.060913
0.02356
-0.02417
-0.093567
0.039734
0.4726
-0.017273
0.18463
-0.008606
0.13794
0.0054321
0.14954
-0.019836
-0.025513
-0.018372
0.80811
0.015015
-0.0036011
-0.00177
0.14282
0.041077
-0.027832
0.019775
0.47009
0.14893
0.22687
-0.052185
0.024231
-0.0092163
0.24438
0.043762
0.02655
-0.038391
-0.0078735
0.053223
0.018311
-0.027954
0.0032349
0.16541
0.045105
0.070496
0.13336
0.67682
0.13934
0.01178
0.074158
0.79913
0.069092
-0.02179
-0.073975
-0.012085
-0.092651
0.023743
-0.078308
-0.026367
0.052551
-0.0080566
0.044495
0.76013
0.046875
0.011108
0.16034
0.065735
0.81708
0.02887
-0.0074463
0.051514
-0.058289
0.044434
0.055359
0.0014038
-0.089905
0.052002
-0.028381
-0.01001
-0.00177
-0.068848
0.018311
0.063965
0.044922
0.26978
0.077637
0.60889
0.039795
0.0070801
0.017151
-0.033875
-0.0053101
0.0026855
-0.003479
0.21259
0.083679
0.79706
0.8186
0.05957
0.099609
0.12762
-0.068909
-0.070496
0.1311
0.0048828
-0.031372
0.0023804
-0.030945
0.97522
0.034912
-0.046997
0.063416
0.0039673
-0.070496
-0.0079346
0.010742
0.027344
0.078979
-0.11017
0.071411
0.99683
0.0053101
-0.063904
-0.050415
-0.054626
-0.063293
-0.024658
-0.062195
-0.0089722
-0.01532
-0.022888
0.05481
0.28278
-0.048279
0.90472
0.12177
-0.086365
0.0077515
0.97577
-0.015564
0.06958
0.046997
0.003418
0.022705
-0.041443
-0.0098267
0.028015
-0.032898
-0.032715
-0.013672
0.087402
-0.019348
-0.019714
-0.049683
0.099304
-0.082153
0.96405
0.12927
-0.0046997
0.12537
0.039978
0.17688
0.094482
0.48651
0.0068359
0.012695
-0.0032959
-0.023865
0.11938
0.058655
0.034546
-0.058655
0.52466
-0.061218
0.56378
0.11353
-0.104
0.069336
0.073853
0.53217
0.007019
0.13483
-0.023865
0.13965
0.00079346
0.019592
0.0271
-0.072998
0.00073242
0.25989
-0.020203
0.25128
0.40186
0.48767
-0.11847
-0.01825
-0.11646
0.016724
0.020203
0.044556
0.047668
-0.03418
0.37689
0.034058
0.044983
0.14685
0.32843
-0.021484
0.084412
-0.1366
-0.056946
0.0014648
0.77643
0.0030518
0.18451
-0.024353
0.016052
-0.06842
0.0018921
0.013916
0.015442
0.041748
-0.032898
-0.0059814
1.0193
0.016846
-0.1109
-0.049683
0.0049438
-0.026306
0.035645
-0.032715
0.23706
-0.020203
0.12305
0.14899
0.62012
0.030762
0.43945
-0.047729
-0.0061035
0.28809
-0.022278
0.050659
0.17566
0.00018311
-0.0056763
0.078308
0.046509
0.56561
0.077942
0.13678
0.089417
0.19806
-0.10162
0.10181
-0.055054
-0.01178
0.019104
-0.10461
0.098083
0.027344
0.079529
-0.11121
-0.09906
1.0956
-0.010315
-0.00079346
-0.016235
0.017578
0.69775
0.12604
0.022888
0.037231
0.081543
0.02179
-0.017029
0.035278
0.96899
-0.0038452
0.097717
0.069641
0.032898
0.03009
6.1035e-05
-0.066223
-0.036621
-0.086121
0.022583
-0.021301
-0.0177
0.079834
0.22888
-0.06189
0.7644
-0.098083
-0.033875
-0.069031
-0.012939
0.047668
0.1026
0.0081787
0.13403
0.14868
0.12744
0.66174
0.0087891
0.15308
-0.083679
0.026611
0.15155
-0.072876
0.12555
0.16791
0.063477
0.6568
0.02887
0.0078735
-0.013184
0.44299
0.05603
0.20551
0.063171
0.42059
-0.017151
0.020508
-0.087402
-0.033081
-0.047485
0.078674
-0.0083618
0.0448
0.17499
0.18494
-0.086304
0.56024
-0.091187
0.99115
0.022339
0.11078
-0.0022583
-0.058167
-0.00073242
0.22131
0.030579
0.0010986
0.0098877
-0.014038
-0.020142
-0.0087891
0.0054321
-0.051208
0.56677
0.051514
0.073608
0.10883
0.31177
-0.04834
-0.072449
-0.13727
0.25372
0.066956
0.43207
-0.20337
0.2724
0.13867
0.092102
-0.0076294
0.0032959
0.013
-0.047791
-0.024902
0.15521
-0.015137
0.67694
0.16248
0.024536
0.037109
0.72717
-0.03949
0.16522
0.05658
-0.037354
0.0048218
0.080383
-0.030701
-0.028442
-0.049072
-0.029724
-0.10223
0.14325
-0.011536
-0.021973
-0.023743
-0.036072
0.049927
1.0605
0.02533
-0.024719
0.064819
-0.0045166
0.46667
0.028748
0.4837
0.0081177
0.051086
0.0084839
0.036133
0.068542
0.69177
-0.090942
0.071655
0.016418
0.17456
-0.0064697
0.033142
0.014221
0.020203
1.0939
0.033997
-0.057129
-0.0092773
-0.023071
-0.097046
-0.015808
0.024109
0.042053
-0.054077
-0.027832
-0.10425
0.003418
0.072571
0.45404
0.11334
0.066589
0.013794
0.30682
0.0089722
0.90747
-0.058655
0.0021362
-0.0020142
0.02771
0.028259
-0.039917
-0.0043945
-0.013916
0.036255
-0.020142
0.064636
-0.027527
-0.063843
0.11316
0.029114
-0.13501
-0.020813
0.90869
0.61981
-0.0042114
-0.14728
-0.054993
0.1911
0.043091
0.22516
-0.094238
0.11609
0.089294
0.14331
0.32501
0.032898
0.14484
0.34113
0.031982
0.083618
0.017639
-0.11395
0.028625
0.24225
-0.081787
0.15985
0.063477
-0.0076294
-0.0099487
0.12341
-0.028931
-0.012268
0.055908
-0.010437
0.18134
0.077209
0.93811
-0.00091553
-0.09613
0.12335
-0.038513
0.071838
0.0083008
-0.081787
0.060242
0.36804
-0.26569
0.15924
0.27478
0.31006
-0.07312
0.050781
-0.047607
0.0042725
0.039673
0.017029
-0.07019
0.0076904
0.24908
-0.06311
0.44739
-0.026672
0.031311
-0.050415
0.13495
-0.039368
1.0003
-0.017578
0.031616
-0.052246
0.093628
-0.030029
-0.036072
0.018494
-0.006958
0.038025
-0.0056152
-0.012146
0.20593
-0.010132
-0.072693
0.066284
1.0065
0.12616
0.10052
0.045288
0.53119
0.1723
-0.071411
-0.078674
0.14655
-0.081787
-0.064148
-0.067749
-0.015442
-0.048645
0.053711
0.0040894
0.62762
-0.038513
0.13855
0.13165
0.0061646
0.10773
0.044495
0.024597
0.080078
0.53754
0.047302
0.051697
0.11444
0.064331
-0.047668
0.61865
0.033142
0.10114
0.14923
-0.045654
-0.0078125
0.29889
-0.076294
0.041138
0.044983
0.25488
-0.084351
-0.14166
-0.095642
0.22552
0.064209
0.1344
-0.18848
0.30603
-0.053162
0.0020142
-0.0081177
0.018799
-0.05426
-0.031555
0.058716
-0.031982
-0.026611
0.16113
0.77411
-0.061584
0.012207
-0.052246
0.0042725
-0.024963
0.36536
0.027649
0.24994
0.077332
0.26532
-0.053284
0.070374
0.32874
-0.019043
0.39819
0.039917
0.22388
-0.089111
0.041565
-0.048218
0.17291
0.06073
0.23438
-0.008667
0.052734
0.19049
0.18256
-0.099854
0.13
-0.065918
0.059631
-0.11218
-0.0099487
1.0366
-0.029541
0.074097
0.0031128
-0.0045166
-0.022644
-0.019104
0.051208
0.075623
0.015442
0.043762
-0.05957
0.07489
-0.0032349
-0.050049
1.0631
0.059143
0.11853
-0.12317
0.034363
0.19623
0.0091553
0.70935
0.056641
0.13898
-0.10358
-0.10986
0.18665
-0.065674
0.02771
0.1366
0.012817
-0.017395
0.21039
0.17841
0.47589
0.075378
0.16443
0.11481
0.014709
0.41913
0.078796
0.042786
0.19763
0.014099
-0.042542
0.043335
0.42731
-0.075867
-0.0082397
0.24744
0.076294
-0.0060425
0.17377
0.072205
-0.045776
-0.016296
-0.075012
0.18445
0.27936
-0.096558
0.79504
0.011047
-0.083069
0.12628
-0.11646
-0.035156
0.035034
1.09
-0.022766
-0.097534
0.064697
-0.0025635
-0.0098267
-0.048218
-0.023315
0.02002
-0.0042725
-0.046875
0.18457
0.049255
0.59015
-0.05603
0.14349
-0.0092163
0.26007
0.0076904
0.0048218
-0.012756
-0.0015259
-0.0802
0.0056152
0.029663
0.0022583
-0.082275
-0.092651
1.1373
0.0043945
-0.016907
0.019348
-0.065918
-0.042358
1.1351
0.091858
0.082581
0.10217
-0.087463
-0.068665
0.0037231
-0.16595
-0.0067749
0.18524
-0.039734
0.034729
0.049805
0.97626
-0.020691
0.0041504
0.046753
0.013245
0.025879
0.053345
0.18829
0.023926
-0.033691
-0.040344
0.79669
0.22742
0.077209
-0.039856
0.08374
-0.090515
0.10461
0.14136
0.32147
0.21832
0.14667
-0.005249
0.012512
-0.011292
0.32141
0.35858
0.02417
0.18018
-0.013306
0.047241
-0.040283
-0.058411
0.091919
0.26636
-0.14752
0.43835
0.07019
0.20654
0.077454
-0.034424
0.0023804
0.012573
0.0031738
0.066284
-0.06012
0.021423
0.1106
-0.029907
0.04718
-0.04303
0.77814
-0.15466
0.013428
0.10797
-0.096863
-0.021301
0.76471
-0.043152
0.29602
0.091187
-0.079163
-0.025757
-0.057068
-0.013245
-0.045227
0.045227
0.11774
0.017517
0.10541
-0.0079956
0.9834
-0.012573
0.7124
0.0068359
0.20703
0.11542
-0.024353
0.046692
0.018066
-0.0021973
0.044983
-0.018555
0.96753
-0.036926
-0.02533
-0.0071411
0.039307
0.031738
0.03656
0.038452
-0.0058594
0.085205
0.19586
0.081787
0.35547
0.063354
0.049011
0.061829
0.23187
-0.012085
0.16705
-0.0036011
-0.0067749
-0.064331
0.055359
0.028259
0.082825
0.052917
-0.09375
0.76294
0.035461
-0.022461
-0.0037842
0.14978
0.010376
0.30792
0.14227
0.37024
-0.0053101
0.07959
0.0080566
-0.032837
0.79865
-0.030212
0.092041
0.090454
0.092346
-0.023315
0.038818
0.061829
0.010315
0.034729
0.016602
0.27435
0.0043945
0.52881
-0.0043945
0.22925
0.013123
-0.1275
0.016113
0.052979
-0.084717
0.31274
0.17023
0.21576
-0.019409
0.40356
-0.0014038
0.1499
0.0177
0.029236
-0.026123
0.024353
-0.038025
-0.13989
0.0043945
-0.072021
-0.084167
-0.035645
0.99603
0.013245
0.074036
-0.011536
-0.071899
0.017944
0.019043
-0.01532
0.011414
-0.0026245
0.80151
-0.056152
-0.19055
-0.065796
0.0084229
-0.15179
-0.27551
-0.041382
0.50842
0.2771
0.063599
0.0081177
-0.052429
0.076111
-0.0040894
0.026733
0.3125
0.048767
0.093201
0.1886
0.58984
-0.044678
-0.065918
0.0084839
0.013794
0.063782
0.0849
-0.073303
1.0367
-0.094116
0.037659
-0.084412
0.053101
0.28009
0.10388
0.4931
0.0068359
0.19568
0.02301
-0.12915
-0.038879
0.056885
-0.07196
0.047058
0.17786
0.48877
0.097717
0.34857
-0.10815
0.030029
0.019409
-0.068726
0.82672
-0.027405
0.15045
0.020874
0.060608
-0.016846
0.028564
-0.020508
0.045105
0.0075073
-0.036621
0.017395
0.008728
0.00177
0.080933
-0.0010986
0.021301
0.029663
0.68408
-0.075073
-0.0079346
0.030029
-0.040527
-0.020447
0.29266
0.055054
0.14093
0.020142
0.56793
-0.025391
0.88556
-0.11371
0.13623
0.0098267
-0.025879
-0.0088501
-0.047302
-0.050415
-0.0044556
0.02594
0.037476
-0.025208
0.011719
-0.0056763
-0.088867
-0.054016
-0.13312
-0.13702
1.113
0.13037
0.022583
0.1983
0.062744
0.23773
-0.052368
0.30969
-0.006897
0.022766
0.017334
0.20941
-0.051819
0.92816
0.10657
-0.047424
-0.059448
0.056763
-0.014648
-0.10107
0.0048828
0.091003
0.096191
-0.032837
0.84473
0.0042725
0.026245
0.032349
0.024841
0.00085449
0.074524
0.011536
0.089539
0.014832
-0.051331
-0.0010986
0.28168
-0.0010376
0.41492
-0.018372
0.28125
-0.10907
0.11621
-0.048462
0.75427
0.091919
0.13031
0.006958
0.042236
-0.019348
0.036316
0.029236
0.89215
0.025879
0.023682
0.12445
0.045105
-0.053101
-0.0011597
0.0049438
0.033142
0.10986
0.14423
0.0071411
0.26361
0.13043
0.16229
0.20892
0.032227
0.0066528
0.049377
0.36835
-0.047852
0.016052
0.18695
0.024719
-0.030579
0.17566
0.018921
0.024536
0.017883
-0.012756
-0.083313
0.050171
0.05365
0.078552
0.029785
-0.010193
0.045776
0.8949
0.058533
-0.014282
0.11078
-0.027344
0.83386
0.041199
-0.043274
0.0075684
-0.0059204
-0.0082397
0.065796
0.0038452
-0.014832
-0.093689
0.0024414
0.479
-0.057922
0.2948
-0.065918
0.14258
-0.024536
0.16602
0.12354
-0.040466
0.46326
-0.010742
0.21259
0.13501
0.0081177
-0.021545
0.020996
-0.11957
0.043091
0.023682
1.1025
0.014404
0.053955
-0.035095
0.066467
-0.048706
-0.071838
0.042175
0.0045776
-0.014404
-0.044678
0.037231
0.036743
0.028076
0.067749
0.95837
0.030701
0.2489
0.28534
0.039551
0.14886
0.055542
0.15973
0.211
0.042725
0.005127
-0.022095
-0.023438
0.057068
-0.041504
-0.01178
-0.03302
0.12
0.030151
0.81091
0.048157
-0.04364
0.044312
0.61316
-0.032898
0.21655
0.23486
0.05896
-0.073792
-0.052917
-0.06189
0.045837
0.22601
0.074402
-0.091309
0.28094
0.18933
-0.038879
0.1507
0.017944
0.053772
0.0010986
0.037659
-0.0092773
0.045349
0.39886
0.11389
-0.024902
0.086365
0.019958
0.16638
0.025879
0.065918
-0.00354
-0.0046997
-0.087036
-0.065552
-0.032471
-0.04071
0.020325
0.84064
-0.008728
-0.053284
0.13599
-0.15942
0.26703
0.50415
-0.0028687
0.16315
-0.10168
0.012268
0.038635
-0.012573
-0.0098267
-0.0049438
0.00054932
0.0055542
0.075073
0.001709
0.98364
-0.01123
-0.067505
-0.056458
0.0097046
-0.0057983
0.022339
0.034058
0.08252
0.011597
0.2464
0.025024
0.60107
0.10229
-0.010315
-0.083069
-0.079712
0.091309
-0.091553
0.09259
0.048401
0.57373
-0.030212
0.90967
-0.023499
-0.16217
-0.23572
0.051025
0.011536
0.21783
-0.034424
-0.065735
-0.0057983
-0.097351
-0.14032
0.037659
0.99231
0.25287
0.095947
0.082947
-0.021973
-0.059143
-0.085815
0.84485
0.053833
-0.10541
-0.0078735
-0.025391
0.020691
0.11108
0.10474
-0.052246
0.00061035
-0.13812
-0.020508
0.37555
0.18353
0.46246
-0.03772
0.23151
-0.034058
0.11127
-0.036255
-0.086243
0.022095
0.069275
-0.13721
-0.073242
0.98346
-0.010742
-0.1474
0.22137
0.12268
0.0036011
-0.035889
-0.020142
-0.084595
0.034302
0.094727
-0.0048218
0.66656
-0.12964
0.19714
0.29919
0.13153
0.011536
0.046265
0.074463
0.31897
0.25177
0.043213
-0.062805
-0.031372
0.055786
0.017517
-0.032593
0.077759
0.026001
-0.1452
0.075989
1.0656
-0.021973
-0.093323
0.33801
0.034485
0.066895
-0.045715
-0.020691
0.03186
0.20697
0.013916
0.079346
-0.0010986
0.015137
-0.069519
-0.053284
0.0089111
-0.027649
0.64081
0.036682
0.41333
0.10449
0.24963
0.65686
0.038147
0.12048
0.044922
0.024109
0.015381
0.14758
0.15192
0.11426
-0.089172
0.017578
0.1236
0.52563
-0.00079346
0.09552
0.038025
0.18506
0.0093994
0.077271
0.038574
0.21045
-0.1507
0.15729
0.23291
0.10046
-0.0029907
0.48462
-0.059875
0.146
-0.024902
0.037354
0.040894
-0.14606
0.94012
0.076355
0.017883
0.06665
0.034546
-0.0028687
0.032959
0.30548
0.20343
-0.16522
0.31012
-0.02771
0.095947
0.19269
0.098389
0.045166
-0.024719
0.60828
0.18695
0.074341
0.15063
-0.013733
0.0089111
0.06781
0.025085
0.0029907
-0.01416
0.20319
-0.13751
0.00073242
0.39319
0.0043335
0.030457
0.22211
-0.056335
0.32428
-0.049377
0.016968
-0.044495
0.16113
-0.034729
0.60413
0.066406
0.24786
-0.0056152
0.062073
0.014893
0.073914
-0.026611
0.14362
0.11823
0.4574
-0.0095825
0.3125
0.10016
-0.049744
-0.010193
0.0065918
0.14642
0.091248
-0.0027466
0.5304
-0.0027466
0.080688
0.036133
0.0020142
-0.008606
0.025024
-0.23578
0.12067
0.44672
0.19031
0.14673
0.15155
-0.071777
0.021423
-0.010315
-0.030701
-0.057068
0.15393
0.020264
0.45752
0.013855
0.32233
0.043945
0.10345
-0.057983
-0.022705
-0.008728
0.023987
-0.0084229
0.085449
0.14594
0.018982
0.038696
-0.01593
0.80676
0.015198
0.06189
0.082947
0.0042114
0.039673
-0.031006
0.025696
0.091675
-0.05304
0.8595
0.4621
-6.1035e-05
-0.023682
-0.23016
-0.023987
0.0023193
0.19934
-0.15295
0.16467
-0.063232
-0.022095
0.048035
-0.018188
0.014343
-0.020569
0.48163
0.051331
0.56726
0.054626
0.010864
-0.068848
0.046875
0.19391
0.031372
0.58264
0.026123
0.22424
-0.042603
-0.048767
-0.030396
0.21564
0.20135
-0.030579
0.48901
0.15717
0.042297
-0.050659
0.0041504
-0.038269
-0.0075073
0.022583
0.036499
0.12347
0.097656
0.56763
0.0011597
0.050964
0.093079
0.00036621
-0.020386
0.018066
-0.0083618
0.35742
0.016113
0.14313
0.060913
0.23425
0.026855
0.30273
-0.02832
-0.04657
0.93365
0.0093994
0.06427
0.055237
-0.015259
-0.022156
0.052795
0.032104
0.032654
0.015015
0.00067139
-0.061768
-0.02417
-0.038574
0.22705
0.029907
-0.02594
0.073608
0.61865
0.02948
-0.086182
0.016052
0.16644
0.099609
0.72266
0.071716
0.1344
0.12085
-0.023743
-0.046509
-0.048767
0.033813
-0.071228
0.0053711
-0.044006
0.079407
0.35187
0.15259
0.54938
0.024658
0.01062
-0.016479
0.032166
0.051453
0.10303
0.069641
0.10242
0.098145
0.76086
0.39081
0.12549
0.072815
0.079163
0.0092163
0.2525
0.19562
-0.021179
-0.0014038
-0.030396
-0.02417
0.067871
0.14099
0.052124
0.026489
0.68109
-0.10663
0.0023804
0.10162
0.099304
0.0023804
0.0062866
0.02948
-0.040833
-0.015991
0.25409
0.088562
0.077271
0.48566
-0.042297
0.15619
0.0071411
0.25745
-0.006958
-0.0042114
0.15179
0.10474
0.023621
-0.0075684
-0.012512
-0.027527
0.029541
-0.052063
-0.055786
0.02832
0.60834
0.034119
0.49823
-0.0059814
0.032166
0.053772
0.13715
-0.036743
0.65411
0.10547
0.0016479
-0.014648
0.035461
0.00012207
-0.031799
-0.06311
-0.0031738
0.0064087
-0.0075684
0.0093384
-0.063965
0.0095825
0.16406
-0.061584
1.0543
-0.17358
-0.017029
-0.0012817
-0.14478
0.1026
0.92267
0.061646
0.14862
0.053772
-0.072327
0.092529
-0.028809
0.84973
0.1142
0.037537
0.027649
0.055115
0.059692
-0.10468
-0.029724
0.031006
-0.090027
-0.071106
0.039551
0.0096436
-0.063721
0.048767
0.10638
0.98975
0.1228
-0.045593
0.054626
0.035095
0.0081177
0.03363
0.20691
0.0090942
0.16949
0.094177
0.30261
-0.07135
0.019165
-0.11407
0.061462
0.023254
0.64984
-0.091553
0.36554
0.055359
-0.044861
-0.047302
0.012634
0.027344
0.00061035
-0.021362
0.12427
0.039978
0.10724
0.78284
0.014099
0.66876
0.023376
-0.10303
0.061523
-0.084106
0.075378
0.11511
-0.012939
-0.075806
0.064514
0.89758
0.068909
-0.031677
0.049255
-0.070068
0.055359
0.088257
0.050598
-0.068909
-0.013
0.080322
0.093689
0.07666
0.4718
0.17084
0.14923
0.19775
-0.10699
0.15485
-0.017029
0.8858
0.011108
0.17542
0.015991
-0.096008
0.064575
0.11737
-0.03241
-0.091553
0.027039
0.46539
0.0023193
-0.10406
0.0079956
0.16278
-0.082581
0.37378
-0.020874
0.05542
0.022095
-0.14252
0.10242
0.0036621
0.9726
0.056335
0.062866
-0.029907
0.021057
-0.029419
-0.038696
-0.038086
0.037964
-0.01709
-0.041931
0.028748
0.054932
0.039917
0.98108
-0.014038
-0.01947
-0.13184
0.071716
0.062012
-0.036377
0.15723
0.11389
0.15179
-0.17297
0.94464
0.057739
0.9364
0.016357
0.058105
0.11841
-0.13348
0.050354
0.10297
-0.036743
-0.029968
0.025452
0.083313
0.91479
-0.076111
-0.050354
0.052551
0.023926
0.071594
0.031067
0.060974
-0.014771
-0.013428
0.075806
0.55829
-0.063843
0.067322
0.25861
0.14117
-0.084534
0.059692
0.00018311
0.041321
-0.069763
0.95654
0.046082
-0.029114
0.0078735
0.13379
-0.018982
-0.042725
0.034607
0.072876
-0.075989
-0.10248
0.036621
0.29956
0.031494
0.32697
0.050598
0.21393
-0.08667
0.01886
0.88806
0.0018921
-0.017151
0.055176
0.012207
-0.049316
-0.016418
0.035461
0.047913
0.00030518
1.2233
0.031067
-0.085327
-0.034058
0.0092773
-0.04895
0.0059204
0.032715
-0.0079956
0.27966
-0.0094604
0.1698
0.073242
0.14166
0.0046387
0.33899
0.14801
0.027466
0.0097656
0.10791
0.041443
0.31952
-0.0021973
0.031006
-0.040649
0.1521
0.073975
0.0098877
0.068298
0.076477
0.02594
0.29346
-0.020203
0.11877
-0.017395
0.23993
-0.042725
0.14703
0.0028076
-0.079956
0.027466
0.045959
-0.034729
0.008728
0.90283
0.087708
-0.0063477
0.065979
0.10547
-0.0029297
-0.054871
0.10596
-0.033875
0.78558
0.031494
0.17249
-0.022339
-0.012268
0.072205
0.071411
0.046143
0.14661
0.17059
0.15674
0.086792
0.25146
0.030029
0.17505
-0.088257
0.024475
-0.010254
0.0048828
-0.044128
0.035461
0.19037
0.049194
-0.024658
-0.083923
0.89581
0.19482
0.010864
0.069458
0.66553
-0.077271
0.16882
0.090515
-0.030762
0.19073
-0.12854
0.043579
0.078918
0.1875
0.019775
0.2569
0.19312
0.31061
0.0092773
0.019714
-0.075623
0.061584
0.046814
0.26361
0.13129
0.19965
0.088867
0.41565
0.0076904
0.11951
-0.010559
-0.025085
-0.081726
-0.11151
1.1975
-0.077576
0.028625
0.022827
0.018311
0.010071
-0.058044
-0.0031738
0.02948
0.040344
0.11646
0.08252
0.26294
-0.043701
0.8349
-0.035522
-0.18549
0.054443
-0.033875
0.69611
0.047485
0.1275
-0.082703
0.17017
0.026428
0.089294
0.023743
-0.04248
0.07251
-0.030945
-0.045349
0.099182
0.13983
0.060364
0.10236
-0.036621
0.7688
-0.0023193
0.0064697
0.37872
0.03949
0.54596
0.027405
0.041077
-0.019226
-0.068604
-0.023987
-0.0031738
1.1151
-0.08606
-0.057129
-0.0082397
0.014404
0.025146
-0.046265
-0.0046997
-0.0085449
-0.038452
-0.077148
0.030823
0.18634
0.57233
-0.018494
0.36261
-0.0029907
-0.064087
-0.086487
-0.03064
-0.033386
-0.012024
0.010864
-0.048645
0.40137
0.084106
0.84741
0.036499
-0.033325
-0.03949
0.076721
-0.099243
-0.042175
-0.053894
1.18
-0.051819
-0.11115
0.0028076
0.15302
0.021973
0.0097656
-0.15656
0.11786
-0.12122
0.99396
-0.013184
0.10046
-0.02478
-0.13434
-0.035583
0.014465
-0.030151
-0.030701
0.0031128
-0.0177
-0.068298
-0.033447
-0.098083
0.75781
0.0093384
0.049011
0.51971
0.035522
0.21381
-0.0177
0.14355
-0.012512
-0.00354
-0.020142
0.49719
-0.0059204
0.11517
0.04248
-0.040161
-0.011658
0.10553
-0.027527
0.00079346
0.011292
0.0081787
0.11053
-0.0098877
0.0015869
0.030273
0.020874
-0.036194
0.44202
-0.2345
0.66565
-0.049866
-0.030029
0.014221
-0.072571
0.054321
0.1936
0.0054321
0.72034
0.073547
0.14056
-0.027039
-0.0036621
-0.031921
-0.0062256
0.080444
0.10132
0.031677
0.14911
0.068054
0.73486
-0.044983
0.015564
0.016479
-0.013184
0.019348
0.33429
0.052979
0.40527
-0.085022
0.1687
-0.00024414
0.037476
0.29913
0.068665
0.38062
-0.069397
0.2475
0.077759
0.047546
0.00073242
-0.026794
1.0118
-0.0098267
-0.074707
0.069458
0.018005
-0.023987
-0.043579
0.024292
0.039185
-0.028015
-0.019897
0.014404
-0.07489
0.016724
0.0091553
0.051208
0.071411
0.6095
0.036194
-0.050476
-0.083313
-0.030396
0.8277
-0.035706
0.055237
0.056763
-0.032837
0.11102
0.10614
0.018188
0.053833
-0.067566
1.0432
-0.083374
-0.013123
0.037659
-0.13538
-0.0271
0.0028076
0.055603
0.0061646
-0.036499
0.041748
0.053223
0.0224
0.021362
-0.013672
0.50684
0.020569
1.004
0.017334
0.012024
0.10449
-0.17017
-0.04895
0.13
0.02771
-0.082092
-0.01123
0.16504
-0.031982
-0.081421
0.48779
-0.11395
-0.014893
0.078979
0.17548
0.50317
-0.033752
0.020264
-0.014099
0.019714
0.0072021
0.0091553
0.067383
-0.01001
0.34021
-0.058655
0.638
0.47394
0.11743
-0.029297
0.096436
0.064575
0.076233
0.37567
0.046143
-0.018494
-0.00073242
0.10449
0.055603
-0.020203
0.0079346
-0.020874
0.37134
0.033142
0.50775
-0.17511
0.17151
-0.010132
0.019104
0.041321
0.026367
0.016174
0.31708
-0.025757
0.46722
0.10883
0.058777
-0.012573
0.015747
-0.041748
-0.06311
0.079773
0.058655
0.076538
-0.028198
-0.051147
0.72815
0.041687
0.011475
0.28296
0.016052
0.37982
0.016113
0.41681
-0.02417
-0.015564
0.042175
-0.01001
0.066284
-0.1106
0.3089
0.42914
0.065674
0.14673
0.032593
-0.012939
0.021301
