0.091858
-0.036133
0.11389
0.016968
0.27985
0.070435
0.43335
0.067871
0.048889
-6.1035e-05
0.037842
0.051392
-0.13165
-0.0065918
-0.00177
0.20807
0.0048828
-0.0021973
0.86542
0.054443
-0.06012
0.099609
-0.17163
1.1218
0.15118
-0.039185
0.070679
-0.031311
-0.021179
0.049805
-0.045959
0.070496
0.05011
-0.01947
-0.034119
0.13538
-0.068054
-0.039307
0.86542
-0.0038452
0.92517
0.042175
-0.041748
-0.044006
-0.12811
0.031921
0.18225
-0.0083618
-0.00018311
-0.057495
0.27661
0.13312
0.34485
-0.04718
0.021179
0.06604
0.18097
0.017334
0.078979
-0.012939
0.034485
-0.010315
0.024719
0.020325
-0.046509
0.15057
-0.025635
0.090576
0.1344
0.73145
0.13263
-0.016296
0.063782
-0.1687
-0.032349
0.61835
0.095398
-0.14105
0.15033
0.26727
-0.010742
1.0347
-0.0053101
-0.024841
0.032715
-0.044006
0.046814
-0.070251
-0.026367
0.056946
-0.032837
0.0271
-0.065369
-0.038574
-0.057434
1.2487
0.044983
-0.164
-0.051147
0.087524
0.028015
0.010925
0.083557
0.78955
-0.0045166
-0.09198
-0.083801
-0.0061035
0.13507
-0.11151
0.11206
0.020569
1.0192
-0.10925
-0.076477
0.019348
-0.055481
-0.031372
0.04303
0.085938
-0.036255
0.020081
0.056091
0.00067139
0.34845
0.054321
0.4834
-0.10095
0.22736
0.0059204
-0.045959
0.016541
0.032166
0.0070801
0.022095
0.75616
0.033813
-0.086609
0.0026245
0.19275
0.012451
0.1048
-0.061462
0.72919
-0.033936
0.17169
-0.051636
-0.068359
0.11938
0.010437
0.30859
-0.0056763
-0.028076
0.14905
0.10016
0.033264
0.33209
0.0448
0.066467
0.058105
0.25873
0.17487
0.02179
0.42108
0.018799
-0.013306
0.11127
0.050415
0.084717
-0.021729
0.58423
0.0076294
0.097778
0.059814
0.036987
-0.0055542
0.33179
0.021057
0.083435
-0.02124
0.014282
0.0091553
0.0020142
-0.0060425
0.017517
-0.078369
0.00073242
0.66095
-0.066467
0.39832
-0.033325
0.0089722
0.20782
-0.070068
0.53461
-0.021301
0.36115
0.040649
0.0011597
-0.0046997
1.0629
-0.038818
0.094849
-0.077637
-0.032654
0.037781
0.19305
0.03363
-0.11615
0.018494
-0.08905
-0.040161
0.35803
-0.092102
0.46228
0.038757
0.17053
-0.042297
0.08728
0.046936
0.076172
0.92761
-0.0448
-0.010376
0.016907
0.037659
-0.089478
-0.0060425
0.008606
0.048035
0.031128
0.00042725
-0.028992
0.048279
-0.045715
0.05072
-0.04425
-0.016113
-0.036133
0.86957
0.039307
0.018066
-0.034119
-0.18585
-0.06073
0.72711
0.027283
0.010681
0.020264
0.28577
0.087158
0.93933
-0.007019
0.072327
0.086853
0.0097046
-0.0054932
-0.036621
0.033936
-0.048828
0.001709
-0.0059204
-0.046997
0.011475
0.016113
-0.24268
0.062622
1.2798
0.01886
-0.0083008
0.018738
-0.088745
-0.10455
-0.0087891
0.031433
0.6889
-0.017151
0.21338
-0.031372
0.04895
0.050903
-0.0014648
-0.069275
-0.024597
0.0495
0.84906
0.034546
0.20123
0.034668
0.010132
-0.01416
-0.02002
-0.00091553
0.038025
0.042847
0.88947
0.067566
0.20068
0.038513
0.012207
0.013306
0.0013428
-0.031677
0.01178
-0.035217
0.3031
0.073486
0.16077
-0.0098877
0.4613
0.055664
-0.03241
-0.029297
0.1839
0.12183
0.15637
0.27808
0.073608
0.19135
-0.11493
0.087097
0.015564
-0.22668
-0.10675
-0.013
0.076111
-0.1543
0.042603
1.3765
0.10779
-0.022339
0.10175
0.39746
-0.0022583
0.5351
-0.017395
0.070618
0.036804
-0.075073
-0.049683
0.17004
-0.089111
0.09314
-0.016479
0.016357
0.17035
0.22345
0.0073242
0.29681
0.037048
0.47876
-0.0039063
-0.032227
0.13019
-0.017395
0.0042725
0.09436
0.033508
-0.051453
0.00036621
-0.008667
0.12671
-0.045288
0.070557
0.62347
-0.030579
0.27441
-0.058777
0.089722
0.02478
0.029297
0.10303
0.031982
0.046204
0.3075
0.097473
0.43988
-0.050537
0.062805
0.033813
0.034851
-0.022827
0.16638
0.20013
0.45496
-0.027832
0.15112
0.071899
-0.014709
-0.039063
0.010864
0.60077
-0.099243
0.21466
0.054871
0.037537
0.02002
0.02063
-0.056885
0.073303
0.039307
0.99182
-0.029541
-0.069275
0.039612
-0.023499
0.081177
-0.045227
0.045044
0.0077515
-0.17419
0.10553
0.20441
-0.1026
0.74255
0.028442
0.026306
0.020325
-0.029175
0.06781
-0.0029297
-0.014893
0.51447
0.046387
0.26208
-0.031738
0.39294
-0.018799
0.060852
0.011963
0.01709
0.052185
-0.045837
-0.11646
0.17395
0.021484
0.09613
-0.016052
0.83533
0.025757
-0.041626
0.047363
0.52008
-0.06366
0.33783
-0.016113
0.16479
0.018738
-0.010315
0.0057983
-0.026489
-0.065369
0.043091
0.091553
-0.096802
0.23938
0.039551
-0.081909
0.31195
0.31573
1.1524
-0.073975
-0.055359
-0.06543
-0.21692
0.0089722
-0.0055542
0.067993
-0.00085449
-0.00177
-0.069336
-0.016785
-0.12872
0.020264
-0.01416
1.0089
-0.052307
-0.0053101
0.14972
0.0026245
-0.030273
0.00079346
0.078186
-0.032593
0.085327
0.063354
0.24359
0.010071
0.61621
0.015381
-0.047485
0.71777
-0.11969
0.02655
0.11346
0.15887
-0.0082397
-0.034424
-0.0031128
0.019531
0.0076294
0.11664
-0.1076
0.61475
0.087097
0.010193
0.092529
0.024475
0.072021
0.0061035
0.15503
0.03241
0.18048
-0.09967
0.043213
0.067688
0.34607
-0.035645
0.54419
-0.10602
0.13287
0.03833
-0.049316
0.69965
-0.042603
0.005188
0.047729
0.0045776
0.080139
-0.039612
-0.032837
0.022583
0.62982
-0.040894
0.011841
0.018677
0.095398
-0.063599
0.032532
0.078125
0.064636
0.22595
-0.063599
0.26941
0.33405
0.045593
0.11658
0.077087
-0.01001
0.088745
-0.033997
-0.0037842
0.0224
-0.040955
0.045898
-0.021301
0.081116
0.069702
0.93347
-0.017334
0.16534
-0.05542
0.030396
0.34534
0.17944
-0.019836
0.38812
-0.0056763
0.032532
-0.021973
0.28149
0.037598
0.24481
0.059875
0.037598
0.15948
0.22186
-0.024231
0.10358
-0.017944
-0.0039673
-0.048706
-0.0071411
0.066528
-0.055664
0.59259
-0.076111
0.054749
0.0081787
0.43573
0.1228
-0.031921
0.054382
0.94287
0.055481
0.0046997
-0.04303
-0.023193
-0.097046
-0.0071411
0.18024
0.08075
0.42346
0.044556
0.23047
0.022278
0.031128
0.072632
0.066895
-0.057922
-0.021179
0.03479
0.0042725
-0.005127
-0.0050049
-0.024109
-0.02655
0.12
0.049561
0.84125
0.014893
0.10431
-0.018982
0.045776
0.018982
0.15778
-0.0089722
0.93365
-0.036621
-0.11749
0.0061035
0.018982
0.36877
-0.022034
0.48669
0.011719
0.1225
0.034851
0.0045776
0.017151
0.078918
-0.035461
0.23309
0.36621
0.011047
0.19037
0.17322
-0.089905
0.025452
-0.025269
-0.031738
0.024841
0.6604
-0.01825
0.077881
0.057495
0.16614
-0.054016
0.068176
0.054565
0.2301
-0.050415
0.27405
0.15833
0.10321
0.078186
0.20038
0.027771
-0.023315
0.011169
0.082825
-0.077881
-0.13184
0.10858
-0.010803
-0.13513
0.12384
0.14966
0.69916
0.069397
0.024719
0.035095
-0.008667
-0.00177
-0.028992
0.11658
-0.022034
-0.029663
-0.093872
0.87854
-0.13379
-0.067627
0.34772
0.16187
0.26288
0.072571
0.3064
-0.074585
0.11584
-0.0042725
0.072632
0.12982
0.077454
0.26025
0.15356
0.058716
0.046448
-0.035767
-0.027649
-0.017395
-0.13794
-0.008728
0.27777
0.014038
0.55206
0.057129
0.16718
-0.045959
0.00030518
0.039368
-0.0027466
0.0028076
-0.039551
0.066345
0.036194
0.092224
0.060608
1.0396
0.0073853
-0.03241
-0.034119
0.044983
-0.01825
-0.029724
-0.0010376
-0.017639
0.052795
0.47638
-0.13989
0.66315
-0.019226
0.025452
0.075562
-0.085571
0.012817
-0.024719
0.029602
0.13416
-0.17133
1.123
0.047119
-0.018738
-0.010681
0.0040283
-0.035522
0.17633
0.032837
0.47906
-0.066956
0.33368
0.051636
0.23468
-0.064575
0.82086
0.16577
-0.063538
0.039246
-0.015686
-0.055115
0.07019
-0.0082397
-0.0177
0.0026855
-0.061951
0.50006
0.03894
0.24481
-0.041382
-0.00030518
0.0077515
-0.029541
0.057617
0.016541
-0.00024414
0.014893
0.32281
0.001709
0.12048
0.064453
0.47644
0.087891
0.058105
0.11182
0.051941
0.5271
0.031189
-0.036133
0.015808
-0.017212
0.032288
0.0060425
-0.02771
-0.031372
0.052063
-0.038696
-0.060364
-0.035156
0.99048
0.12701
-0.10529
-0.017944
-0.16083
0.02655
1.0815
-0.014771
-0.01239
0.020264
-0.0046387
0.037231
0.0026245
0.22443
0.2594
-0.057312
0.47437
0.13696
-0.029785
0.043091
0.013916
-0.054382
0.021179
0.019714
0.055908
0.54059
0.031982
0.27692
-0.0048218
0.14856
0.018677
-0.062439
-0.036682
0.69714
-0.015076
0.2663
0.19836
0.071411
-0.0031738
0.18292
0.079834
-0.070557
0.025269
0.0068359
-0.0063477
0.051636
0.034241
-0.0089722
0.31818
0.033752
0.27277
0.1012
0.35455
-0.053467
0.083435
0.26385
-0.036987
0.54382
0.022766
0.079773
0.094177
-0.013367
-0.029541
0.024414
0.084961
-0.11334
0.79053
0.037659
0.0075073
0.041992
-0.032837
0.050354
-0.01239
0.21234
-0.0059204
-0.10059
0.44983
0.062927
0.017456
0.062195
0.048706
0.08197
0.006897
0.012695
0.8988
-0.010803
0.059204
0.040588
0.059631
-0.074951
0.00097656
0.014343
0.052368
-0.0094604
-0.071167
-0.045044
0.057495
0.033752
0.17059
-0.033081
-0.030151
0.01825
0.95398
0.05072
0.014404
-0.092651
0.037964
-0.0028076
1.0869
-0.037964
0.0040894
0.00085449
-0.098022
0.069214
0.058411
-0.24316
-0.044922
0.098938
-0.085144
-0.035583
0.003479
1.4161
-0.0065308
0.063171
0.030579
0.57892
0.046936
0.017395
-0.039001
0.15137
0.012085
0.046387
0.054321
0.022156
0.14001
-0.027527
0.54553
0.17035
0.035828
0.017212
0.012146
-0.045044
0.0177
0.045837
-0.025818
-0.067993
-0.0039673
0.053833
0.69495
-0.032593
0.19354
0.1062
0.14557
0.29803
0.16858
-0.032288
0.34106
0.037537
-0.053528
0.11389
0.069824
0.17798
-0.055664
0.30963
-0.074219
0.13605
0.067993
-0.023621
-0.034119
0.15411
-0.05188
-0.022217
0.07782
-0.085144
0.10901
0.08136
0.0099487
0.5257
-0.012329
0.25385
-0.028076
0.01709
-0.055969
-0.043945
-0.07666
-0.13373
0.022888
-0.03772
0.96411
0.026184
-0.01593
0.006958
0.0066528
0.066284
-0.075195
0.10291
-0.0078735
0.040894
0.18445
0.33856
0.079041
0.20337
0.10663
-0.023376
-0.04834
0.007019
0.77454
0.15686
0.044434
0.061035
0.036194
-0.035889
-0.0075684
-0.059021
0.015808
-0.051392
0.051147
-0.0053101
0.90424
0.018372
0.16248
-0.054749
0.19855
0.36407
-0.015991
-0.082886
0.28143
0.15216
0.050293
0.10852
0.067078
-0.042236
0.022278
-0.027893
0.034485
-0.038391
-0.0047607
0.062256
0.28198
0.024536
0.79858
-0.024414
-0.12085
-0.037964
0.039917
-0.050049
-0.0040283
-0.022888
-0.080627
-0.012939
1.105
0.090271
-0.086121
0.029785
0.055664
0.10443
-0.0071411
0.19006
0.3468
0.3692
-0.00067139
0.0062256
-0.068909
0.74072
-0.01355
-0.11456
-0.051453
0.25507
0.070374
0.323
-0.16461
-0.0038452
0.027588
0.0018921
0.048279
0.0073242
-0.061218
-0.016174
-0.038696
-0.065613
0.12354
0.060425
0.71814
-0.031067
-0.0096436
-0.092224
0.0073853
0.021423
0.56586
-0.041321
0.43475
0.1001
-0.044312
0.039001
0.68945
-0.064575
0.10907
0.11102
0.095642
0.19794
0.16956
-0.072205
0.075623
-0.042969
0.082336
0.35083
-0.0022583
0.58722
0.10889
0.15912
-0.037598
0.073486
0.066467
-0.104
0.10175
0.30957
-0.10431
0.30109
0.083984
0.21747
-0.094666
-0.022949
0.10345
-0.177
0.021118
-0.016724
-0.016724
-0.11713
1.0441
-0.053223
0.011597
0.1214
-0.043701
-0.20685
0.019775
0.065247
1.0413
0.036743
0.073181
-0.15771
0.077454
-0.044006
0.010559
0.51868
0.098206
0.2063
-0.080078
-0.043884
0.071594
0.18243
0.02533
0.17676
-0.034546
0.25085
-0.042725
-0.030029
0.20422
0.098145
0.031799
0.23578
0.032898
0.10852
-0.010559
0.057129
0.93915
-0.019043
0.0012817
0.036255
0.0023193
0.033813
-0.013611
0.033081
0.00054932
0.058167
0.14502
0.026245
0.34491
0.46924
-0.011963
0.099609
0.037537
-0.015625
-0.052124
0.72168
0.06366
-0.037354
-0.10138
-0.064209
0.038452
0.082886
-0.03125
0.0224
-0.018005
-0.028076
-0.0015259
-0.045654
-0.061951
0.088623
1.046
-0.00018311
0.054871
0.026794
-0.0054932
0.033081
0.13342
0.0019531
0.036133
0.6189
-0.015564
0.16534
0.049744
0.10852
0.045166
-0.022827
-0.041016
-0.16077
-0.081116
0.08905
-0.043091
0.055481
0.029663
0.93201
0.068604
0.053467
0.065369
-0.034485
-0.012939
-0.0059814
0.4931
-0.0062866
0.29706
-0.057983
0.32898
-0.017944
-0.016541
-0.027893
0.018921
0.0354
-0.0032959
-0.023376
0.8432
0.054688
0.13232
0.25293
0.0077515
0.017212
0.34155
0.025024
-0.08374
0.079285
0.034302
0.0029297
0.048645
0.14368
-0.075684
0.24243
0.026611
0.18964
0.020386
0.14252
-0.17639
0.2027
0.015198
-0.037109
-0.014893
-0.022522
-0.083008
-0.0061646
0.008728
-0.0048218
0.021484
0.55212
0.035522
-0.013672
0.26056
0.0038452
0.74878
0.048584
-0.053467
0.031372
0.073181
0.0079346
-0.0074463
-0.14032
0.025452
-0.087952
-0.028137
0.042908
0.67255
-0.057251
0.28857
0.02356
-0.03894
-0.018555
-0.05658
0.074707
0.0010376
0.67468
-0.015198
0.20447
-0.077515
0.13483
0.053528
-0.043762
-0.045776
0.28412
0.075623
0.40784
-0.056641
0.33832
-0.021179
0.0067749
-0.080505
0.0401
-0.020264
-0.045227
-0.035522
0.057617
-0.03064
0.087219
0.08728
0.034485
0.84723
0.028442
0.02771
-0.093262
0.016296
0.16449
-0.014526
0.091553
-0.061218
0.69037
0.039734
0.013062
-0.11877
0.043945
0.0098267
-0.016235
0.30182
0.011047
0.17004
-0.02771
0.5813
-0.034424
-0.072021
0.10504
0.052185
-0.078735
0.48193
-0.046997
-0.06958
0.1933
0.12976
0.051575
-0.051819
0.12042
-0.0625
0.031433
-0.054932
0.088013
-0.059143
0.67004
0.071472
-0.059875
1.0095
0.016724
0.019775
-0.018066
-0.020264
-0.0029297
0.042358
-0.020874
-0.038208
0.005127
-0.037781
-0.011292
-0.071167
0.0039673
0.16919
-0.020752
0.2757
0.22211
0.37201
0.079773
-0.10114
-0.092407
0.0036011
-0.01062
1.0147
0.10474
-0.024658
0.013428
0.065125
1.0247
0.0271
0.070251
-0.021118
-0.1203
0.080383
0.11182
-0.066101
0.016541
0.060486
0.0018311
0.90088
-0.048035
0.079468
0.044189
-0.032593
-0.0036011
-0.0061646
-0.058289
0.020508
0.00048828
0.039307
-0.061096
-0.11621
0.09967
0.62939
0.077942
0.47748
-0.10492
-0.010254
0.073853
0.05719
-0.15259
0.34863
0.39246
0.056519
0.14398
-0.033447
0.042969
0.042542
0.17596
-0.18335
0.14771
0.71423
-0.12616
-0.033142
0.1629
0.00177
0.15662
0.083435
0.056885
-0.035889
-0.09375
0.85864
-0.055298
-0.067505
0.046936
0.047241
0.075867
0.16522
-0.065613
-0.060669
0.043701
0.61359
0.45874
0.026794
0.13373
0.020935
-0.10419
-0.072144
-0.09491
0.093689
0.2818
0.027222
0.65875
-0.001709
-0.016968
-0.021179
-0.11255
-0.0050049
0.011414
0.08551
0.17975
0.03064
0.28705
0.0057983
0.27026
0.00097656
0.073914
-0.049561
0.21021
0.28571
0.032471
0.33771
-0.0045776
0.045349
0.0026245
0.12445
0.16876
-0.018433
0.10931
0.1535
-0.12531
0.19299
0.36798
0.022644
0.15167
0.024475
0.04303
-0.010254
-0.0271
-0.0013428
-0.037231
0.064148
0.015503
0.39136
-0.034485
0.6734
0.067017
0.036682
0.073425
-0.059509
0.011353
-0.0025635
-0.081116
0.27527
0.053101
0.062988
0.58344
0.1275
0.70691
-0.056519
-0.14996
-0.022339
0.12372
0.024841
0.36859
-0.06543
-0.00177
0.034851
0.030457
-0.0029297
0.043213
-0.02887
-0.015808
-0.0023804
-0.015076
-0.12891
-0.088623
1.1506
0.29022
-0.18817
0.058167
0.17175
0.016724
-0.064758
0.32477
0.1048
0.42279
0.0099487
0.19135
-0.18481
0.097961
0.66388
0.10541
-0.034241
0.21802
0.078613
0.094055
0.032532
0.64777
-0.018311
-0.14319
-0.036255
0.21924
0.11212
0.25079
-0.053772
-0.0012207
0.028137
-0.1286
0.13464
-0.1441
0.097168
0.83661
0.022583
0.16364
-0.018799
0.010864
0.044861
0.069214
0.027405
0.2746
-0.014893
0.49847
0.003479
0.11511
0.00036621
0.096375
-0.0020752
-0.11481
0.018982
0.026367
0.023621
-0.025696
0.14099
-0.037598
0.5769
0.082947
0.18994
-0.13464
-0.016846
0.01123
0.75964
0.34143
0.016052
0.034485
-0.013428
-0.043762
-0.029175
0.08429
0.052917
-0.018555
0.045471
0.082947
0.80493
0.041321
0.020752
0.058228
-0.07019
-0.015869
0.013123
-0.021179
0.052185
0.03125
-0.09314
0.024902
1.1467
-0.053589
0.0054321
-0.055786
0.14374
-0.096497
0.72205
0.12531
0.053406
0.046021
0.019653
-0.022583
0.03949
-0.058105
-0.029663
-0.036987
0.011658
0.0024414
0.38037
0.0084839
0.64349
0.12451
-0.1225
0.071655
0.0027466
-0.20587
-0.052185
-0.12097
-0.059143
-0.062683
0.18793
1.207
-0.091064
0.075317
-0.013184
0.0073242
0.046448
0.49976
0.039246
0.43054
-0.0026855
-0.021484
-0.0071411
0.098999
0.086121
0.077454
-0.071838
0.18457
0.16418
0.36316
0.030762
-0.0039673
-0.00018311
-0.047058
0.050903
0.27258
0.090454
0.14142
0.092041
0.24762
-0.077148
0.094604
-0.0087891
0.040894
0.032166
0.15002
-0.033691
0.66486
0.0046997
0.12817
0.038452
-0.069092
0.051636
0.13068
0.090149
-0.0056763
0.83447
-0.029358
0.014771
-0.057922
0.0092163
-0.065674
0.0031738
-0.0046997
0.6925
-0.066711
0.1015
-0.0093994
0.12817
-0.0023804
0.14868
0.04071
-0.022156
1.0007
0.04364
0.0032349
0.0050659
-0.10596
0.047119
0.028503
0.048767
-0.019531
0.047791
0.022278
0.069092
0.024719
0.14087
-0.025757
0.52637
-0.05365
0.5686
-0.069031
-0.13995
0.078735
-0.057922
-0.011841
0.066162
0.0022583
0.72021
0.10638
0.25061
-0.086609
-0.031189
0.24066
0.0046997
0.26697
-0.056946
-0.0095215
-0.0849
0.24854
0.021606
0.066223
0.10602
0.057007
-0.044922
0.16138
0.043884
0.32794
0.026184
0.46777
0.020142
0.069214
-0.0056763
-0.072021
0.022705
0.30469
-0.090759
0.53949
0.091797
0.17352
0.036194
0.029297
-0.049377
0.053223
1.0108
-0.039124
-0.0050659
0.038513
0.057129
-0.056213
-0.036438
-0.024719
-0.0075684
0.088562
0.74316
-0.0028076
0.098511
0.061462
-0.0083008
-0.053162
0.098511
-0.052185
0.020508
-0.065613
-0.014893
0.23767
0.035706
0.5752
0.068176
0.17133
-0.054138
-0.066528
-0.028992
-0.050171
-0.0045776
0.052185
0.099304
-0.005249
0.25623
0.010315
0.68732
0.072266
-0.062195
0.051208
0.034973
0.36243
0.057434
0.080811
0.033264
0.18909
0.0025024
-0.044189
-0.010925
0.046082
0.14575
0.0039063
0.55719
-0.016357
0.13892
-0.05249
0.036804
0.0083618
0.050903
-0.076965
-0.07782
-0.053772
-0.084106
0.06012
1.0662
0.092651
0.033752
0.00091553
-0.072327
-0.027283
-0.024658
-0.020081
0.12286
0.060974
0.59583
0.022217
-0.034485
0.08429
0.2876
0.48724
0.10303
0.06897
0.14337
-0.003418
0.06543
0.22144
0.056824
-0.046448
-0.032349
-0.069641
0.10852
0.2309
-0.049622
0.53333
0.033142
0.14337
-0.0042114
-0.019409
-0.028625
-0.00091553
-0.038757
0.25146
0.021301
0.40521
0.036377
0.26538
-0.068909
0.00097656
0.061401
-0.091919
0.04364
0.10168
0.30615
0.41541
0.018433
0.19037
0.068237
-0.11688
-0.062927
0.085876
-0.036621
0.03656
-0.063965
-0.080322
0.23651
0.068115
0.25372
0.47296
0.075928
0.0012207
0.074097
-0.012695
0.023438
0.082825
-0.096375
-0.0024414
0.60889
-0.16302
0.53906
0.053894
0.055054
0.059387
0.033386
-0.036743
-0.13611
-0.051208
-0.16187
-0.098083
1.1558
0.021973
0.0063477
0.40369
-0.0054321
0.28241
-0.0097046
0.24487
0.015015
0.062927
0.01593
0.96008
-0.045532
0.0010986
0.035095
-0.10107
0.0224
-0.01355
-0.035645
-0.059326
0.093018
0.045654
0.097839
0.050598
0.017944
0.041199
-0.090881
-0.035522
0.25134
-0.14838
0.73242
-0.019714
0.078247
0.11127
0.067444
0.013184
0.33954
0.1449
0.028076
0.34509
-0.035522
0.085083
0.19818
-0.081299
0.61206
-0.0048218
0.046387
0.097534
-0.015991
0.15344
0.010803
-0.024475
0.0078125
-0.047485
0.056091
0.069885
0.10315
0.05127
0.7132
0.051941
-0.1499
0.1123
-0.18384
0.058105
1.2487
-0.064087
0.044312
0.042603
-0.016357
-0.010071
-0.026367
-0.025879
0.97693
-0.022583
-0.11505
0.0096436
0.013794
0.031738
-0.020813
0.023193
-0.024292
0.083801
0.082947
0.2569
-0.053406
0.46259
-0.054199
0.13129
0.0089111
0.010132
0.0074463
0.013855
-0.084412
-0.05304
0.050903
0.061584
0.87366
-0.018188
0.10095
0.12469
-0.14655
1.325
0.028809
-0.096375
0.028687
-0.17731
0.11609
-0.0047607
-0.065857
-0.019043
0.13464
-0.027527
1.0656
-0.046082
-0.15063
-0.0044556
0.0025635
0.020447
-0.023193
-0.01532
-0.022766
0.0057373
0.029297
-0.08429
0.018311
0.0094604
-0.014832
-0.033752
0.063965
0.57709
0.034424
0.12213
0.11365
-0.17316
0.0060425
-0.070313
0.70209
0.0037842
0.16467
-0.0084229
0.48352
-0.017761
-0.074463
0.031738
-0.090942
0.067871
0.15692
0.081848
0.16638
0.69922
-0.024719
-0.054626
0.0053711
0.1629
-0.0037231
0.60321
0.047424
0.23157
-0.028748
-0.038696
0.046326
0.27448
0.13055
-0.082214
0.37903
0.10065
0.01123
0.0059814
0.0013428
0.0014648
-0.010986
0.06311
0.016846
-0.0056152
0.064026
-0.012207
0.1571
0.020203
0.89606
-0.02478
-0.12811
0.033691
-0.024475
0.012329
-0.05481
0.026184
0.022705
0.057678
-0.029663
0.88977
-0.040527
-0.058411
-0.039001
-0.11139
0.090637
0.078247
-0.14581
-0.050903
-0.11639
-0.28522
1.0764
-0.037476
-0.0010376
0.61096
0.017456
0.14807
0.010193
0.22711
0.048706
-0.019287
-0.0495
-0.081726
0.073059
0.039734
-0.031494
0.76556
0.025391
0.26733
-0.00097656
0.011719
-0.1048
0.25165
-0.055542
0.021423
0.31299
0.198
0.03186
0.17596
0.042419
-0.021606
-0.054016
0.030334
0.090271
-0.053528
0.47729
0.37573
0.02771
0.099426
-0.005249
0.028503
-0.012085
0.14691
0.024048
0.25623
0.021484
0.24585
0.04657
0.38519
0.02063
0.034973
-0.038818
0.164
0.020508
0.30371
0.13995
0.021606
0.029663
0.32715
0.084595
0.11224
-0.0044556
-0.038879
-0.064026
0.18744
0.018494
0.70258
0.0091553
0.091553
-0.053284
-0.019592
0.0097046
0.0625
0.032227
-0.041199
0.013794
0.059387
0.0093384
0.051514
0.69952
0.017944
0.17792
-0.034912
0.071045
-0.024536
-0.063477
0.15582
0.076782
-0.031799
-0.11212
-0.038269
0.86359
-0.047913
0.99561
-0.10297
-0.06488
0.040344
0.10651
-0.028748
-0.0224
-0.031677
0.015137
-0.017029
-0.031372
0.032959
-0.014832
0.051025
0.17255
-0.00048828
0.10321
-0.060303
0.71649
0.038818
0.00073242
-0.0087891
0.0026855
-0.0092163
0.16498
0.068176
0.66815
0.048401
-0.059937
-0.058838
-0.026306
0.10236
-0.051025
0.62225
0.044922
0.25952
0.062866
0.021423
-0.06311
-0.048035
0.016724
-0.10645
0.0016479
0.049072
0.48236
0.031433
-0.09967
0.18036
0.25122
0.3288
-0.0054932
0.072815
0.09314
-0.014954
0.064026
0.22272
0.052734
-0.10211
-0.0097656
-0.042419
0.15167
-0.0045776
0.91357
0.016235
0.012512
0.0271
-0.010437
-0.03833
-0.043884
0.04895
0.026184
0.67426
0.018799
0.17188
0.0056152
0.22772
0.040283
-0.036133
-0.06427
-0.01178
0.030273
0.1463
-0.026428
0.58081
-0.018494
0.25598
-0.024475
0.0084839
-0.01532
0.0062256
0.091187
0.058777
0.045654
0.079834
0.5376
-0.028992
0.2818
0.048645
-0.13104
0.021545
-0.0093384
0.17841
0.063782
0.27838
0.044556
0.4469
-0.034729
0.098816
-0.027161
0.2403
0.12189
0.097168
0.24646
0.038208
-0.074646
0.14386
0.024902
0.087769
-0.011475
0.1264
0.02417
-0.082031
0.015198
-0.083496
0.65552
0.061401
0.0098877
0.094666
0.1225
0.023254
-0.032166
-0.055908
-0.038147
0.066772
0.050903
0.038086
-0.10492
0.88269
-0.046936
0.77643
0.025452
-0.0065308
-0.082458
-0.0095825
-0.016113
0.24164
-0.0672
0.071838
0.033142
0.055115
-0.026245
0.096313
0.0090942
0.58997
0.00012207
0.42004
-0.055908
-0.14252
0.017334
0.015808
-0.041992
0.33075
0.0018921
0.27649
-0.13849
0.35333
0.03125
0.099304
0.076538
-0.10333
-0.012939
0.035706
0.12775
-0.0075684
-0.16345
-0.11951
-0.24011
-0.19739
1.2544
-0.039734
-0.0088501
0.11841
-0.037048
0.69226
0.039185
0.19427
0.012634
-0.049561
-0.017822
-0.006958
0.077393
-0.078979
-0.0033569
0.011169
-0.12622
0.077148
0.59467
-0.13007
0.45276
0.055969
-0.027466
0.023743
-0.046814
0.00067139
0.42578
0.10461
0.048218
0.21484
-0.08905
0.21808
0.033936
-0.063599
0.19122
0.17542
0.013733
0.11414
0.014893
0.17975
-0.067139
0.896
-0.0021973
0.0042114
-0.10498
0.032593
0.02771
0.23608
0.035217
-0.0354
-0.0074463
0.0042114
0.0053101
0.86188
-0.13098
0.12579
0.0672
0.034607
0.076965
-0.035339
-0.11249
0.044861
-0.028809
0.0040894
-0.07074
0.0061035
-0.046692
0.043762
0.77838
-0.084717
0.22272
-0.0084229
0.034546
0.013794
-0.0031738
0.035767
0.16595
0.026428
0.88342
0.044006
-0.027344
-0.0073853
0.040649
0.027283
0.024475
-0.0037231
0.60535
0.067749
0.13293
0.046082
0.051758
0.017151
-0.018921
-0.0056152
0.044312
-0.085205
-0.026367
-0.018677
-0.093506
0.041565
0.97644
0.043152
-0.089539
-0.015625
0.091858
-0.0354
0.5257
-0.075684
0.32623
0.22223
-0.015259
0.072083
-0.0095215
-0.051331
0.1026
-0.030945
0.11456
-0.081482
0.76349
0.085144
0.042603
0.25433
0.11786
-0.031982
0.67633
-0.057129
0.071777
0.056946
0.032288
0.0028076
0.0096436
-0.005249
0.033997
0.23743
0.039185
0.029175
0.09906
0.18402
-0.0401
0.44006
0.013367
-0.0060425
0.021851
-0.018799
-0.0036011
-0.0010376
0.54553
-0.020569
0.61414
0.073181
-0.080078
-0.061401
-0.035767
-0.057007
0.078613
0.084839
1.1234
0.068298
-0.14789
0.013367
-0.10651
-0.0224
0.011169
-0.0096436
-0.0032349
0.062073
0.080261
0.016113
-0.050293
0.056946
0.88208
0.0028076
0.03479
0.0037231
0.025208
-0.050415
0.037292
0.041382
0.36768
0.010315
0.49042
0.075317
-0.05835
-0.030884
-0.065857
-0.072388
0.042419
-0.043213
0.061462
0.56549
-0.050537
0.041565
-0.0053711
0.52112
-0.096619
0.26611
0.03894
0.21606
0.050659
0.0495
-0.051758
-0.028564
0.93701
0.087646
0.066895
-0.0031128
-0
-0.085938
0.066833
-0.045227
-0.019531
0.68695
-0.028992
0.048218
0.21118
0.042664
0.038574
0.23865
0.059631
-0.10114
0.010681
0.00073242
0.005249
-0.18866
-0.10632
0.052429
0.036194
0.070984
0.040649
1.1205
0.023438
0.62988
0.060547
-0.17877
0.13696
0.065308
-0.030029
0.24591
-0.015137
0.012634
0.027405
-0.028564
0.031616
0.61151
0.016541
0.12463
0.028381
0.14386
0.037292
0.048096
0.068176
0.15192
-0.16803
0.47168
0.041138
-0.045044
0.15021
0.2973
-0.015747
0.039001
-0.048645
-0.073547
0.024963
0.039368
0.00097656
0.02063
-0.030029
-0.0042725
1.0287
-0.038452
-0.067627
0.034241
0.033142
0.030212
0.015198
0.024597
-0.063721
-0.005188
-0.14758
-0.087952
1.1225
0.078064
0.098755
0.50342
0.016907
0.03833
-0.21075
0.33685
0.10211
0.16937
0.067688
0.053772
0.034607
0.19067
-0.078369
0.35699
0.064941
0.28143
0.13312
0.00097656
-0.040649
-0.12549
-0.031372
0.042175
0.052185
0.0042725
0.83258
-0.046204
-0.037903
0.11243
0.013611
0.013733
0.04895
0.27319
-0.00054932
0.60626
-0.0042725
-0.040405
0.041809
-0.06604
0.017395
-0.083557
0.031128
0.026672
0.81342
0.016663
0.062622
-0.084595
0.10352
0.0030518
-0.041138
-0.025269
0.066956
0.30377
-0.022095
0.62762
0.023376
0.081421
0.0021973
-0.094299
-0.006958
-0.012146
0.90076
-0.0037231
0.005249
0.053284
0.0036011
0.045349
0.030579
0.041016
-0.0066528
-0.071167
0.99615
-0.018433
0.013306
0.14917
-0.017517
0.040771
-0.031067
0.028198
0.1156
-0.0090942
0.064697
-0.038635
0.077515
-0.0036621
0.0448
-0.012268
0.48547
-0.1084
0.52704
0.65588
0.15283
-0.18073
0.13458
0.028076
0.10931
0.2099
-0.21924
-0.14813
-0.039001
0.019653
0.029236
0.034058
-0.025696
-0.05072
0.75067
0.10266
-0.010925
0.091431
0.056824
-0.029907
0.049866
-0.038269
-0.035034
0.015503
1.0499
0.054016
-0.02124
-0.0672
0.1485
0.010925
0.036926
0.023499
-0.078064
0.83508
0.034241
0.10535
-0.014648
-0.02832
0.048584
0.0046997
0.008728
-0.021118
0.13867
-0.014404
0.097839
-0.017456
-0.10492
0.31256
0.48633
-0.056946
-0.023438
-0.036194
-0.020874
0.044739
0.013977
-0.036499
0.31842
0.41888
-0.093628
-0.051331
-0.022827
0.0015869
0.034058
0.018982
0.12994
0.0019531
-0.041748
-0.054565
0.87262
0.23309
0.16052
-0.005127
0.32599
0.26855
0.0066528
0.078003
0.028931
-0.052734
0.050415
-0.064758
-0.056213
-0.021851
0.13727
0.043152
0.10541
-0.091431
0.41479
-0.11353
0.35309
-0.092163
0.011108
0.038818
0.05896
0.40253
0.073608
0.21539
-0.083557
0.20782
0.076477
0.82941
-0.049438
-0.22546
-0.061096
0.12561
0.1355
0.23602
-0.1026
0.14014
0.042847
0.52521
-0.043457
0.20734
0.012085
-0.047058
0.0091553
0.30011
0.07666
-0.05719
-0.0053101
0.013428
0.038513
0.063538
0.068848
0.015015
0.6366
0.013
0.041077
0.19061
0.031433
-0.069763
0.023865
0.047119
0.04364
0.050842
0.082703
-0.054504
0.81445
-0.015137
0.011169
0.03595
0.06311
0.026062
0.056396
-0.044006
-0.022888
-0.057739
-0.0097046
0.92511
-0.042786
-0.065918
0.094666
-0.044312
0.16858
0.83136
0.030823
0.084656
0.035522
-0.043396
0.046997
0.060669
-0.013184
0.010925
0.067383
-0.055176
-0.0028687
-0.050842
-0.10175
0.69843
0.061401
0.1037
-0.15033
0.097534
0.22748
-0.08075
0.09906
0.14325
0.085754
0.54095
0.0053101
-0.02533
-0.01416
-0.019104
0.045776
0.029602
0.035522
0.016663
0.43927
0.061462
0.35468
0.012817
-0.012878
0.35742
0.022766
0.46509
-0.0045776
0.27832
-0.018127
-0.04187
-0.010071
-0.084412
0.0066528
0.051208
-0.11456
-0.028198
0.4176
0.074951
0.032715
0.27557
0.49652
-0.058655
0.11194
-0.064026
0.54016
0.18494
0.070557
0.031738
-0.032654
-0.022644
0.11591
0.06134
-0.0010376
0.066528
0.16669
-0.091064
-0.007019
-0.056274
-0.073547
0.34619
0.68158
-0.014526
0.00091553
0.19183
-0.033997
0.38385
-0.017639
0.4837
-0.0028687
0.037292
-0.044678
-0.016113
-0.031982
0.035767
-0.044495
-0.025696
0.22559
0.025757
0.018677
0.038391
0.80939
0.020691
-0.0061646
-0.05127
0.0058594
-0.016663
0.40051
0.032532
0.6759
-0.026611
-0.061707
0.11572
0.0098267
0.005127
1.2527
-0.10803
-0.042786
-0.010498
-0.14514
0.0067749
-0.031982
0.033813
-0.026001
0.03717
-0.08728
-0.046692
0.3866
0.12225
-0.015198
0.14948
0.52386
-0.012207
0.085205
-0.052429
-0.070679
0.034302
0.24689
-0.050354
0.090515
-0.13531
0.70966
0.0401
-0.044434
-0.075256
0.88452
0.098999
0.052551
0.023804
-0.05481
-0.074219
-0.023193
0.21088
0.016907
0.077209
0.28168
0.22766
-0.0059814
0.090149
0.053772
-0.058594
0.096313
0.53741
-0.036804
-0.12109
-0.013367
0.35278
0.041565
0.33459
-0.006897
-0.0097656
-0.0068359
-0.0099487
0.112
0.37939
0.0010986
0.11432
0.11823
0.10815
-0.10425
0.070618
-0.018372
0.094543
0.032837
-0.096619
-0.048462
0.094116
0.079712
0.03186
0.057922
0.59583
-0.23785
-0.040039
0.055786
0.0072632
0.0071411
-0.023071
0.08606
-0.0031128
0.29797
-0.050659
0.67786
0.050354
0.0093994
-0.017578
-0.020386
-0.0062256
-0.18024
-0.0080566
0.13727
0.02832
0.89362
-0.0036011
0.07251
0.29425
0.23822
0.16852
0.041321
0.24811
-0.045044
0.047974
-0.083801
0.82074
0.011047
-0.028442
-0.045593
-0.040649
-0.02002
0.080872
-0.026733
-0.014587
0.0026855
0.20038
0.1875
0.04718
0.0080566
0.35461
-0.10828
0.094421
0.12567
0.080627
-0.0095825
-0.058899
0.084839
0.098633
-0.029175
0.56189
0.04364
0.27649
0.018005
0.074829
-0.0090942
-0.12195
0.54559
0.011414
0.26483
0.12
0.041382
-0.006897
0.06073
-0.070923
0.016113
1.0534
0.041748
-0.0071411
0.075378
-0.1333
0.027832
0.0081787
0.0073242
-0.031433
0.026062
0.026001
0.1347
0.043091
1.0159
-0.064148
-0.045532
-0.0625
-0.10059
-0.021423
0.0071411
0.058777
0.096375
-0.035889
-0.10144
0.046753
0.018372
-0.072388
-0.039063
0.80383
-0.10095
-0.051758
0.046509
0.22693
0.012024
0.39569
-0.024292
0.27887
-0.016907
-0.025146
-0.003418
0.1485
-0.10529
-0.18005
0.13013
0.01123
-0.025269
0.2149
0.14386
0.77405
0.055725
-0.034363
0.030701
0.32959
0.037476
0.25946
0.014648
0.2572
-0.01001
0.0081177
0.018127
0.017029
0.0049438
0.089722
0.10028
0.62152
-0.029358
0.25146
0.025146
-0.047058
0.0064087
0.29572
0.084473
0.23212
-0.0025024
0.25714
0.051636
0.44196
0.056335
0.0011597
-0.052063
0.070068
-0.12335
0.1366
1.0423
0.056396
0.020935
0.0072021
0.021179
-0.014709
-0.031738
0.027771
-0.02832
0.029968
-0.0037842
0.020874
0.087891
-0.068726
0.5249
0.077271
0.44305
0.016418
-0.019043
0.044861
-0.09552
0.08844
-0.00054932
0.095703
0.48151
0.00042725
0.60175
-0.0090942
0.038086
-0.060486
-0.03717
-0.010925
0.075317
-0.0054932
1.0571
-0.037476
-0.067261
0.018555
-0.015076
-0.0067749
0.008667
-0.021729
-0.067078
0.017273
-0.03363
0.50336
-0.013062
-0.026672
-0.0088501
-0.099915
-0.03009
0.026917
0.85388
0.047241
0.24188
0.011597
-0.024902
0.072876
0.06427
0.2276
-0.0095215
0.059937
0.19299
0.23315
-0.15118
0.10724
-0.044434
0.095215
-0.014465
0.051331
0.7879
-0.024414
0.032288
0.057861
0.0041504
-0.026245
0.044983
0.037109
-0.003479
0.56049
0.12677
0.10394
-0.089111
0.22968
-0.022827
0.091553
-0.10089
-0.012024
1.1082
-0.026062
-0.15045
0.0079346
-0.059875
0.020935
0.012756
-0.025574
-0.046082
0.020508
-0.034912
0.037964
-0.082153
-0.072449
0.021912
-0.053101
-0.14307
0.97754
0.057068
-0.048767
-0.13641
0.048401
0.78558
0.10266
-0.0018921
0.11835
0.05011
0.00177
-0.016724
0.0073853
0.042114
0.23315
-0.0031128
0.028564
-0.073486
0.10565
0.008667
0.047546
0.045532
-0.052612
-0.1001
-0.024292
0.00079346
0.069763
0.28107
0.010559
0.71332
-0.0092773
0.01239
0.020874
0.061279
0.15991
-0.10889
0.70374
-0.032654
0.31952
0.037537
0.033691
0.085815
0.01355
-0.039001
0.69275
0.26404
0.067017
-0.12775
0.26636
-0.062073
0.18915
-0.049683
0.03894
0.021362
0.12354
0.60272
0.17816
-0.010681
0.069275
-0.089355
-0.0097046
-0.064819
0.74548
-0.049255
0.079773
0.073914
-0.072876
-0.051941
0.17719
-0.072754
-0.020386
0.075134
-0.042725
0.039612
0.11597
0.025574
0.013855
0.091248
0.081299
0.12134
0.82104
-0.033447
0.13501
0.045776
-0.14795
0.86926
0.072205
-0.0054932
0.11151
0.0755
-0.048157
0.048279
0.28839
-0.042175
0.031616
0.63007
-0.085266
0.064392
0.1051
0.053345
0.04303
0.1203
0.026489
0.041443
0.20929
0.0053711
0.49646
-0.00079346
0.1712
0.0098877
-0.0014038
-0.044556
-0.021423
0.003479
-0.0016479
0.0089722
0.040283
0.22064
0.054871
-0.026001
0.0061646
0.79694
1.0421
0.051208
-0.068298
0.041321
-0.13959
-0.036499
0.10986
0.012695
-0.11707
-0.020813
-0.041992
0.11603
-0.086731
-0.18536
0.068542
-0.058777
-0.01709
-0.053284
-0.042786
0.88257
-0.022705
-0.039429
0.043518
-0.058472
-0.00018311
0.15173
0.045227
0.32959
0.043945
0.59833
0.78809
0.18292
-0.039429
-0.058838
-0.066711
0.021423
0.12457
0.1264
0.11591
-0.12103
0.037537
1.0871
-0.072327
-0.13416
0.023132
0.074829
0.030334
-0.046387
0.04303
0.042053
0.032837
0.058777
0.012146
-0.059998
0.052979
0.1886
0.1062
0.013794
0.79333
0.026123
0.13281
0.039429
0.0064697
0.57513
0.012207
0.14594
0.035828
0.065369
0.02478
-0.018433
0.45618
0.015869
0.048767
-0.039795
0.097412
0.023743
0.24323
-0.022949
-0.10187
0.060425
0.27954
0.18091
-0.066467
0.73065
-0.067871
-0.0072632
0.02832
-0.061584
0.056519
0.016479
-0.029724
0.065491
-0.040894
0.011719
0.10095
0.1275
-0.06012
-0.011292
0.90149
-0.013184
0.041565
-0.047424
0.080872
-0.087891
0.48041
0.021423
0.41602
0.0033569
0.021545
-0.031799
0.014648
-0.088196
-0.021057
0.34406
0.063416
0.17126
0.13171
0.17059
0.5719
0.033997
0.078552
-0.084167
-0.070435
0.037964
0.040039
0.68835
0.12787
0.20795
-0.098572
0.02948
0.093384
0.84393
0.0098877
-0.0012207
0.07312
0.079712
-0.021362
-0.046326
-0.025757
0.012451
-0.01709
-0.0032959
-0.058716
0.85254
0.042114
0.036011
0.013794
0.01416
0.0088501
0.029785
0.27228
-0.013489
-0.011963
0.29309
0.1438
0.015015
0.21039
0.035034
0.11078
0.034302
-0.075562
0.95728
0.039307
-0.017517
0.077881
-0.023071
-0.017822
0.033936
0.077759
0.065674
0.012695
-0.018311
0.026917
-0.025818
0.015991
0.012939
-0.015869
-0.10138
-0.14404
0.98352
-0.029724
0.1662
-0.073425
0.70435
-0.051636
0.29401
0.15094
0.028748
0.075623
-0.08667
-0.16797
-0.1394
-0.12177
0.17078
0.10248
0.70709
0.21173
0.15405
-0.028931
0.0096436
1.1259
0.045044
-0.040344
-0.037537
-0.13367
0.038513
0.056824
0.040039
-0.050537
0.03717
0.091919
0.013
0.04541
-0.05249
0.4458
-0.010315
0.47473
-0.058411
0.064819
0.051575
-0.053955
0.11707
0.35303
0.01123
0.50824
0.04541
0.10034
0.0084839
-0.093384
-0.035645
0.38928
-0.15442
0.07428
0.27881
0.014343
0.039978
0.32465
0.089539
0.064697
-0.0021362
-0.014343
1.2202
-0.047607
-0.17633
-0.031677
-0.045288
0.066467
-0.010986
-0.013855
-0.063049
0.033447
0.06073
-0.027161
0.020325
-0.14087
0.99951
0.021912
-0.081238
0.097168
0.15784
-0.12976
0.086304
-0.112
0.75763
0.087769
0.064392
0.036377
0.089783
-0.047241
0.041992
-0.063904
0.085327
0.52002
0.019897
0.18225
-0.0067139
0.23407
-0.070435
0.069275
0.00067139
-0.083008
-0.075378
0.085449
0.045532
0.048279
0.055603
0.010803
0.034912
0.45587
0.098389
-0.012512
-0.013306
-0.043335
0.017212
0.042236
1.3016
0.010315
0.02533
0.03717
-0.090698
-0.072388
0.036865
-0.010193
-0.022034
0.054077
0.32727
0.040894
0.60089
0.11169
-0.0096436
0.02124
0.052856
-0.017761
-0.067139
0.098389
0.075195
0.14069
-0.042969
0.95923
0.048096
0.72906
0.048828
-0.097961
0.062439
0.1297
0.02832
0.26556
-0.0056763
-0.059875
-0.04071
-0.017273
0.92133
-0.056519
0.043274
0.12854
0.0039063
0.046692
-0.029358
0.047668
-0.011536
0.37701
0.28046
0.22644
-0.051697
0.067993
-0.058044
0.17694
0.03656
-0.065369
-0.11609
0.34961
0.18488
0.18115
0.046021
0.052246
0.16541
0.20062
-0.018738
-0.054443
-0.047119
0.078918
-0.010315
0.10693
0.14172
0.36243
-0.049744
0.30316
0.022827
0.075867
-0.00079346
0.0012207
-0.076355
0.6828
0.017883
0.43182
0.042969
0.13965
-0.080505
-0.061279
-0.010315
0.083252
-0.021912
0.025635
0.091736
-0.013611
0.64673
0.047852
0.17255
-0.12177
0.035828
-0.035706
0.10101
-0.10065
-0.14081
0.069336
-0.023865
-0.03656
-0.063477
-0.094849
1.0579
0.20068
0.13409
-0.10669
0.26007
0.13104
-0.073792
0.19269
0.035461
0.099365
-0.005249
-0.054077
0.039612
-0.062805
-0.03186
0.055115
0.13391
-0.014587
1.0119
-0.024414
-0.10126
-0.038635
-0.056641
0.55487
0.0053711
0.32715
0.044006
0.12317
0.037415
-0.012573
-0.028137
-0.050476
0.012024
-0.031921
1.0839
-0.013306
-0.04895
-0.057312
0.0029297
-0.056152
-0.04425
0.19714
0.054138
0.0014038
-0.10388
-0.018738
-0.11432
0.072632
0.032471
0.66406
-0.13635
-0.039124
0.023865
0.10907
0.06012
0.76776
0.016113
0.1806
-0.054871
0.033081
-0.0093994
-0.01947
0.033203
0.043884
-0.067505
0.6358
0.064819
0.36877
0.016296
-0.0043945
-0.044495
0.11157
0.040955
-0.088745
0.68744
-0.066345
0.23553
0.0039673
-0.012573
0.050903
0.018921
-0.053711
0.092285
-0.032471
0.86505
0.15723
0.019958
0.0047607
0.084473
-0.080811
0.033447
0.010193
-0.061157
0.010071
0.045166
6.1035e-05
-0.1463
-0.016235
-0.12305
-0.10889
1.4437
0.031494
0.097473
-0.1264
0.07251
0.61664
0.0093994
0.027466
0.078003
-0.022644
0.035706
0.063965
-0.040833
-0.016052
-0.017517
0.027283
-0.26569
0.010315
0.46759
-0.098267
0.53802
0.97546
0.019287
0.078674
-0.065247
-0.10016
0.015686
0.17865
0.052429
-0.054077
-0.051453
0.079834
-0.010498
-0.0067139
-0.034424
-0.0625
0.20648
0.063049
0.14447
0.66327
0.019714
0.088135
-0.011536
0.23267
0.11597
0.16589
0.029724
0.25751
0.00091553
0.13324
0.017456
0.050049
-0.12091
0.028442
0.030457
-0.082031
0.20825
-0.015442
0.11066
0.27838
0.23975
0.20013
-0.021667
0.018921
0.19684
0.16296
-0.012756
0.10144
-0.0028687
-0.016541
0.068054
0.11517
0.33636
0.11316
0.058044
0.31287
-0.001709
0.23199
-0.056763
-0.1272
-0.011536
0.79425
-0.064575
-0.048767
0.0271
-0.11102
0.066223
0.078552
0.10913
-0.072327
-0.0097046
-0.084229
1.0253
0.073181
-0.018555
0.046082
-0.046753
-0.015991
0.035156
-0.0024414
0.022339
-0.044373
0.13098
-0.048279
0.57233
0.10938
-0.10052
-0.0050049
0.19324
-0.036499
-0.031372
-0.054321
0.045532
-0.023804
0.021118
0.028198
-0.10431
-0.14984
-0.046753
-0.23102
1.0076
-0.066895
0.14069
0.24353
-0.07196
0.55334
0.083801
0.10229
0.028564
-0.1524
-0.013672
0.054871
0.0032959
0.48523
-0.0065308
0.32697
0.045715
0.1344
0.036804
-0.0026245
0.012878
-0.017578
0.040222
-0.11481
0.041016
-0.012085
1.0804
0.069519
0.010925
0.12445
-0.051147
0.12207
0.036438
0.057068
0.11768
0.068665
0.48859
0.12189
0.027283
0.038147
-0.072266
-0.18353
0.032593
0.049744
-0.017639
0.024353
0.59521
-0.026733
0.19476
0.06134
-0.0063477
-0.014893
0.20105
0.024109
0.62628
0.12744
-0.028198
-0.014587
0.097412
-0.095215
0.030273
0.00048828
0.074219
0.24109
-0.026733
0.3031
-0.07605
0.28333
0.072754
0.017517
-0.0065308
-0.05426
-0.047363
0.039246
0.11328
0.0076294
0.43213
-0.043457
0.11475
-0.01947
0.43103
0.5166
-0.038757
0.005127
0.15424
0.029358
0.036194
0.19354
0.10852
-0.11176
0.0079346
0.68909
0.014404
-0.104
-0.08783
0.17322
0.065857
0.19403
-0.020386
-0.089905
0.068726
0.2218
0.017395
0.051025
-0.0028687
0.058838
-0.098999
0.17633
-0.0097046
0.37976
0.1369
0.9295
0.039001
-0.091187
-0.037048
-0.10138
0.082397
0.0096436
0.072876
-0.01886
0.012512
0.53851
-0.069153
-0.02002
0.06073
0.10461
0.049622
0.30023
0.030151
-0.046448
-0.04126
0.00067139
0.045471
-0.0076904
0.0078125
0.0058594
0.22021
0.049805
0.052551
0.027344
0.70636
0.03479
0.86902
0.0050049
-0.0033569
0.24072
-0.014404
0.073181
-0.10004
-0.012695
0.055908
-0.051208
-0.039185
-0.0061035
0.98181
-0.068787
0.038818
-0.011963
0.00091553
0.02533
-0.055176
-0.13647
-0.15021
0.069885
0.78137
0.22412
0.060608
0.1051
-0.013977
-0.032104
-0.078247
0.18127
0.04071
0.21753
0.12219
0.14526
0.16754
0.20056
-0.054077
0.11365
-0.13672
0.074158
-0.045532
-0.059021
-0.10431
-0.028442
1.1904
0.085815
-0.040527
0.010132
-0.034607
0.012024
-0.018188
0.039124
0.0092773
0.05304
0.32819
0.041809
0.32587
0.16034
0.094543
-0.055664
0.039429
0.023804
0.083252
0.38458
0.010437
0.34338
-0.022339
0.062378
0.0067139
0.25403
0.20087
0.093323
0.17206
0.19269
-0.054443
0.18512
0.01178
-0.020325
0.042725
0.023987
0.98547
-0.064697
-0.037415
0.057739
0.0065308
0.01825
-0.0012817
0.011963
0.0059814
-0.037842
0.0037842
0.25574
-0.030884
0.58893
0.045471
0.21179
-0.018555
0.090576
0.024475
0.038086
-0.08252
0.015808
0.0036011
0.024597
0.10327
-0.085571
-0.097107
-0.0040283
0.89392
-0.02179
0.0078125
-0.052795
-0.028076
0.026123
0.19
0.020142
0.43506
0.008728
0.28839
-0.028076
-0.016541
0.22546
0.038757
0.54669
-0.018494
0.13562
-0.047302
0.02887
-0.03479
-0.033203
0.032532
0.37921
-0.01532
0.57336
0.08667
0.13489
-0.012024
-0.067078
-0.013672
0.02771
0.0054932
-0.042175
-0.029968
-0.033569
0.084045
0.017029
0.9256
0.038208
0.077942
-0.017944
0.061096
-0.032227
0.036499
-0.021912
0.89246
0.0071411
-0.01947
0.10516
0.014832
0.014099
0.0032349
0.014648
0.038818
-0.048035
0.038391
-0.026428
0.66339
0.10175
0.22546
-0.0026245
0.99615
0.0098267
0.16296
-0.0018921
0.029236
-0.041443
-0.061157
0.013733
0.025574
-0.069336
0.13727
-0.045776
0.046692
0.61646
0.013184
0.23199
-0.098511
0.049744
0.0079346
-0.0036011
-0.00048828
0.0018311
0.052612
0.05542
0.25427
0.039795
0.21765
0.53265
-0.044128
-0.0177
0.10089
0.012695
-0.0064087
0.00042725
0.46991
-0.00054932
0.67267
0.019043
-0.078796
0.043762
0.045715
0.052917
-0.032776
0.047424
-0.18372
-0.018616
0.41193
0.003479
0.66479
0.05127
-0.015625
0.0066528
-0.046509
0.091675
0.34894
0.14099
0.39331
0.044373
0.26727
0.017822
0.0096436
-0.023071
-0.063782
0.016113
0.27277
0.058716
0.4743
-0.015625
0.19446
0.73615
0.051758
0.085693
0.0802
-0.088989
-0.017151
0.067017
0.011108
0.014221
0.0059204
0.034058
-0.022034
0.74268
0.032043
0.077759
-0.063293
0.19922
0.025146
0.029053
-0.023193
0.022278
0.058289
-0.030762
-0.0053101
-0.049927
0.052368
-0.068848
0.2002
-0.03241
0.83301
0.10883
0.006897
0.27417
0.012512
0.55713
-0.041626
0.014526
0.13849
-0.13568
0.02179
0.06897
-0.032837
-0.0068359
0.26416
-0.011719
0.54871
-0.049133
0.29028
0.049255
0.097595
0.63086
-0.0070801
-0.11212
0.019409
0.15179
0.0023804
0.26807
-0.065125
0.024231
0.036377
-0.091858
0.0062866
-0.028076
0.11743
0.071716
0.32422
-0.072998
0.78198
0.026062
-0.078247
0.08197
-0.020264
0.0043945
-0.065552
0.13641
-0.075378
0.025208
-0.042725
0.74298
-0.027466
-0.07605
0.0012207
0.41614
-0.015198
0.32928
0.049377
0.13928
0.0045776
0.16345
0.0029297
-0.066711
-0.0018311
0.051575
0.025574
0.025574
0.99933
-0.015503
0.0097046
0.031189
0.19653
0.00177
-0.02179
0.60248
-0.091248
0.33722
0.060181
0.19916
0.088989
0.11127
0.036377
0.03064
0.067932
-0.043396
-0.003479
-0.019226
0.48767
-0.027649
0.27362
-0.028809
0.24133
-0.010803
0.072449
-0.034851
0.45416
0.22076
0.039063
0.12622
0.015503
0.040955
0.070801
0.044861
0.049255
-0.0027466
0.79224
-0.0042725
0.0029907
0.024048
0.011292
0.12842
0.01062
-0.075806
0.12439
0.32568
0.05365
0.38507
-0.042908
0.25024
-0.030151
0.019043
-0.039551
0.0056763
-0.0061646
-0.078796
0.013306
0.058899
0.83612
-0.1272
0.16803
0.038635
0.25464
0.0448
-0.014404
-0.010193
-0.027405
0.045776
0.093567
0.012512
-0.039246
-0.028442
0.95679
0.03186
0.019714
0.22809
0.011353
0.55212
0.096924
0.12073
-0.0097046
0.030212
0.04425
-0.19598
-0.07959
-0.043945
0.018188
0.036072
1.0083
0.01123
0.10095
-0.04126
-0.24054
0.011475
0.0050049
-0.015747
-0.016113
-0.01709
0.24957
0.014221
0.76532
0.012695
-0.026428
-0.0039063
0.0032959
-0.0063477
-0.0028687
-0.018799
-0.097351
0.036377
1.0651
0.010986
0.012939
0.11786
-0.12457
-0.0081177
0.78925
0.026733
-0.019531
0.054199
0.085327
0.053894
-0.020447
0.092346
0.058411
-0.052246
-0.032532
0.16876
-0.084595
0.16742
-0.20148
1.3204
-0.069092
0.21722
0.16248
0.014038
0.30463
0.13904
0.070923
0.20813
0.02301
-0.0079956
0.064697
0.018738
0.017456
-0.060852
0.021484
0.0018311
0.077332
0.022156
0.077209
0.032593
0.68988
0.090515
-0.061768
0.024597
0.048401
0.4574
0.078247
0.5285
0.025635
-0.0053101
-0.10187
-0.026367
0.10974
0.021912
-0.088989
-0.028931
0.59222
0.070801
0.60083
-0.051453
0.033386
-0.071655
-0.082886
-0.040161
0.99347
-0.086487
0.036987
0.036621
0.007019
0.15045
0.024292
0.28326
-0.04303
0.042053
0.13031
0.053528
0.27832
0.19537
-0.029236
0.16925
-0.10156
0.012634
0.021851
-0.013123
-0.046082
-0.041992
0.47705
0.033447
0.56268
-0.0018311
-0.061401
0.43146
0.038513
0.16522
-0.0177
0.11584
0.047241
0.13983
-0.043884
0.047852
0.039063
0.026489
-0.0041504
-0.01123
-0.030151
0.06897
0.16736
0.0056152
-0.080811
-0.088074
0.74127
0.021973
0.025879
-0.052734
0.031433
-0.039185
0.91235
-0.059448
0.046814
-0.093506
0.16565
0.07373
0.48346
0.023621
0.15887
0.09491
0.15912
0.017456
-0.085571
-0.023071
-0.029968
-0.1839
0.26141
0.02948
0.73309
0.0073242
0.072754
-0.047363
0.018127
0.095337
-0.018372
0.12262
-0.054932
0.14514
-0.042908
0.1424
0.072388
0.33118
0.151
0.21436
-0.012329
0.071533
-0.024414
-0.023621
-0.015991
0.0026855
0.36835
0.09436
0.05249
-0.012085
0.28156
-0.040405
0.33325
-0.0030518
0.39752
0.017212
0.17584
0.0016479
0.059875
0.1189
0.0060425
-0.035828
-0.048645
0.056946
-0.028442
0.62787
0.016174
0.33673
-0.018982
0.026978
-0.015259
0.060181
0.016235
0.19598
-0.00067139
0.22455
0.0021362
0.32056
0.027039
0.026001
0.0096436
-0.058472
0.040833
-0.008606
0.0979
0.071533
0.51794
-0.018066
0.33459
-0.032837
-0.11816
0.22211
0.090088
0.053406
0.58881
-0.073242
-0.070068
0.049927
-0.029541
0.072266
0.0079346
0.00097656
0.087585
0.3808
-0.06842
0.27832
0.087585
0.39862
0.072388
0.16302
-0.08075
0.033752
0.0020752
-0.019165
0.013794
0.014465
0.0092163
0.033325
0.20074
-0.039246
0.85626
-0.01886
-0.0039673
0.021606
-0.032654
0.0084229
0.21545
0.0098877
0.040588
0.11292
0.75995
0.098816
0.70685
0.054688
0.11432
0.066467
0.038269
0.0091553
0.034607
0.012207
0.0012817
0.19897
-0.037292
0.29706
0.076294
0.047668
0.051392
0.20288
0.02063
0.061951
0.087891
0.1521
0.11407
0.32831
-0.052368
0.10022
0.24133
0.17712
-0.10907
0.10425
-0.0013428
0.066528
0.04126
0.66504
0.02179
0.030518
0.034363
0.067444
-0.0075684
0.015076
0.03656
-0.024658
-0.050659
0.26031
0.044739
0.19678
0.11145
0.34766
-0.064453
0.20837
-0.019653
0.27551
0.094482
-0.011902
0.33789
0.15741
0.0045166
0.177
0.096985
-0.014893
0.026917
0.14868
-0.026123
0.061768
-0.05072
-0.11981
0.026001
0.11108
-0.024841
1.0588
0.112
-0.012695
-0.0224
-0.027527
0.11676
0.013977
-0.13263
0.045715
1.1569
-0.0095825
-0.043091
0.024231
-0.077515
0.022827
-0.025879
0.024597
0.077515
-0.008667
-0.0032349
-0.087097
0.78137
-0.11884
-0.13477
-0.047241
-0.047302
0.053589
0.12482
-0.021667
-0.037659
0.057739
0.62372
-0.074341
0.03717
-0.094055
0.44196
0.46423
0.00012207
0.14081
-0.041931
0.050232
-0.020813
0.027161
0.054749
0.19244
0.0073853
0.065613
0.3418
0.16547
-0.021057
0.26941
-0.06427
-0.035767
-0.014954
0.11127
-0.074097
0.033569
0.074524
0.14886
-0.0053101
0.6416
-0.027954
-0.041809
0.029419
-0.047607
-0.094543
0.026123
-0.0059814
-0.052246
-0.076538
-0.036011
1.0342
1.0242
0.083923
-0.023499
-0.075378
-0.087769
0.032288
0.12292
-0.0057983
0.026184
-0.025818
-0.026917
0.021057
0.010498
-0.019836
0.072693
0.41333
-0.056641
0.69452
0.10382
-0.058594
0.67963
-0.11591
-0.019958
0.039673
0.11981
0.086182
0.30597
-0.053772
-0.0082397
0.037476
