0.0224
1.069
-0.0064087
-0.11804
0.015015
-0.05072
0.014099
0.081482
0.035217
0.0073242
0.051514
-0.072021
-0.051208
-0.044556
-0.044617
0.035645
-0.02124
0.067566
0.47809
-0.035095
0.026001
0.035278
0.42169
-0.02124
0.20996
-0.074463
0.18262
-0.049561
0.13348
-0.027039
-0.006897
0.031067
-0.041016
0.035889
0.050964
0.1767
-0.0070801
0.15381
0.20813
0.40808
0.0015259
0.057556
0.061462
-0.046021
0.29877
-0.021912
0.32642
-0.011108
0.2395
0.044373
-0.011169
-0.024841
0.028259
0.033325
0.52539
0.003418
0.40845
-0.024231
0.091553
-0.017883
-0.036133
-0.020752
0.0037231
-0.030823
0.08728
-0.0065308
0.1402
0.11572
0.52881
0.056946
0.060181
0.026978
-0.0079956
-0.088257
0.008606
0.146
-0.0012207
-0.00018311
-0.038513
0.74493
0.027222
0.081116
0.23193
0.16132
0.31622
-0.038879
0.19598
0.014221
0.046875
-0.038208
0.023499
0.017456
-0.012817
-0.0088501
0.061584
0.079346
0.019043
-0.064392
-0.0075073
0.85132
0.38373
0.0021973
-0.11426
0.86658
-0.28668
-0.15985
0.033142
-0.06604
0.22437
0.0031128
-0.063965
0.080933
0.37067
-0.012329
0.36743
0.00073242
0.16089
0.026611
0.0043335
-0.024292
0.0271
0.033691
-0.080444
0.065552
0.44281
0.035522
0.36938
0.018188
0.0016479
-0.079163
-0.011536
1.0267
-0.0097046
-0.010498
0.041931
0.020142
0.017151
-0.0036011
0.016479
0.022522
-0.0097046
1.0102
0.0177
-0.029297
0.036316
0.038452
-0.063843
0.014343
0.064636
0.024658
0.28973
-0.010681
-0.11292
0.25348
0.1322
0.00036621
0.17426
-0.014832
0.17346
-0.076843
-0.057251
0.04126
0.1629
0.091309
0.65375
-0.0078125
0.3056
-0.11969
0.047119
0.065979
0.028198
0.91797
-0.085205
-0.04718
0.03656
0.15118
-0.06311
-0.024292
0.034851
0.024231
0.0060425
-0.031677
-0.023621
0.053223
0.5929
-0.022156
0.33191
-0.045227
0.13403
0.05658
-0.034485
-0.040466
-0.0032349
-0.04895
0.011047
0.022156
0.02478
0.2677
0.14044
0.60687
-0.008606
0.17975
-0.010437
-0.0015259
0.22815
0.0045776
0.14545
-0.041931
0.81317
-0.097229
-0.065063
-0.028503
-0.089233
-0.013977
-0.008667
0.97223
-0.019531
0.12372
0.036621
-0.08905
-0.020569
-0.043457
0.045105
-0.057739
0.046326
0.12756
0.010193
0.09375
0.010803
0.75433
-6.1035e-05
0.92151
0.063477
-0.05011
0.059082
0.040039
-0.022278
0.11877
-0.00097656
-0.023071
-0.053345
0.0097046
-0.02832
0.040588
-0.061157
0.21826
-0.060425
0.46295
0.091064
0.093323
0.2937
0.099426
-0.14966
0.39349
0.15485
0.018127
0.13556
-0.11969
-0.033508
0.074951
0.018433
-0.01593
-0.023254
-0.0079956
0.0097656
0.096863
-0.034607
0.0065308
-0.070068
0.82446
-0.062744
0.020874
-0.084106
0.4021
0.54932
0.046814
0.15289
0.0032349
-0.023438
-0.02356
0.036133
0.03064
0.18628
0.14026
0.49805
-0.035828
0.094421
0.050781
-0.034058
-0.013977
-0.035095
1.0726
-0.090576
-0.013306
0.014893
0.031006
0.078369
-0.044617
0.058472
0.020569
-0.015015
-0.047363
0.0082397
-0.0025635
-0.024048
0.10925
-0.00024414
0.76843
0.083679
0.12115
0.071899
0.069946
0.63922
0.020325
0.21472
-0.027466
0.26221
0.008728
0.011597
0.031677
0.012024
-0.0062256
-0.030457
-0.091309
0.045166
0.13641
0.00042725
0.18317
-0.040466
0.70502
0.051636
-0.074158
-0.079102
0.033875
-0.11102
0.029907
0.031067
-0.056641
0.86597
-0.076599
0.05481
0.06189
-0.040771
0.0084839
-0.11835
-0.0072632
-0.0040283
-0.041992
0.85498
-0.022461
0.0023193
0.00018311
-0.010315
0.045166
-0.02356
0.039917
-0.02063
0.071594
-0.086975
0.99249
-0.055786
0.10626
-0.044556
0.078918
0.015198
0.43793
0.015259
-0.054199
0.41248
0.12726
-0.08429
-0.1236
-0.1087
-0.042053
0.090698
0.80664
0.092773
-0.16992
-0.022156
-0.014771
-0.039856
-0.026367
-0.11017
0.76581
0.046753
0.064392
0.096802
0.088867
0.05835
0.13708
0.0072632
-0.0093384
0.085999
-0.068787
-0.018311
0.20215
0.11493
0.11316
0.54492
-0.027344
-0.06134
0.039734
0.52814
-0.066589
0.2525
-0.026855
0.14392
-0.0010376
-0.16949
0.036377
0.72571
0.05249
-0.1123
0.063721
0.15076
0.024963
0.22369
-0.024475
0.0061646
0.062561
0.15662
0.14594
0.13251
0.21423
0.098328
-0.047668
0.010986
-0.0083618
0.073608
-0.0040283
-0.04718
-0.013855
0.2077
0.0026245
0.41986
0.026794
0.302
-0.001709
-0.010864
-0.068726
-0.044189
1.0577
-0.0224
-0.043396
-0.039185
-0.0074463
0.041809
-0.0020752
0.01178
-0.026001
-0.032837
1.0191
-0.035522
-0.067505
0.057739
0.019165
0.015808
0.0025024
-0.010376
-0.022827
0.02594
-0.047241
0.087097
-0.14838
0.044556
-0.065369
-0.0087891
-0.12421
-0.13501
1.0566
0.13959
0.061951
0.042236
-0.039917
0.058044
0.31171
0.19336
-0.22699
-0.0014648
0.21362
0.022644
-0.045349
-0.045715
-0.023804
0.018982
-0.10052
-0.060974
0.14209
-0.072388
0.93701
-0.042114
0.0060425
-0.021179
0.013733
0.049561
0.078674
-0.017578
0.953
0.0095825
-0.058777
0.048035
0.10114
-0.006897
0.046814
0.084229
0.92432
0.072021
0.03772
-0.05011
-0.059814
-0.13458
-0.047119
-0.0023804
1.1145
-0.012268
0.052612
0.040466
0.019592
0.014465
-0.0088501
-0.045471
0.055359
0.56488
0.055481
0.2597
-0.036316
0.24963
-0.04187
-0.040161
-0.039368
-0.017273
-0.030884
-0.14087
0.062256
0.019043
0.80725
-0.076782
0.039978
-0.072998
0.32465
0.06012
-0.13806
0.0033569
-0.051514
-0.033203
0.94116
0.070374
-0.080261
0.18427
0.15417
-0.019897
-0.0065308
-0.053833
0.10309
-0.014221
0.72076
0.023376
-0.078979
-0.065369
0.047058
0.0029907
0.0019531
0.053345
-0.012451
0.78821
-0.0081177
0.18054
-0.048279
-0.019104
0.044312
0.15497
-0.026062
0.37494
-0.0023804
0.077087
-0.10028
0.34857
0.022705
-0.0032959
-0.059998
-0.00073242
-0.043945
-0.013367
0.079346
-0.028381
-0.0081177
-0.071777
0.090027
0.12396
0.90875
0.021912
0.015869
0.0019531
0.03717
0.033752
-0.086182
0.021851
0.27844
0.091858
0.66876
0.1272
0.21045
-0.10254
0.39166
-0.0064087
-0.02301
0.079895
0.14252
0.087158
-0.045044
0.86334
-0.049316
-0.13403
-0.033264
0.012695
0.045166
0.24329
-0.052551
-0.0056152
0.096863
0.064148
-0.073608
0.13324
-0.058472
0.39392
-0.038818
0.44098
0.0048218
0.078857
0.0092163
0.028564
0.054077
-0.16357
0.33344
0.61133
0.047302
0.084839
-0.02301
-0.008728
0.03064
0.0072632
0.77325
-0.025085
0.12708
0.051147
0.0094604
-0.0010376
0.02533
-0.053162
-0.02655
0.056702
0.059814
-0.042969
-0.056458
0.011414
0.019653
0.065613
0.487
-0.026428
0.41467
0.011108
0.080078
-0.007019
-0.075806
0.7019
0.050781
0.15106
0.066833
0.10522
0.066956
0.020691
-0.01593
-0.031372
-0.043274
0.021973
-0.094788
0.018494
0.21039
0.073853
0.81287
0.17999
0.017883
0.38501
-0.17395
0.27246
0.099915
0.34393
-0.018494
0.1087
0.018127
-0.034119
0.051086
0.24213
-0.051758
0.034668
-0.12494
0.16528
0.096924
0.14398
0.012024
-0.023376
0.014465
-0.080322
0.0023804
0.023376
0.97186
-0.012085
0.056152
0.068848
-0.038696
-0.075195
-0.02533
-0.055054
0.019653
0.15088
-0.027527
0.090332
-0.084717
0.82092
-0.011719
0.045898
-0.0062866
0.13629
-0.025818
0.3092
-0.023193
0.44843
-0.0036621
0.088867
0.024658
0.8678
0.085693
-0.025513
-0.052185
-0.17456
-0.056152
0.0049438
-0.092102
0.032898
-0.0271
-0.051025
0.93408
-0.064453
-0.015442
0.04541
0.039917
-0.0098877
0.0087891
-0.033691
0.0023193
0.14844
0.29663
0.013184
1.0201
-0.0062866
-0.064331
0.021667
-0.10297
0.069153
-0.039978
0.1662
0.03064
0.52887
-0.096558
0.22504
0.047363
0.39502
0.0036621
-0.095093
0.028381
0.061707
0.054382
0.59247
0.22632
0.24762
0.0079346
0.29871
-0.018005
0.06665
-0.21008
-0.16174
-0.24298
0.098572
1.0419
0.23676
0.098938
0.11737
-0.019958
-0.11621
-0.12146
0.29065
0.060669
-0.098938
0.29419
0.12445
-0.049133
0.19824
-0.00177
0.010071
0.042603
-0.0036621
-0.10413
0.17426
0.017761
0.43823
-0.00024414
0.40338
-0.051025
0.015747
0.0077515
0.48779
0.030334
-0.10535
0.085083
0.20215
0.018677
0.34247
-0.024902
0.036377
0.011047
0.15063
-0.10339
0.29224
0.11176
0.1759
-0.020264
0.33691
0.032776
-0.029785
0.027161
0.040466
0.1142
-0.054199
0.024231
-0.093811
-0.043335
-0.079651
0.036194
0.88159
-0.030029
0.14148
0.1474
-0.049438
0.85504
-0.041748
0.022034
-0.0082397
0.022522
-0.032776
0.0064697
-0.069458
-0.10016
0.61896
-0.11774
0.11292
-0.0062256
-0.039734
-0.059937
0.10419
0.25702
-0.036011
-0.0036011
0.21716
0.0056152
0.21173
-0.033142
0.20612
0.062073
0.10712
0.023438
0.26581
0.046082
-0.040466
0.44324
0.13043
0.0045776
0.094482
0.0092163
0.022766
-0.037415
0.00061035
0.89099
-0.022339
0.031921
0.10077
0.025757
0.053894
0.040649
0.032959
0.0061646
0.025208
-0.0056152
0.10944
-0.0087891
-0.029663
-0.038635
0.058105
0.10822
0.24622
-0.026367
0.11823
0.03418
0.011658
0.30212
0.42816
0.068298
0.16772
-0.0090942
-0.055115
0.033752
0.094788
-0.0061035
-0.18848
0.23615
-0.070129
0.742
-0.15875
0.054626
-0.045349
0.081055
0.01239
0.025208
0.082703
-0.049683
0.72681
0.036865
0.14301
-0.018127
-0.013733
0.052917
0.012878
0.0015869
0.64282
0.023193
0.11945
0.032227
0.16809
0.045166
-0.040161
-0.001709
0.14929
0.11914
0.011841
0.91284
-0.11212
-0.027771
0.0054321
-0.040283
0.030945
-0.025269
0.0067749
-0.045166
-0.036255
-0.031555
-0.025513
-0.0087891
-0.071777
-0.02124
-0.014771
0.98724
0.28027
0.094604
0.27142
0.064209
-0.1098
-0.08905
0.20099
0.085266
0.14014
0.066345
-0.0076904
0.033203
0.52148
-0.075928
0.30627
-0.060791
0.19666
0.012512
-0.023621
-0.0081787
0.046143
-0.069519
0.0055542
0.38812
0.34906
0.060547
0.24103
-0.023315
-0.034851
-0.092285
-0.048889
0.16693
0.26727
-0.086182
0.80255
0.069946
-0.078186
0.066406
-0.1366
0.054932
0.070801
-0.0029907
-0.1756
-0.063477
0.078918
1.1786
0.094055
0.16901
-0.044861
-0.068726
0.01001
0.025513
0.28229
-0.033447
0.59106
0.026123
0.13934
0.0056152
-0.031189
0.019287
0.10284
-0.035095
0.7652
0.024048
0.08429
-0.1106
0.22113
-0.061096
0.1969
0.0036621
-0.013
-0.010376
0.043762
0.0098877
-0.0064697
0.071167
-0.0046387
0.86041
-0.036255
-0.053589
0.33038
0.025879
0.088379
0.27979
0.044495
0.018433
0.34851
0.068542
0.015869
0.005188
-0.016663
-0.0028687
-0.029297
0.019409
-0.017822
0.33752
0.0062866
0.59558
0.0047607
-0.064697
0.061218
0.096497
-0.073425
0.77423
0.0087891
-0.052979
0.043762
0.0093994
0.084045
0.067505
-0.060303
0.010071
-0.10492
0.80005
0.067932
0.030334
0.048706
0.078552
0.016541
0.096985
-0.012146
-0.069214
0.16284
0.023132
0.45496
-0.033325
0.48712
-0.021912
0.026001
-0.0177
-0.0043945
0.013977
-0.0012207
0.00030518
0.016113
0.27972
0.067078
0.16553
0.084717
0.51385
0.10962
0.17944
-0.056458
0.2041
0.65002
-0.087524
0.075623
-0.016418
-0.023438
-0.015381
0.080017
0.032776
-0.060669
-0.065002
-0.010193
0.14764
0.039185
-0.11786
0.97119
0.063721
-0.0048828
0.01825
-0.090271
0.066467
-0.028259
0.94836
0.00036621
0.1391
0.041199
-0.11115
0.030701
-0.04303
0.30688
0.042053
0.14557
0.016846
0.40771
-0.053406
0.11652
0.0049438
0.65851
-0.0046997
0.035156
0.044495
0.033264
-0.055725
0.17041
0.070923
-0.061829
0.0077515
-0.017212
0.036682
-0.08429
0.77325
0.084534
0.087891
0.13824
0.044312
0.021057
0.010376
-0.029663
-0.069275
0.056702
0.060059
0.40533
-0.065674
0.47791
-0.069092
0.12256
-0.0084229
-0.0012817
0.026855
0.03833
0.087585
-0.039001
0.12915
-0.067993
1.1608
-0.078674
-0.1142
-0.031555
0.0095215
0.50653
-0.016907
0.41449
0.019043
0.17804
-0.018066
-0.061096
-0.014832
0.052673
0.0062866
-0.086548
0.012329
-0.044128
0.71106
0.12866
0.017456
0.10352
-0.00085449
0.012268
0.018738
-0.038513
0.81909
0.078186
0.025513
0.090149
0.070129
-0.0090942
0.046204
-0.038086
0.93787
0.054565
0.075134
0.10315
-0.026245
-0.0082397
-0.0067749
-0.017944
0.039124
-0.049133
0.91595
0.075439
0.043762
0.34985
-0.056396
-0.047363
-0.1153
-0.041138
0.13214
0.006897
-0.019531
-0.020508
0.025391
0.059692
0.16388
0.11304
0.20819
-0.0026855
0.56616
0.023621
0.029785
-0.024475
-0.040466
0.012573
-0.043945
0.057434
0.62262
0.053894
0.38873
0.071228
-0.14343
-0.12195
0.016479
0.070862
0.73877
0.071228
0.15546
0.0024414
0.058289
0.11847
-0.044128
0.1886
-0.045898
0.47198
0.018738
0.13086
-0.068481
0.054993
-0.028198
0.037292
0.044678
0.76837
0.028748
0.1308
-0.0042725
0.10699
0.067261
-0.069824
-0.059021
-0.0354
0.93994
-0.015259
-0.026611
0.0042114
-0.019592
-0.034912
0.060669
-0.059998
-0.012939
0.039734
-0.025452
0.26422
-0.062073
0.49609
0.0067749
0.36206
0.058105
0.035645
-0.073242
-0.042419
0.1142
0.45575
-0.090271
0.39844
0.014465
0.18652
0.027954
-0.051086
0.011536
0.076233
-0.042542
-0.085938
0.15649
0.064575
0.96021
-0.025269
0.091431
0.075867
-0.025818
-0.056763
0.021545
-0.061218
0.01239
0.048584
0.30365
0.021912
0.021484
-0.027222
0.6264
0.038391
0.027161
0.56293
-0.045898
0.50409
0.022095
-0.017273
0.016968
-0.031616
0.0097046
-0.060242
0.012695
0.0071411
-0.088867
0.024353
0.69904
0.026611
0.26147
-0.022949
-0.055603
-0.084229
0.065857
0.062073
-0.081726
-0.0057373
0.84045
-0.026794
0.079712
0.13202
-0.031799
0.15021
0.094055
-0.099731
0.29901
0.023438
0.19238
0.14117
0.073303
0.081055
-0.012878
-0.077454
0.44019
0.14081
0.68268
-0.031006
0.11743
-0.049622
0.21338
-0.047974
-0.17194
0.99603
-0.022888
0.020142
0.070862
-0.14697
-0.0025635
0.10767
0.024353
-0.00354
-0.027527
0.031921
0.041687
0.030518
-0.042908
-0.010742
-0.034363
0.0095825
-0.080994
0.01123
0.89282
-0.054321
-0.028564
0.34558
0.032654
0.37262
-0.057739
0.24121
-0.050659
0.095032
-0.022766
-0.0053711
0.09198
-0.030762
0.23804
0.50812
-0.033569
0.13074
0.042725
-0.047363
0.036743
0.10419
0.016479
0.27722
0.031555
0.064697
0.010376
0.38678
0.076477
0.25867
-0.043579
0.30554
-0.039673
0.0037231
0.41882
-0.00067139
0.07605
0.25031
0.043457
0.078369
-0.039795
0.05011
0.028015
0.35132
-0.018616
0.10132
0.038818
0.31439
-0.026855
0.17688
0.10382
0.01355
0.20972
0.058472
0.081787
0.51263
-0.019165
0.1001
0.070068
-0.008728
0.019958
0.024841
0.00036621
-0.050476
0.034241
-0.01593
0.064209
-0.066406
0.28638
-0.048035
0.54559
0.00177
-0.13763
0.41577
0.024353
0.39221
-0.01123
0.17334
-0.09259
-0.020508
0.025757
0.083557
0.20471
-0.040283
0.41705
0.12408
0.21729
0.088013
0.070007
-0.11407
0.057373
0.2005
0.22156
0.013977
0.29486
0.077087
-0.00012207
0.24408
-0.0073242
-0.023193
0.012512
0.16205
0.029724
0.18903
0.53638
0.33435
-0.10199
0.032654
0.080994
-0.15668
0.03186
0.023865
-0.038452
0.77423
0.028931
0.016479
0.028015
0.083557
-0.0020752
-0.044922
-0.040527
0.39539
0.00354
0.17236
0.10034
-0.0056152
0.0039063
0.09845
-0.035767
-0.0495
0.00036621
-0.015564
0.0979
0.32574
0.0054321
0.6178
-0.015076
0.04718
0.0047607
-0.13202
0.075623
-0.072021
0.96979
-0.096313
-0.038452
0.025391
0.016663
0.0044556
-0.018738
-0.029846
0.025635
0.033203
0.28137
-0.019043
0.57544
0.061768
0.012512
0.014893
0.029053
-0.0062256
-0.017273
-0.011536
-0.061096
-0.0054321
0.01947
0.07843
0.11694
0.016724
0.1358
0.054626
0.52539
0.038696
0.016113
0.79553
0.073792
0.10742
-0.050476
0.18317
-0.026123
-0.0054932
-0.027405
0.0023193
-0.054932
0.09552
-0.05658
0.60065
-0.0039673
0.45782
-0.0014648
0.052246
-0.05957
0.042542
0.03894
0.39545
0.15411
0.40588
0.036865
-0.0049438
0.066223
-0.16174
-0.0045776
0.0672
0.036804
0.93811
-0.10596
-0.019531
0.023499
-0.094666
-0.068298
0.039246
0.075989
0.185
0.041321
-0.023071
0.75659
-0.028137
0.013977
-0.024963
0.023193
-0.010864
-0.019775
-0.03418
0.072266
0.67535
-0.07135
0.16626
0.12799
0.20435
-0.043518
0.085999
-0.01709
0.014648
-0.11151
0.026855
0.66107
0.22375
0.053406
0.23297
-0.06134
0.063293
-0.012695
0.98639
0.056091
-0.034119
-0.022949
-0.089783
0.021362
-0.012024
0.0073853
-0.046936
-0.025452
-0.017456
0.003479
0.062317
-0.0094604
-0.060547
0.17834
0.017029
-0.016418
0.85065
0.044312
0.0098267
0.18384
0.050903
0.7265
0.15851
0.0026245
-0.076233
0.051453
-0.088928
0.032837
-0.081665
0.037781
-0.033081
0.024597
0.020752
0.69647
-0.056946
0.2912
-0.023499
-0.067688
0.017456
0.93805
0.021606
-0.058838
0.066345
-0.039978
0.022217
-0.014587
0.030945
-0.003479
-0.0044556
0.017029
0.41199
0.052429
0.29681
-0.057617
0.21606
-0.063293
0.10529
-0.017456
0.05896
0.014709
-0.09375
0.53772
-0.073853
0.34674
0.13055
-0.18909
0.1297
-0.025391
0.14307
0.0085449
-0.1441
0.19415
-0.014954
0.080627
0.18683
0.10651
0.53516
0.0042725
-0.058838
0.022461
0.80164
0.049194
-0.006958
0.047241
0.10071
-0.029785
-0.019104
0.035583
0.015259
0.64972
-0.068542
0.29547
0.15369
0.072876
-0.04657
-0.039612
-0.072266
0.077271
0.090454
0.024902
0.56647
0.031311
0.099609
0.078491
0.18945
-0.072754
0.017822
-0.059448
0.0079346
0.96979
-0.054871
0.044617
0.067078
0.008606
-0.0079346
-0.12292
-0.058716
0.091919
-0.064941
0.80371
0.0037231
0.06311
0.072937
0.040894
0.069336
0.01001
-0.020508
0.062561
0.037354
-0.066284
0.010803
0.00012207
-0.0010986
0.34375
0.043213
0.12457
-0.015625
0.6438
0.50513
-0.04303
-0.13916
0.050964
0.20288
-0.0084229
0.44397
-0.028198
0.077881
0.052734
-0.064636
-0.032471
0.041199
0.075806
0.098877
0.39325
-0.081604
0.69171
-0.16418
-0.086975
-0.055542
0.079224
-0.026672
-0.058716
0.094421
-0.0271
-0.042236
-0.010376
-0.040405
1.0253
0.69543
-0.036804
0.025391
-0.0028687
0.073425
0.0625
0.29083
0.0024414
0.038391
0.0064697
0.025146
0.0625
0.095337
-0.10699
0.13397
-0.040649
0.18054
0.2677
0.69135
-0.11859
0.97144
0.029297
-0.05719
-0.11023
-0.048828
0.0010986
0.14935
-0.0026245
-0.028931
-0.00177
-0.018677
0.0802
-0.016479
0.88251
-0.00079346
0.017395
-0.030457
0.030518
-0.0039063
-0.023315
0.015015
0.033203
0.47083
-0.024353
0.31256
-0.038818
0.26477
0.0014038
0.032593
0.055847
-0.093384
0.017395
0.073608
0.93591
-0.054993
0.0079956
-0.040955
0.032166
0.018921
-0.056519
0.16553
0.062988
0.09137
-0.070679
-0.008728
0.27924
0.11987
0.054688
0.18524
-0.062744
0.0080566
0.18329
-0.039307
0.3894
0.032959
0.27838
0.089966
0.088989
-0.098267
-0.026794
0.0042725
0.049133
-0.021118
0.0071411
-0.0075073
-0.0073853
0.048523
1.0681
0.015076
-0.055908
-0.039795
-0.023438
-0.0019531
-0.042847
0.092285
1.1475
-0.08551
-0.0081177
0.013
-0.1225
0.028137
-0.051331
0.42883
0.060242
0.17395
-0.068359
0.29425
-0.039124
0.096619
-0.026245
-0.028687
0.82404
-0.016052
0.19159
0.014099
-0.08374
-0.026978
0.021606
-0.0042114
-0.0038452
0.024048
0.68793
-0.03717
0.21869
0.12219
0.0089722
0.0098877
0.047791
-0.083923
0.028625
0.093994
0.10449
0.63593
0.037415
0.060303
-0.038818
0.15802
-0.024902
0.057983
-0.018127
0.51288
0.14948
-0.093445
0.071899
0.20422
-0.043823
0.37402
0.021729
-0.011108
0.011597
-0.090454
-0.0073853
-0.044434
0.0045166
0.05365
0.59503
-0.024292
0.18408
0.095825
-0.055542
-0.084229
-0.040527
-0.012573
-0.028015
-0.019653
0.70184
0.005127
0.057251
0.24438
0.16052
0.87939
-0.019226
-0.00067139
-0.031067
-0.098755
-0.021118
0.14209
-0.071289
0.0026245
-0.026123
-0.055176
0.92328
0.024475
0.0077515
0.038513
-0.019836
-0.015686
-0.0092773
0.031494
0.01001
0.57574
-0.030396
0.014038
0.079895
0.01825
0.064453
0.11102
-0.029602
-0.021667
0.0075073
-0.040649
0.054871
0.11676
-0.098694
-0.046143
1.0416
0.078125
0.025391
-0.053467
0.088135
0.091125
0.059631
0.30591
0.11072
0.18152
0.0040283
0.27124
0.069946
0.10535
-0.029175
0.046814
-0.011841
-0.033386
-0.011108
-0.019592
0.10809
-0.018311
-0.045105
0.83813
0.030701
0.012268
0.017883
0.020447
-0.034058
0.028015
-0.050903
-0.01239
-0.055664
0.00042725
1.0872
-0.031677
0.056335
-0.08075
-0.057007
0.029907
0.34961
0.0015259
0.69574
0.081787
-0.039368
-0.056702
0.14838
-0.021545
0.019043
0.043152
-0.019775
-0.02063
0.30414
-0.078003
0.7771
0.094727
0.79102
0.015015
0.0022583
0.052551
0.015747
-0.0032959
-0.017273
0.0032349
0.0056763
-0.025452
0.67114
-0.048706
0.17615
0.081238
0.070984
-0.0083008
0.038696
0.061157
0.020996
0.082153
0.13873
-0.016113
0.62109
-0.12427
0.29456
-0.13635
-0.1156
0.080933
-0.033325
0.059875
0.059082
0.12262
0.4043
0.17609
0.10083
0.16455
-0.08136
0.040894
0.0019531
0.025024
-0.097107
-0.036865
0.098083
0.020752
0.78589
0.066162
-0.046814
-0.1106
-0.1084
0.47137
-0.078857
0.034485
0.25623
0.19745
0.018433
0.23279
0.0071411
-0.096313
0.022156
0.097229
0.020752
-0.070007
0.0075073
0.033691
0.30646
-0.013916
0.63599
-0.059021
-0.012268
0.068726
0.0096436
0.13885
0.041565
0.022827
0.30511
0.05188
0.020813
0.054016
0.38281
0.014954
-0.016541
0.036255
-0.04657
0.032349
0.25952
0.057617
0.1861
-0.040771
0.61224
-0.061707
0.050903
0.36938
0.061279
0.43134
-0.033508
0.15778
-0.04718
0.12628
0.075623
-0.0091553
0.029541
-0.034912
-0.052856
0.054016
0.11371
-0.0050659
0.11676
-0.086731
0.64447
0.078735
0.17999
-0.041382
0.53693
0.052856
0.30414
0.04071
-0.012268
-0.050537
0.016235
0.16071
0.033691
0.14081
0.28595
0.20947
-0.022827
0.080261
0.041077
0.072815
-0.026245
-0.0012207
-0.055847
0.11163
0.079163
0.33722
0.04364
0.44714
-0.021545
0.06488
0.0014038
0.10638
-0.02533
0.52661
-0.03363
0.093445
0.063599
0.28479
0.027954
0.00097656
-0.076843
0.022583
-0.015503
-0.023804
0.017883
-0.015564
-0.013306
0.011658
0.043701
1.1706
-0.038818
0.039673
0.024353
-0.015991
-0.0033569
-0.051392
0.50836
0.14301
0.63983
0.049927
-0.1358
0.11047
0.022827
0.33575
0.092957
0.096069
0.055603
0.21106
-0.0054321
0.12708
0.013062
-0.013428
0.017334
-0.12628
0.060181
0.006958
0.604
-0.037598
0.48883
-0.04126
-0.12689
-0.01825
-0.048584
-0.054504
-0.0078735
0.041931
0.13147
-0.00012207
0.0070801
0.048218
0.61139
-0.0063477
0.012268
-0.18921
-0.15723
0.031189
0.03302
-0.056641
-0.020447
1.1968
0.023987
0.069824
0.077759
-0.095581
0.73022
0.079956
-0.0064697
0.064575
0.072449
-0.02124
0.098389
-0.0016479
0.023865
0.013123
0.047119
0.084961
0.0062866
0.074158
-0.037964
0.68402
-0.037476
-0.043152
0.89642
-0.00012207
0.12457
0.037476
0.008667
0.039978
-0.019226
0.0075684
-0.017639
0.22235
0.29047
0.045959
0.40222
-0.0056152
0.016968
0.090698
0.053467
-0.0010986
-0.023865
0.059143
0.40137
-0.11066
0.35571
0.080505
0.10931
0.023132
-0.022949
-0.015076
0.075378
0.017212
0.087402
-0.092285
0.48358
0.3316
0.074829
0.06134
0.030457
0.0076904
0.028076
-0.11621
-0.028992
0.071289
0.029663
0.035278
0.49341
-0.086731
0.39221
-0.024719
0.0078125
-0.0054932
-0.018555
0.22906
0.033752
0.36072
0.0072021
0.21735
0.005127
0.094788
0.018494
-0.0059204
-0.060059
-0.026917
0.13965
0.098083
0.44281
0.060486
0.27747
0.074707
0.20483
0.017578
-0.048401
0.28571
-0.08252
0.31409
0.076416
0.3783
0.020264
0.061523
-0.037354
0.017883
0.14551
0.17981
-0.086548
0.67316
0.035156
-0.21191
-0.0031738
0.081848
0.13794
-0.021362
0.021362
0.0083008
-0.0024414
0.031067
0.048584
0.010742
0.059204
0.018372
0.90894
0.12073
0.014282
0.13116
-0.036865
-0.035522
-0.015076
0.14368
0.014343
0.17224
0.038757
0.029419
0.058716
-0.030212
-0.015808
0.017212
-0.26495
0.046021
1.2281
-0.020081
0.013672
0.087769
0.92999
-0.048218
0.15771
0.036499
0.014038
-0.11176
-0.060303
-0.017944
0.031372
0.035828
0.017944
0.22601
-0.043518
0.18671
0.26703
0.354
0.031738
0.083801
0.0018311
0.071045
-0.016907
0.019104
-0.044495
-0.01532
0.055176
0.047668
-0.038818
0.65668
-0.055481
0.090698
0.15686
-0.0802
0.75861
0.056641
0.076843
-0.025391
-0.058228
-0.085205
-0.031372
0.011475
-0.015259
-0.036072
0.050049
-0.032776
0.029785
0.065979
0.97144
0.00079346
-0.029968
0.016663
-6.1035e-05
-0.028198
0.025024
-0.0098267
-0.081421
-0.082581
0.99518
0.054993
-0.026855
0.42914
-0.094543
-0.12994
0.03064
0.388
0.05658
0.38489
-0.012756
-0.00036621
0.035156
-0.038391
-0.00036621
0.00030518
-0.030518
0.061646
0.23901
0.005127
0.7149
0.021423
0.022339
0.047241
0.010742
0.00079346
0.037231
-0.11627
0.010559
-0.064087
-0.13177
-0.032837
1.1209
-0.021729
0.044922
0.22504
-0.014099
0.62183
0.097412
0.099243
-0.052979
-0.062988
0.065186
0.015503
-0.036316
0.020874
0.00073242
-0.0094604
0.12714
-0.07428
0.83215
-0.072449
0.065247
-0.0073242
0.041809
-0.00354
-0.044006
0.015015
-0.045898
-0.013123
1.183
-0.07782
-0.11707
0.51831
0.11505
0.078125
0.064941
0.030396
0.17163
0.26379
0.0015869
0.062195
-0.08667
-0.013062
0.93756
-0.029724
0.056641
0.051025
0.00012207
-0.0065918
0.026733
0.020569
0.033142
0.1355
-0.033752
0.050232
-0.061279
0.4682
0.031311
0.35242
0.024597
0.048645
0.0090332
0.073975
0.85602
-0.018921
0.032104
0.097351
0.0072632
0.072998
-0.04248
-0.0028687
-0.0068359
-0.021301
0.021606
0.68103
0.03418
0.092102
0.006958
0.12952
-0.033936
-0.064819
-0.021545
0.068359
-0.060669
0.024963
0.66864
-0.15802
0.15881
0.21924
-0.11847
0.42505
0.049866
-0.059631
0.052185
0.16608
-0.0039063
0.38977
-0.12653
0.33911
0.071167
0.12433
-0.028992
-0.12061
-0.063477
0.23633
-0.048218
0.50983
0.049255
0.20386
0.055176
0.052246
-0.065063
-0.005249
0.0020752
-0.029419
-0.015015
0.0078125
-0.11829
0.041443
1.1733
-0.10437
-0.028503
0.0028687
-0.031555
0.4566
-0.010864
0.47253
-0.012085
0.19904
-0.035828
0.059998
0.015503
-0.030334
0.037903
-0.052429
0.0072021
-0.00054932
0.075928
0.031189
0.93188
0.05011
-0.10284
-0.042603
0.97992
0.012878
0.012573
0.012146
-0.072998
-0.0083618
0.028381
-0.051575
-0.0022583
0.024536
-0.0076294
-0.015625
0.084839
-0.032043
0.34796
-0.0045776
0.056885
0.2218
-0.076416
-0.021057
0.10303
0.030151
-6.1035e-05
0.056274
0.18097
-0.0031128
0.75079
0.022705
-0.046692
0.035706
-0.026672
0.023865
-0.10327
-0.033813
0.51477
0.086609
0.045471
0.17255
0.31897
-0.0060425
0.76733
-0.09137
0.10211
0.11926
0.012756
0.0021362
0.051453
-0.058167
0.0076904
-0.10052
0.29718
-0.021912
0.88513
0.031555
0.041016
0.067566
0.008728
-0.0026855
0.00048828
-0.0042725
0.93945
0.0073853
0.09259
0.022827
0.034363
-0.047729
0.029114
0.0354
0.00048828
0.53644
0.022156
0.050659
0.052002
-0.017761
0.025757
0.13287
0.043457
-0.051147
-0.011353
0.0046387
0.012268
0.068542
0.95007
-0.058716
-0.018982
-0.025085
0.022522
0.063171
-0.015564
-0.013672
-0.02356
0.030945
-0.033569
0.61243
-0.027832
0.37231
-0.027588
-0.013306
-0.0016479
0.0099487
-0.014282
-0.10181
0.047363
-0.014099
0.7959
-0.010803
0.031067
-0.092896
0.0079956
-0.016113
0.025146
-0.071838
0.55603
0.21368
0.082703
0.10352
-0.025452
-0.02179
0.058777
-0.036682
-0.038879
0.092041
-0.067566
0.095703
0.020813
0.082886
-0.011719
0.8269
0.0012817
0.20319
-0.043945
0.40552
-0.0042114
-0.0079346
0.055725
0.27649
-0.0010986
0.085327
-0.023132
0.28979
0.14667
-0.030884
0.67584
-0.028809
-0.1131
0.12756
-0.077759
-0.0064087
0.0091553
-0.014709
0.0046997
0.2135
-0.019409
0.56195
-0.046021
0.22632
-0.0043335
0.11273
0.014832
0.005188
0.025818
0.035217
0.0098877
-0.005188
0.4342
-0.003418
0.018738
0.071167
0.48969
0.26569
0.14478
0.039551
0.51312
0.14966
-0.041748
0.16058
0.092712
0.028931
0.014526
-0.01709
1.02
-0.015259
-0.087158
0.035034
0.024414
0.00030518
0.011169
0.035339
0.0087891
0.10913
0.092224
-0.012024
0.036011
0.038452
0.56268
-0.00085449
0.22528
0.042969
-0.096497
0.16528
0.32678
-0.049622
0.62695
0.014404
-0.019165
-0.07019
-0.035889
-0.029663
-0.018555
0.55536
0.041321
0.06488
0.095276
-0.088806
-0.030579
0.12878
0.0056763
-0.028076
0.03949
-0.045288
0.046875
-0.088989
-0.056213
0.063354
0.1886
0.023743
0.85718
0.089478
-0.041992
0.50818
-0.055054
-0.073486
0.0061646
-0.091309
0.028137
0.074097
0.027832
-0.0018921
0.02356
0.31042
-0.12781
0.27423
0.041748
0.022522
0.091553
0.32996
0.019714
0.078186
0.0073242
-0.0087891
-0.026917
0.422
-0.041443
0.58051
0.10846
0.087463
0.058533
-0.05542
0.00018311
-0.037964
0.015137
-0.01416
-0.05249
0.065857
0.98828
-0.093811
0.04364
-0.0090332
-0.058228
0.060059
0.85449
-0.02655
0.033142
0.0093994
0.02948
-0.019531
0.017883
0.046875
0.005249
-0.0039063
0.044434
0.18781
0.019775
0.058899
0.030457
0.11298
0.02301
0.26074
0.04364
0.047791
-0.0059204
0.056335
0.063721
0.3587
-0.037598
0.46985
-0.051941
0.14874
0.028076
0.018616
0.027466
0.33289
0.18811
0.29242
-0.040344
0.13336
0.05719
0.10156
0.014587
0.019409
-0.086487
-0.035767
0.28259
0.058716
0.23004
0.29285
-0.151
0.672
-0.033936
0.063171
-0.0578
-0.0032959
0.64771
-0.053101
0.28278
0.011536
-0.025452
0.17938
0.029724
0.1369
-0.019958
0.041565
-0.075928
-0.034851
0.045959
0.10992
0.064819
0.07782
0.59943
0.043274
0.010132
-0.02771
0.0039063
-0.018494
-0.069519
-0.046204
0.00030518
0.37231
-0.035767
0.20129
0.12939
-0.033875
0.094177
0.086792
0.42255
0.22363
0.036377
-0.035828
-0.068787
-0.0058594
-0.0091553
0.039734
-0.096863
0.0095825
0.043091
0.006897
0.40234
0.067932
0.53925
0.078613
0.065491
0.81696
0.01532
-0.039001
-0.0011597
0.13794
0.010498
-0.0028076
0.056763
0.079407
-0.026245
0.20844
-0.015808
0.16467
0.32007
0.42255
0.057861
0.028442
-0.022583
-0.041199
-0.029358
0.72284
0.093994
0.016113
0.047363
0.11475
-0.020752
-0.063293
0.0053711
-0.091248
0.01416
0.082153
0.0056152
0.036987
0.97632
-0.012695
0.10254
-0.12811
-0.13538
-0.017822
1.3074
0.024963
-0.20471
0.0022583
-0.044312
-0.0030518
-0.051331
-0.018127
-0.00018311
-0.081543
0.16199
-0.075256
-0.10767
0.077148
-0.02063
-0.032776
-0.037903
-0.1571
1.1003
0.0029907
-0.00079346
-0.11328
0.079163
0.16583
0.030945
0.18262
0.16803
0.17102
-0.011353
0.13708
0.25812
-0.096375
0.33966
0.097351
0.0029907
0.17157
0.069885
0.067017
0.010742
0.050598
0.017212
0.044373
-0.040222
0.0048218
0.237
0.020325
-0.019287
0.62469
0.0012207
-0.095154
-0.027588
0.0075073
0.095276
0.10144
0.10284
-0.019897
0.82947
-0.066223
0.14508
-0.023621
1.0447
-0.05603
-0.072266
0.0054932
0.11456
0.022644
0.010742
0.044312
0.022644
0.039001
-0.10828
-0.078674
-0.031067
-0.090027
0.09375
-0.058899
-0.046509
1.2606
-0.020264
-0.046631
0.80066
-0.054749
0.094604
0.085388
0.08606
-0.031677
-0.012878
0.017029
0.049011
0.012329
-0.03241
0.58722
0.063965
0.26868
-0.019592
-0.067932
0.0027466
-0.01709
-0.044617
0.9707
-0.030579
0.14209
0.05072
-0.12805
-0.015869
0.12366
0.0061035
0.0022583
0.0224
-0.031311
-0.049316
0.051819
-0.057983
0.049744
0.30267
0.088135
0.19385
0.10461
0.40594
0.090149
0.0073853
0.67499
-0.066528
0.30078
0.0023804
0.15417
0.028564
-0.065186
-0.040833
-0.10516
0.040405
0.058105
-0.031128
0.85522
0.012878
0.13055
0.010742
-0.087158
0.064148
0.065918
0.021851
0.031372
0.47327
0.41034
0.076172
0.026855
0.064026
-0.036743
-0.010864
-0.053467
0.10083
0.13129
0.09906
0.62622
0.023315
0.15381
-0.00036621
-0.064148
-0.04303
0.037781
-0.068359
-0.056335
-0.010193
0.36987
0.028564
0.46124
0.059753
0.22882
-0.016174
-0.036438
0.85626
-0.037537
0.14758
0.032471
0.060303
0.0083618
0.052551
0.018555
-0.0081787
-0.073425
-0.012329
0.075073
0.87177
0.071289
0.027283
0.00073242
0.027222
0.013733
-0.058899
-0.10468
0.10681
0.10797
-0.09314
-0.09436
1.1597
-0.065735
0.013123
0.085571
0.05304
-0.090637
0.070129
0.47009
0.069946
0.40857
0.0026855
0.14496
0.031677
-0.074158
-0.077271
0.037354
0.0046387
-0.023254
0.044312
0.0032959
0.26355
-0.0053101
0.03186
-0.080811
0.729
-0.093018
-0.011353
0.036194
-0.075378
0.046936
0.25262
-0.029114
0.74829
0.10699
-0.049011
-0.068787
0.017334
0.076172
0.0093994
-0.015015
0.51398
0.019348
0.040588
0.13922
0.37329
0.31647
-0.0050049
0.20441
0.5545
0.23914
0.039978
0.018127
0.086548
-0.036316
0.0045166
-0.072083
-0.01239
0.031921
0.09967
0.021729
0.52563
-0.039917
0.59052
-0.010437
-0.011658
0.057617
0.0056152
-0.043884
0.1217
-0.0021973
0.43445
-0.033691
0.24799
0.025635
0.098572
-0.04364
0.024292
0.042603
-0.028198
-0.10535
1.2038
-0.24908
0.15991
0.088257
0.034302
0.052002
-0.033325
0.34589
0.071106
0.30804
-0.0448
0.30859
0.052795
-0.026428
-0.054871
-0.020508
-0.044617
0.12085
0.012756
0.66803
-0.0081787
0.31342
-0.03125
0.0037231
0.025574
0.035522
0.023132
0.013733
0.010071
0.0045776
0.026733
0.034241
-0.040771
0.90131
-0.0048218
0.9231
-0.050293
-0.11395
0.038452
-0.18402
0.02356
0.094421
0.073669
-0.0040894
-0.010742
-0.060791
0.055176
-0.0033569
-0.073547
0.082581
0.066528
0.013672
0.97913
0.10175
-0.052673
0.59796
0.1073
0.08252
0.083618
0.00067139
-0.063171
0.1377
0.041504
-0.043396
-0.0025024
-0.082397
0.0061646
0.063354
-0.10754
0.032959
0.21759
-0.012512
-0.10107
0.90399
0.054321
0.18658
-0.1427
0.071289
0.24884
0.17651
-0.099792
0.11182
0.23792
0.35693
0.046448
0.083435
0.044189
0.90594
-0.052002
0.14417
0.036926
0.0068359
0.037781
-0.0055542
0.0097046
-0.047424
1.0829
0.019531
-0.099548
0.028748
0.061829
-0.068604
-0.03772
0.00067139
0.00091553
-0.0054932
0.037964
-0.035278
-0.02478
-0.013184
0.065125
0.018799
0.61041
-0.1123
0.22968
0.11823
-0.010498
0.027832
0.0023804
0.0073242
0.25543
0.12457
0.5899
0.022339
-0.033813
-0.094971
0.023743
-0.036316
0.0018311
0.071167
0.30414
-0.062012
0.69794
-0.092468
-0.096252
0.29901
-0.041382
0.086243
0.19641
-0.0036011
0.042908
0.29749
0.09491
0.098389
-0.084595
0.13055
-0.12183
-0.11829
0.39044
-0.070496
0.070496
0.13812
0.089417
0.71362
0.029541
0.95789
0.05304
-0.12646
-0.083496
0.0071411
0.036499
0.10168
-0.016052
-0.010864
0.0023804
0.15039
0.26593
0.019592
0.64014
-0.044434
-0.060181
-0.060364
-0.030334
-0.038391
0.0046997
0.95563
0.021545
0.03772
0.054688
-0.025024
0.069641
0.093567
-0.0047607
-0.11511
0.019287
-0.017212
0.0067749
0.034119
-0.039429
-0.068359
0.1864
-0.019348
0.067017
0.19543
0.50458
0.019043
-0.03418
-0.0036011
0.064453
-0.010925
-0.0043335
-0.041382
0.067627
1.3153
-0.086853
0.097595
0.080627
-0.10217
-0.034058
-0.011902
0.57251
0.099304
0.18372
-0.048035
0.30927
0.52155
0.038818
-0.10541
-0.010193
0.16937
-0.041321
0.40942
0.013489
0.035889
-0.014099
0.0015259
0.16345
0.30988
0.1106
0.42926
-0.065613
-0.014771
0.036072
-0.052124
-0.075439
-0.027039
0.032532
-0.06604
-0.09314
0.074951
0.020752
0.060486
-0.069275
0.78156
0.12378
0.036072
1.1133
-0.0062256
0.0076904
0.022461
-0.05072
-0.053833
-0.068237
0.0045776
-0.0027466
-0.052185
0.036438
-0.055359
-0.087219
-0.089294
0.60938
0.048401
0.74512
0.010437
-0.20966
-0.0065918
0.070374
0.082886
-0.024841
-0.0083008
0.15582
0.010925
0.65997
0.095398
-0.12042
0.052734
0.050903
-0.014404
-0.074158
-0.051392
0.52002
-0.00030518
0.42932
0.050781
-0.016602
0.73688
0.0088501
0.058533
-0.011719
-0.11011
0.023682
0.19415
0.0354
0.063721
-0.046692
-0.058838
0.90826
-0.031799
0.087891
0.0089722
0.017212
0.022888
0.037231
0.00091553
0.056335
0.043396
0.018738
0.17383
-0.049622
0.36133
-0.010925
0.47473
0.0078125
-0.051147
0.019531
0.079102
0.7771
0.0054321
0.065369
0.14758
-0.00067139
-0.061035
-0.064514
-0.03363
0.091553
0.18262
-0.07489
0.13635
0.83691
0.10107
0.080994
0.10413
-0.0079346
-0.056519
-0.0057373
-0.095276
0.040955
0.33185
-0.026245
0.42548
0.006897
0.31531
-0.0057983
-0.041931
-0.021912
0.061768
-0.098328
0.23816
0.10114
0.29834
-0.069641
0.33032
-0.012695
0.057129
0.023071
-0.03656
0.044312
0.33569
0.045471
0.50842
0.042297
0.1076
0.020325
-0.078674
-0.0062866
-0.035095
-0.010132
0.33337
0.033386
0.37238
-0.016724
0.35712
0.020874
-0.013062
-0.049866
0.053528
0.65131
-0.0049438
0.15649
0.1593
-0.05719
0.0043945
0.053955
-0.085327
-0.063904
-0.020447
-0.0043335
-0.039856
0.019897
0.0019531
-0.20697
0.066406
1.2283
0.035217
-0.066223
0.10107
-0.04303
0.0849
-0.093689
0.15289
0.19275
0.41467
0.063477
0.30664
-0.019226
-0.039429
-0.0061646
0.4303
0.0015869
0.27692
-0.014282
0.16907
0.0072021
0.096497
-0.04248
0.047058
0.10358
0.48077
0.063049
0.11267
-0.071594
0.30127
0.076233
0.14368
-0.0061646
0.055603
0.052368
0.2049
0.088806
0.23749
0.0091553
0.39581
0.018555
0.078491
-0.0092163
0.0062256
0.67682
-0.07428
0.23199
0.024109
0.029053
-0.0076294
0.043396
-0.037842
0.057678
-0.011902
-0.046753
0.05127
-0.050842
0.098694
-0.0073853
0.040527
0.0027466
0.80981
-0.046753
0.045105
0.057617
0.65802
0.023132
0.11322
-0.098572
0.041321
0.0043335
0.046448
0.0028687
0.099182
-0.036011
0.27856
-0.033569
0.43036
-0.026001
0.39563
-0.063354
-0.20105
0.024231
0.10077
-0.095581
0.070313
0.14984
0.33905
-0.025146
0.57715
-0.063721
-0.029602
0.00067139
-0.084961
0.02655
-0.02887
0.80359
0.059509
0.12762
0.001709
0.011047
0.087708
-0.012573
0.95526
0.043701
-0.0065308
0.0578
-0.11517
0.015747
0.041748
-0.059448
0.032776
0.027344
-0.020508
-0.021362
-0.031738
-0.025024
-0.04718
0.0099487
0.021667
-0.064148
1.3111
-0.038086
-0.019592
-0.0012817
0.012939
-0.067993
-0.012573
-0.0054321
0.068665
-0.0032959
1.0294
-0.032227
-0.075806
0.074341
0.22607
-0.038635
0.72192
-0.019104
0.095215
-0.0031128
-0.025818
-0.085632
0.048096
-0.0029907
0.040649
-0.088013
0.61969
0.073242
0.3255
-0.0075073
-0.022278
-0.0091553
0.010925
-0.045105
0.77338
0.08374
0.17572
-0.032715
0.063354
0.012146
-0.13379
-0.062561
1.1035
0.08252
0.03064
0.025574
-0.146
0.06311
0.064819
0.088196
0.037048
0.0084229
0.0081787
0.019226
-0.053711
0.0082397
0.0084839
0.10114
0.0040894
0.97955
-0.0065308
0.015137
0.85046
0.031921
-0.11731
-0.12225
0.14862
0.068481
0.19556
-0.014221
-0.073792
-0.011963
-0.084778
-0.12427
0.10211
-0.038391
-0.11072
0.043091
0.059998
-0.13354
1.3713
-0.12177
-0.10797
0.024536
0.059143
-0.013367
0.0022583
0.16077
0.035889
0.20221
0.02063
0.58716
-0.014343
0.99805
0.05072
0.026001
0.019653
-0.080505
0.010498
0.038086
0.00030518
-0.0401
-0.089172
-0.07196
0.19678
-0.042969
0.72205
0.030212
-0.0060425
0.059021
0.096436
0.029358
-0.047729
-0.012695
0.12579
-0.034058
0.71552
0.070129
0.31458
-0.044617
0.0055542
0.050049
-0.034302
0.031555
0.00018311
-0.074341
0.040955
0.14331
-6.1035e-05
0.95868
0.16791
-0.066223
0.67505
0.053467
0.14777
-0.16449
0.12317
-0.02887
0.25104
0.022766
0.078003
-0.087708
0.10925
-0.0084839
-0.067383
0.0057983
-0.079224
0.14343
0.069763
-0.019958
0.97382
-0.045227
0.096558
1.0703
-0.043945
-0.1554
0.010315
0.036194
-0.055054
0.060364
-0.02832
-0.034241
-0.05719
-0.1095
-0.10168
-0.033447
0.078857
-0.073853
0.030762
0.3689
0.59253
0.062195
0.096497
0.11871
0.24042
0.075195
0.23322
0.034607
0.30988
-0.0057373
0.070496
-0.034485
0.11371
-0.0672
0.10626
0.022644
0.48206
0.023865
0.21381
0.018188
0.041382
0.011353
0.069153
-0.06665
0.18634
-0.068481
0.37622
0.055115
0.27332
0.057434
0.062439
-0.069641
-0.0072021
0.027039
-0.071899
-0.072571
-0.0025635
-0.1684
0.11108
0.76129
-0.0979
0.23425
-0.14874
-0.025757
0.051514
-0.017456
-0.00079346
0.54144
0.047791
0.052979
0.32336
0.012451
0.044189
-0.0049438
-0.07074
-0.047668
-0.026855
-0.125
0.027893
0.93958
0.091187
-0.048767
-0.041565
0.026367
0.0021973
-0.05072
0.0089722
0.20227
0.048218
0.29279
0.08136
0.43085
-0.03418
0.074524
-0.044678
0.034363
0.00073242
0.53094
0.0043335
0.17657
0.021423
0.34552
-0.0050659
0.13086
-0.0095825
0.73767
0.083435
-0.0050049
-0.027527
0.012024
0.024597
0.0099487
-0.0080566
0.027527
-0.069275
0.058411
0.025269
0.33734
-0.027588
-0.07428
0.013367
0.68158
0.028625
-0.032227
0.15887
0.025513
0.56146
-0.034973
0.28961
-0.093445
-0.00018311
0.019348
-0.0072632
0.11322
0.18872
-0.028442
0.81146
-0.00073242
-0.074646
0.011292
-0.11029
0.05127
0.41132
0.16534
0.18213
6.1035e-05
0.022583
0.16113
0.10431
-0.074158
0.028015
-0.060791
0.2135
-0.13568
0.24237
0.14539
-0.0070801
0.018799
0.27563
0.019287
0.088806
0.034912
0.15271
0.84058
-0.039734
-0.0099487
0.067505
-0.02948
0.0059814
0.014893
0.049377
-0.022095
0.052673
0.0061646
0.063477
0.40948
0.59357
0.01709
0.055054
0.085571
-0.10309
0.018921
-0.044739
0.013123
0.049072
-0.025024
-0.0013428
0.19806
0.18079
-0.04126
0.37897
-0.049683
0.039368
-0.024231
-0.070251
-0.050903
0.61456
0.0013428
0.27795
-0.0075684
0.21875
0.024963
-0.091797
0.088867
0.57379
-0.080933
0.45648
0.074097
0.013977
0.034729
-0.035889
-0.0495
0.13202
0.090027
0.074646
0.09259
0.035889
-0.25793
0.035339
0.89185
0.18073
-0.16876
0.21033
-0.13538
0.23047
0.20453
-0.014832
0.22247
0.20886
-0.075867
0.2981
-0.035095
0.064514
0.03949
0.32092
0.13861
0.18567
0.013306
0.32288
-0.053345
0.028259
-0.023499
0.029419
0.059814
0.55499
-0.011047
0.30634
0.0045776
0.33453
0.040527
-0.060303
-0.074097
0.03064
0.018738
-0.0013428
0.007019
-0.019653
0.1333
-0.014771
0.2464
0.089844
0.46765
-0.052612
1.0082
0.015259
0.011841
-0.02063
0.01123
0.014832
-0.027466
0.034241
-0.027649
0.057739
0.058838
-0.13281
0.068359
0.057434
0.088928
-0.1167
-0.064636
1.0424
0.047363
0.86212
0.024475
-0.056946
-0.067566
-0.059631
0.061096
0.094604
0.031494
-0.030029
0.011169
0.40674
0.016602
0.030823
0.057739
0.067932
-0.014587
0.15649
0.027527
-0.019348
0.017944
-0.13477
0.095215
0.36176
0.055481
0.42029
-0.044556
0.11475
0.079468
0.015076
-0.029968
0.041138
0.068115
0.34705
-0.07135
0.028198
0.14868
0.29474
-0.06543
0.25409
-0.0354
0.68097
0.046875
0.24567
0.02063
-0.099854
-0.020935
0.12891
-0.022278
-0.030029
0.035706
0.14221
0.033997
0.014465
0.41809
0.13416
-0.029053
0.16895
-0.073486
0.014771
-0.10675
0.014038
-0.034302
0.22107
0.0026855
0.29736
-0.095093
0.42719
0.10541
0.040039
-0.14581
0.14703
-0.044617
0.25287
0.045349
0.13281
0.34076
0.44629
-0.069336
0.0070801
-0.075867
-0.060791
0.96533
-0.017639
-0.030579
0.080139
-0.011536
-0.027161
-0.040283
-0.055359
-0.022278
0.13666
0.20013
0.1012
0.42847
0.13153
-0.03717
-0.066284
0.045654
0.0023193
-0.026733
0.056274
-0.046204
0.32318
0.041504
0.16992
0.05188
0.37134
-0.052795
0.30829
-0.0010376
0.095947
-0.079163
0.0016479
0.90009
0.076172
0.016479
0.0037842
-0.11035
-0.043884
-0.050171
0.013123
0.097412
0.0053711
0.38916
0.48212
0.081543
0.02948
0.063721
-0.035278
0.012817
-0.069153
1.2448
0.044128
-0.12177
-0.080566
0.0041504
-0.10486
0.016113
-0.014282
0.013123
-0.0062866
0.017456
-0.017883
0.015198
0.00061035
0.10767
-0.0092773
0.97375
-0.074402
-0.11292
-0.021301
-0.14929
-0.018982
0.21393
-0.00018311
0.32538
0.23785
-0.11426
0.56403
-0.014709
-0.052795
0.93671
-0.060913
0.070923
0.020569
0.1402
-0.0068359
0.0088501
-0.00085449
-0.021973
0.94275
-0.012939
-0.093872
-0.061523
0.01532
0.16687
0.055542
-0.039063
-0.039551
0.023987
-0.032288
-0.033752
0.027832
0.02832
0.038086
-0.048279
0.0020142
1.0578
0.030884
-0.055237
0.19171
0.0089111
0.11261
0.22284
0.033325
0.18475
0.20264
0.02887
0.11438
-0.036072
-0.038391
-0.039978
0.015442
0.073242
-0.027954
0.53888
-0.030457
0.45758
0.14026
0.053894
0.76141
-0.052673
0.011719
0.05127
-0.028137
0.0224
0.26038
0.0096436
0.0065918
-0.0040894
0.071106
-0.028442
-0.13586
0.67413
-0.053711
-0.016846
0.12292
0.10388
0.41785
-0.024658
0.17889
0.051086
0.69025
-0.047913
0.16254
-0.010803
0.211
0.017639
0.00042725
-0.042847
0.12213
0.014709
0.074768
-0.051392
0.016052
0.10345
0.076233
0.17706
0.4422
-0.061462
-0.034973
-0.031738
0.04425
0.024536
0.02417
0.18628
0.011841
0.23553
0.05542
0.41559
-0.13788
0.14594
-0.0023193
-0.04718
0.20648
0.2345
0.023621
-0.025696
0.67859
-0.0177
-0.035156
0.059143
0.016663
0.0053711
0.022156
0.349
0.007019
0.68506
0.029968
-0.079102
0.042603
-0.02771
0.037598
0.016846
0.024536
0.0090942
0.017883
-0.061401
0.82745
-0.011169
0.049072
0.1507
-0.18524
0.1394
0.64026
0.037048
0.10547
0.026123
0.043213
0.037354
-0.042908
0.036621
0.1178
-0.13654
0.0071411
0.91522
-0.0048218
-0.21979
0.097473
0.11554
0.010071
0.041382
-0.057739
-0.071167
0.07196
0.32355
-0.055176
0.15918
-0.088623
0.59357
-0.069031
-0.01886
-0.038025
0.092285
-0.029602
0.40277
-0.0060425
0.27429
0.25427
-0.041443
-0.086426
0.03064
-0.086914
0.11578
-0.04187
0.87354
-0.11737
0.14014
0.014587
-0.11157
-0.053162
1.1962
0.037537
-0.1463
0.027405
-0.014587
0.015381
0.051147
0.0081787
0.022583
0.056335
0.11615
0.3172
-0.0036621
0.29401
0.039734
0.22772
0.016663
-0.01593
-0.077026
-0.028137
0.017883
0.25732
0.052979
0.46869
-0.035522
0.12079
0.10791
0.015442
-0.10736
0.040222
0.090942
-0.0018311
0.038574
0.010437
0.22791
0.031372
0.96429
0.021484
-0.082031
-0.039856
0.058655
0.40961
0.070862
0.36108
-0.0067139
0.19348
-0.0012207
-0.057129
-0.024719
0.035706
-0.033447
0.014648
0.052551
-0.051758
0.10834
-0.022461
0.13556
0.08075
0.67261
-0.079956
0.06604
-0.015869
-0.048584
0.065247
0.29443
-0.060974
0.7782
-0.073547
-0.036743
0.028748
-0.0093994
0.018616
0.0058594
-0.012695
-0.0016479
0.052246
0.068604
0.19989
0.029968
0.48193
-0.10352
-0.073853
-0.096863
0.27777
0.051575
0.29901
-0.060181
-0.043518
-0.018127
-0.015625
0.059204
-0.017822
-0.044678
-0.014343
0.12329
-0.012634
0.8432
0.21576
-0.017395
0.12793
0.094116
-0.077515
0.061707
0.80145
0.092773
-0.032349
0.11371
0.0062256
-0.010437
-0.075378
-0.072937
0.20123
0.091064
0.38129
-0.036621
0.42645
0.012085
0.021057
-0.038696
0.014587
0.16003
0.025879
0.24799
0.33911
0.055115
0.059692
0.1051
0.052856
-0.0059204
0.0067749
0.025635
0.057129
-0.010254
-0.053528
-0.076965
0.042542
0.040771
0.077881
-0.011414
-0.12402
0.056091
-0.027161
0.08728
0.25067
0.082458
0.13818
-0.0073853
0.72131
-0.055603
0.0078125
0.16687
-0.096436
0.14423
0.6109
-0.097168
0.095032
-0.0089722
0.050903
-0.039429
-0.01416
-0.048706
-0.16144
-0.035767
-0.00012207
0.69727
0.053528
0.29108
0.037231
-0.013
0.028381
0.64996
0.0046997
0.20038
0.032349
0.057068
0.007019
0.085144
0.01886
0.014954
0.059692
-0.011108
-0.078857
-0.057495
-0.036865
0.0056152
-0.035828
0.041565
1.1749
-0.039856
0.25525
0.1228
0.21857
0.0015259
-0.059998
0.0401
0.11261
-0.028625
0.25146
-0.15045
0.070679
0.11188
0.30859
-0.043396
0.30273
0.14862
0.25476
-0.021301
-0.15137
0.048584
-0.036011
0.028625
0.68304
-0.052368
0.099243
0.031189
0.19086
-0.083374
0.053894
0.0019531
0.11169
0.031189
0.53705
0.02533
0.074524
0.017822
0.20551
0.045227
-0.0056763
0.030701
0.050598
0.0070801
-0.133
0.13348
0.13147
0.11292
0.081848
-0.0038452
-0.078308
0.74005
-0.054565
-0.015015
0.084045
-0.058594
-0.029297
0.073181
0.012207
0.010193
0.83057
-0.019836
0.023682
-0.0073853
0.0012207
-0.079712
0.014282
0.37158
0.072754
0.063904
0.013184
0.54425
0.6059
0.013306
-0.031128
0.0079956
0.062622
-0.037537
0.29138
0.0079346
0.060242
-0.015564
0.07489
-0.00048828
0.33527
0.13831
0.20337
-0.058899
0.16888
0.0029907
0.041077
-0.010986
-0.062195
0.017334
0.029053
-0.01355
-0.037231
0.36877
-0.0056152
0.59186
0.056702
0.01886
0.0076294
0.0023193
-0.0078735
-0.025085
0.0053101
0.10077
0.0071411
0.21039
0.065002
0.73901
0.068359
0.18719
-0.14697
0.31543
0.36188
0.025757
0.11578
0.070435
-0.038391
0.013306
-0.16223
0.049011
-0.029907
-0.021118
-0.029785
0.79285
0.0068359
0.21039
0.14209
0.28552
0.005249
-0.0042114
-0.032288
-0.020447
-0.0073242
0.43512
0.068115
0.35907
-0.086914
0.38196
0.06073
0.0074463
-0.1441
0.016235
-0.00054932
0.019836
-0.074585
0.080872
1.4418
0.005249
-0.089355
-0.068909
0.21729
-0.04126
0.61542
0.049805
0.28815
-0.0067139
0.024048
-0.044678
0.066467
-0.033997
0.081055
0.66058
-0.0045166
0.14142
0.11658
-0.016052
0.17706
-0.020081
0.032898
0.19464
-0.054565
-0.065186
-0.0024414
0.1264
0.095154
-0.020569
-0.012573
1.1258
-0.0057983
0.10693
-0.02417
-0.05481
-0.028931
0.72864
0.13617
0.026184
0.010071
0.097595
0.00061035
0.020081
0.00073242
-0.032959
0.073303
0.20764
-0.0055542
0.11255
0.053955
0.5025
-0.084595
0.047241
-0.05957
0.7934
0.066833
0.067017
0.070496
0.041809
0.012512
0.062439
0.90314
0.056641
-0.043701
0.0027466
-0.035095
0.043457
0.1842
0.032532
-0.075989
0.01709
-0.00061035
0.015808
0.014709
0.081116
0.047119
0.063232
0.005188
0.012817
0.8006
0.0053711
-0.011963
-0.019165
0.19232
0.066101
0.37848
0.016296
0.3858
-0.045837
0.017395
0.019409
0.18927
0.25409
-0.038208
0.40424
0.019775
0.053345
0.066833
0.097229
0.076477
-0.011169
0.3866
0.049255
-0.032654
0.095337
0.10089
0.061218
0.36322
-0.0033569
0.083801
-0.039185
0.14752
0.1756
-0.087891
0.69385
0.030273
-0.072449
0.061462
-0.065125
-0.07959
0.14111
-0.00061035
-0.021973
-0.011353
0.13837
0.096741
0.91174
0.013428
0.22974
-0.016357
-0.066956
-0.1123
0.039551
-0.028503
-0.15094
0.18286
0.046814
0.019348
0.0081177
0.89587
0.046692
0.66772
0.013611
0.37683
0.014404
-0.13855
-0.0224
0.26074
-0.20465
0.21533
0.0027466
0.49402
0.066162
0.011902
0.078491
-0.028748
0.018921
0.072815
-0.031189
-0.047485
0.014038
