-0.077942
-0.052368
0.021484
-0.030029
-0.027771
0.043579
0.015503
0.14771
0.065552
0.83429
0.26715
-0.16968
0.12451
-0.01532
-0.046814
0.022949
0.085022
0.033997
-0.044006
0.74335
0.0075684
0.020264
0.74646
0.2171
0.11243
-0.11298
0.2337
-0.026855
6.1035e-05
-0.074036
-0.052856
-0.071167
0.38922
0.07074
0.51099
-0.0078735
-0.13263
0.017517
0.14282
-0.043945
0.052734
0.0075073
-0.018311
0.035645
-0
-0.11951
0.047302
1.1208
-0.043396
-0.063904
0.87463
0.069458
0.12067
0.11975
-0.072998
-0.031982
0.10535
0.055176
0.0079346
0.012634
0.0076294
0.89648
-0.043213
0.046387
0.12854
0.0058594
0.023743
0.028687
-0.095886
-0.036743
0.024353
0.43903
-0.026489
0.30048
-0.068481
0.066528
0.089539
0.11346
0.13165
-0.0093994
0.041504
-0.0047607
0.018921
-0.030945
-0.031128
0.5578
0.05011
-0.063477
0.066895
0.39581
-0.064941
0.02887
0.28564
-0.0028687
0.21014
0.2074
0.34485
-0.0027466
0.082031
-0.018188
0.20154
0.05957
-0.027039
0.93286
-0.047607
-0.021851
-0.068481
-0.086365
-0.067383
-0.018982
0.0032959
0.022522
-0.039001
0.058899
0.0044556
0.18097
-0.027222
0.76184
0.066833
0.080811
0.12311
-0.0016479
0.50824
0.023804
-0.016357
-0.073975
0.23163
0.10071
0.091187
0.060303
-0.027466
0.042114
-0.053345
-0.029724
0.0098267
0.037231
-0.03064
-0.089355
0.89905
-0.0097046
0.090149
1.0786
-0.083191
-0.17816
0.033569
0.076294
0.0014038
-0.069397
0.037659
0.017517
0.045593
0.011292
-0.14178
0.074219
-0.04248
0.085205
-0.020203
-0.011841
1.169
-0.1532
0.78333
-0.054993
-0.09259
0.18036
-0.086731
0.051636
0.090393
0.042969
-0.081116
-0.015137
-0.00018311
-0.064819
0.0045166
0.05603
0.040894
0.069702
-0.035889
0.95264
-0.10791
0.014832
0.056396
-0.025818
0.0014648
0.012207
-0.0094604
0.18341
0.074768
-0.040771
-0.0058594
0.67542
0.1004
-0.038818
-0.079407
0.049744
-0.11694
-0.044189
0.016235
-0.062744
1.0181
0.015015
-0.14709
0.054504
0.098572
-0.10242
0.048401
1.0562
-0.0076294
-0.25952
0.23566
0.046936
-0.30927
0.43311
0.027588
-0.29419
0.22473
0.32727
0.19495
0.19897
0.69141
0.12811
0.042786
0.047668
0.63385
0.05426
0.1839
-0.028442
0.16699
0.022156
-0.021057
0.015686
0.36774
-0.010498
0.10577
-0.1015
-0.068726
-0.087646
0.14496
-0.0672
0.13318
0.029114
-0.0057373
-0.026978
-0.026917
-0.0036621
0.65253
0.0012817
0.42236
-0.046448
0.055115
0.020508
0.33691
0.07135
0.17975
-0.025146
-0.043335
0.0049438
0.23621
-0.0096436
-0.00085449
0.027771
0.0059814
-0.040344
0.12231
0.098877
0.41443
-0.020935
0.37415
0.021545
0.17456
-0.013794
-0.063171
0.1076
0.047424
0.045532
0.059692
0.5741
-0.010986
0.024048
-0.04834
0.27106
-0.030579
-0.044434
-0.033691
0.0064697
0.13269
0.015564
0.16541
0.0043335
0.7475
0.010254
0.061523
0.14703
-0.055603
0.67419
0.0054932
0.13116
0.03949
-0.026489
0.15375
0.042114
0.0625
0.0048828
-0.045837
-0.013733
0.079773
0.067688
0.10645
-0.14734
0.97339
0.068359
0.049133
0.024902
-0.0085449
0.060608
-0.023438
0.3941
-0.013489
0.37189
0.070679
0.1037
0.057373
-0.048523
-0.063293
0.00354
0.020752
0.7088
0.099365
0.16693
0.032532
-0.065552
0.049744
0.024231
-0.0039673
0.071777
0.054626
0.047546
0.037231
0.97137
-0.10236
-0.10101
0.020386
-0.13623
0.072144
1.1054
-0.012573
0.00177
0.12781
0.0092163
0.0065918
0.0032349
-0.093201
0.011658
-0.011169
-0.014221
-0.0014038
0.29156
-0.030762
0.75818
-0.022888
0.044617
0.69098
-0.02063
0.133
0.026855
-0.065369
0.010803
0.198
0.064697
-0.044006
0.023682
0.019409
-0.04303
-0.0354
-0.039307
0.034546
-0.16266
0.14441
0.93994
-0.054199
0.21301
0.88336
0.026367
0.030334
0.10437
-0.12103
-0.012085
0.073059
0.027344
-0.11194
-0.0029297
0.061768
0.039734
0.29919
0.005127
0.2406
0.0039063
0.27252
-0.052612
0.076782
-0.012451
0.17731
0.033203
0.21051
-0.19885
0.27612
0.1618
0.38416
-0.034119
0.076904
0.013062
0.024475
0.065308
-0.027588
-0.032349
-0.013245
0.97113
-0.083496
0.063477
-0.18994
0.18427
-0.029175
-0.067139
-0.01123
1.1859
-0.0023804
-0.05072
-0.027283
0.01593
0.038025
-0.080139
0.043213
-0.034668
0.10449
0.022888
-0.027649
0.26434
0.12805
0.21906
0.11316
0.40375
-0.06012
1.0911
-0.069763
-0.030212
0.040466
0.051086
0.050964
-0.011475
0.011047
-0.005188
0.017273
0.82159
0.0025024
0.1568
0.054565
0.025696
-0.029541
0.016846
0.027893
0.047791
-0.047974
0.077881
0.0048218
-0.030029
0.032837
0.080322
0.015381
0.90546
-0.01532
-0.026794
0.090759
-0.021179
0.047668
0.11115
-0.0024414
0.25476
0.021912
0.70569
0.10468
0.11279
0.028503
0.025696
0.12256
0.06012
0.22968
0.16284
0.38861
-0.039551
0.03595
-0.030457
0.20258
0.034241
-0.0037842
0.40607
0.13818
-0.085083
0.24036
-0.0029907
0.18719
-0.044983
0.11853
0.0072021
0.18048
0.13226
0.098267
0.021667
0.20807
-0.10516
0.33282
-0.044861
0.088684
0.2019
0.22729
0.1402
0.24634
-0.019165
0.35583
0.033386
-0.080872
-0.033264
0.094849
0.0078125
0.26312
0.038208
0.077026
-0.0089111
0.35175
0.00061035
0.15161
0.049866
0.14795
-0.057007
-0.041687
0.11841
-0.080444
-0.034973
0.1142
0.19244
0.64868
0.02533
-0.043213
-0.024231
0.31866
-0.058472
0.22479
0.037109
0.41718
-0.008667
0.2359
-0.032471
-0.026123
0.086548
0.056885
0.17767
0.11896
0.057312
0.11725
-0.0072632
0.2691
0.0094604
0.038208
0.36707
-0.071167
0.20203
0.11938
0.031555
0.06366
0.012085
0.062195
-0.16327
-0.09375
0.0040283
0.47394
0.14008
0.3208
-0.029358
0.18982
0.073486
-0.12677
-0.038757
0.076172
-0.064697
0.037476
-0.037781
-0.097534
0.064087
-0.019653
-0.12695
0.00036621
1.1626
-0.013
-0.060608
-0.0045776
0.041199
-0.0026245
0.074768
0.020264
0.034607
0.019043
0.87421
-0.010315
0.036682
0.18494
0.055908
0.2475
-0.0040283
0.1568
0.034119
0.034607
0.02771
-0.065918
-0.069214
-0.026245
-0.026428
0.0028076
0.44037
-0.04187
0.1499
0.17151
0.14935
0.031189
-0.044861
0.58521
0.097961
0.03241
0.0049438
0.26471
0.051086
0.023682
-0.011475
0.042786
-0.012878
0.83661
-0.10486
0.1073
0.036865
-0.12006
0.028015
0.062866
0.038086
-0.065186
0.048767
-0.0089111
0.016846
0.020447
0.24268
-0.028748
0.83826
0.092712
-0.090637
0.051453
0.055847
-0.037476
0.049316
0.025635
0.025757
-0.022156
-0.14178
0.99451
-0.0030518
0.72113
0.0098267
0.17639
-0.043152
-0.079651
-0.023987
0.12231
-0.036072
-0.049622
-0.013
-0.016663
0.0020752
0.045105
-0.013062
0.017517
-0.075867
0.011292
1.1418
0.0024414
-0.046509
-0.062012
-0.0401
-0.095764
-0.078796
0.077332
0.033508
-0.0065308
0.17334
-0.16827
0.77765
0.052002
1.0443
-0.055298
-0.13422
0.022461
0.075928
-0.042297
-0.0087891
0.038635
0.053955
0.073303
0.028198
0.25629
-0.032837
0.23273
-0.061951
0.3847
-0.041321
0.17188
-0.0065918
0.0068359
0.033997
-0.034851
-0.0033569
-0.041321
0.23346
-0.082397
0.045166
-0.084595
0.81158
-0.034912
-0.039124
0.10632
0.052002
0.77069
0.056763
0.21844
-0.036621
0.041199
-0.029907
0.037537
0.027649
-0.021301
-0.069702
0.037109
0.22516
0.0039063
0.31305
0.026672
0.55182
0.028564
-0.019104
-0.023254
1.0194
-0.091675
0.032227
-0.0022583
-0.078125
-0.029785
0.038452
0.018372
-0.0036011
-0.029053
-0.02179
0.71088
-0.0072021
0.26978
-0.012756
0.0050049
-0.033752
-0.032043
0.059326
-0.017029
0.96906
-0.011353
0.024902
-0.025208
-0.015198
-0.054932
0.0075684
0.029663
0.10388
-0.050415
0.71222
0.081421
-0.014526
-0.0053101
0.080627
-0.018311
0.12054
0.1463
0.60791
0.0084839
0.015137
0.18854
-0.042419
0.16046
0.045715
0.024963
-0.074036
0.042908
-0.008606
0.071289
0.061401
-0.054016
0.029419
-0.010254
0.043518
0.87177
-0.011536
0.0057373
-0.067383
-0.039734
-0.042114
-0.027222
0.089661
0.024597
0.33997
0.68164
-0.11353
0.065002
0.043823
0.081909
-0.083923
0.052368
0.23273
0.1015
0.54102
0.087769
-0.018982
0.015808
0.12817
-0.038879
0.57025
0.1369
0.029175
0.096069
-0.051575
0.020386
0.068359
0.18402
-0.099548
-0.069641
0.10333
-0.064209
0.012634
0.15985
0.051636
0.78046
-0.038086
0.25079
0.12762
-0.062378
0.1615
0.27515
-0.020386
0.14319
0.0079346
0.028076
-0.00030518
0.24762
0.025024
0.23163
0.45667
0.14087
0.011719
0.13153
0.047119
0.014038
0.027405
-0.020569
0.12158
0.23047
-0.05249
0.39636
0.031494
0.32239
-0.044067
0.15576
0.049805
0.088623
0.082825
-0.034424
0.74768
0.030273
-0.044739
0.032104
0.046143
0.034668
0.0012207
-0.029297
-0.035828
0.45081
0.092529
0.25598
-0.025879
0.27106
-0.058533
-0.019836
0.024963
0.44879
0.067383
-0.029846
-0.14063
-0.046448
0.23364
0.19116
-0.036438
0.10376
0.066589
0.035034
0.033081
0.46899
-0.030029
0.24634
0.034973
0.19183
0.033569
-0.063904
-0.037842
0.068115
0.062439
-0.0050659
0.024353
-0.0038452
0.25208
0.024963
0.61566
-0.023926
-0.030212
0.018677
-0.10535
0.0061646
1.1712
-0.10608
-0.0094604
-0.099976
-0.089539
-0.11841
0.023804
-0.066162
0.018982
0.27191
-0.051575
0.053223
0.24188
0.22839
-0.090881
0.19348
0.025574
-0.015564
0.045288
-0.033936
-0.029602
0.034607
0.14484
0.02478
-0.040344
1.2986
-0.053162
0.099487
0.053406
-0.062866
0.68292
0.041382
0.067566
0.10541
0.0023193
0.018372
-0.057007
0.012634
0.013306
-0.0065918
-0.042297
0.068909
0.29401
0.043701
0.4101
-0.04303
0.33466
-0.065002
-0.064941
-0.015747
0.072388
0.02002
-0.16992
0.083923
1.0581
0.021973
-0.085938
-0.067993
0.059937
-0.03186
0.89996
-0.0089111
0.052368
0.014099
0.0042725
0.029297
-0.01062
0.069092
0.91699
-0.010437
0.087708
0.040039
0.010132
-0.063843
-0.033875
0.0073853
0.027527
0.022278
0.022339
-0.044495
0.042664
0.024597
0.30554
-0.069946
0.77679
0.057068
0.019226
-0.057495
0.0044556
-0.16095
0.019714
-0.066284
0.89075
-0.034363
-0.039917
0.074036
0.036804
-0.025085
0.0031128
-0.094971
-0.027954
0.011597
0.20001
0.014587
0.21118
0.87378
0.065369
-0.026245
-0.012146
0.0081177
-0.063782
-0.010803
0.05188
0.085571
0.036316
1.0692
-0.094543
0.020325
0.0053711
0.34082
0.0011597
0.33569
0.038757
0.23206
-0.023621
-0.0015259
0.042236
0.33319
0.15149
-0.058044
0.47308
-0.010559
-0.053528
0.042114
-0.035522
0.03656
-0.056519
0.38617
0.015198
0.23206
-0.159
0.042786
0.088135
0.31116
0.00030518
0.36566
0.014954
0.069031
0.0096436
-0.038757
-0.054199
0.34808
0.0081177
0.31677
-0.031128
0.093079
-0.0094604
0.025269
0.16309
0.13214
-0.018005
0.40393
0.015015
0.24268
-0.0021973
0.13422
0.021667
0.040039
0.00012207
0.11011
0.033447
0.014709
0.3418
0.17627
0.12445
0.27899
0.00018311
0.013062
-0.055969
0.014099
0.06604
-0.071533
0.5097
0.019958
0.0177
0.15338
0.23779
0.017395
0.024109
-0.053101
0.057007
-0.048706
0.010803
0.041626
1.0078
0.076904
-0.061279
0.901
0.075623
0.046936
0.050781
-0.15594
-0.010193
0.063721
0.020935
-0.0095825
0.03949
0.16327
0.048279
0.16614
0.023376
0.11469
0.2063
0.43011
-0.031189
-0.028076
-0.0085449
0.31128
-0.079041
0.36511
-0.014465
-0.034912
-0.0085449
0.18585
0.0089111
0.02179
0.05658
0.055664
0.056702
-0.061462
0.038208
0.0083008
0.092468
0.06665
1.0806
0.013184
-0.083618
-0.0085449
0.030762
-0.031738
-0.027344
0.012451
0.21368
0.012573
0.5329
0.088806
0.070068
0.17731
0.29126
-0.010864
0.40369
0.036987
-0.079041
0.080994
0.064941
-0.017517
-0.013611
0.036499
0.034546
0.02301
0.030334
-0.06958
0.015747
0.040527
-0.10614
0.014771
0.53113
-0.036682
0.061096
0.30084
0.039612
0.54724
-0.062195
0.21448
-0.0015259
-0.10211
-0.010315
-0.062317
0.030518
0.18237
0.014282
-0.015503
0.91504
0.0020142
-0.078064
0.043335
0.26056
0.058044
-0.014282
0.005188
0.010803
-0.061951
0.081116
-0.017456
-0.026733
-0.047058
0.93488
0.0072021
0.049561
-0.022034
-0.019348
0.016724
0.2301
-0.0054932
0.81769
-0.028198
-0.025146
0.27307
-0.038269
0.019592
0.50116
0.19946
0.027954
0.10809
0.027405
0.052185
-0.039673
0.008728
0.072815
-0.012695
0.077698
0.016235
0.388
0.029663
0.48364
0.045471
-0.063232
-0.075317
0.13702
0.37146
-0.070374
0.55865
-0.018066
0.010071
0.093262
-0.072083
-0.033081
-0.0074463
-0.014893
0.3161
0.10004
0.4115
-0.02063
0.34839
0.0028687
-0.037048
-0.049438
-0.082092
0.062988
-0.020874
-0.076721
0.055786
1.0027
-0.016235
0.0067749
-0.014221
0.13257
-0.03833
0.79309
-0.056702
0.086121
-0.0026855
0.063538
0.049805
0.085999
0.062195
0.00177
0.0089722
0.029175
-0.14197
0.36267
0.55725
0.045593
0.19543
-0.031311
0.014709
-0.021912
-0.14331
0.064392
0.049011
-0.088806
0.13739
0.73535
0.052612
0.34869
0.043213
-0.14087
-0.10614
-0.0062256
0.22974
0.0022583
0.74811
0.087891
0.14386
-0.0025024
-0.097656
-0.08197
-0.094299
0.041687
0.11829
-0.1402
0.043884
1.0346
-0.0046387
-0.10638
0.13062
0.033447
0.90613
-0.0053101
0.029541
0.02533
-0.076538
0.012634
0.10309
-0.016357
0.0021973
0.0177
-0.046021
0.040527
0.011475
0.017944
0.69495
0.065918
0.26642
-0.017334
-0.00030518
-0.023865
-0.011902
0.019043
0.38391
-0.077576
0.49139
0.0075073
0.22107
0.026001
-0.01123
-0.063904
0.1731
0.65271
-0.074707
-0.038208
0.20819
-0.049377
0.056519
-0.057068
-0.064575
0.026123
-0.12823
0.033081
0.046814
-0.082642
0.62134
0.12543
0.26752
-0.041626
-0.071533
-0.0088501
-0.049438
0.090454
-0.13654
0.32031
0.53149
0.006958
0.20398
0.012329
0.0060425
-0.013
0.12189
-0.020203
0.030579
-0.033447
-0.035339
0.64056
0.13684
0.16351
0.31409
-0.10907
-0.0028687
-0.031372
0.24847
0.015381
0.55182
-0.008667
0.22968
-0.026611
-0.028381
0.022766
-0.096313
0.023804
0.00054932
0.069031
0.089478
0.98334
-0.0025024
-0.037781
-0.030273
-0.062622
0.023987
-0.0068359
-0.034729
0.042847
-0.033081
-0.095154
-0.069641
0.015198
0.0088501
0.91516
-0.19568
0.084106
0.055298
-0.12646
0.81744
0.0078735
0.19354
-0.053711
0.012878
0.01886
0.02533
0.70349
-0.025452
0.19617
0.085938
0.023926
-0.014465
0.063538
-0.053772
0.029907
-0.10034
0.91541
0.012146
0.094543
0.028503
0.0072632
0.02002
0.020203
0.022766
-0.032715
-0.02356
0.020325
0.044983
-0.00073242
0.025024
0.31354
-0.032532
0.76843
0.036987
-0.036987
-0.015808
0.00054932
0.6969
0.069763
0.056091
-0.097778
-0.031372
0.0064087
-0.0059814
-0.033142
0.11646
-0.12561
0.2135
0.34863
0.1651
-0.012756
0.31683
-0.0046997
0.0672
0.01355
0.10889
-0.12531
0.0084229
0.0056152
-0.096008
0.87122
0.082825
0.13293
0.090149
0.13129
0.41144
0.049377
0.077942
-0.13245
-0.20709
-0.20038
0.25433
-0.092529
0.16559
-0.11261
0.26483
0.021973
-0.021667
0.60553
-0.030579
0.057983
0.031067
0.020508
0.10089
0.08606
-0.01947
0.14771
-0.04364
-0.078491
0.10516
-0.023743
0.01123
-0.026672
-0.12555
0.96436
0.021545
-0.0099487
-0.050476
0.010193
0.10339
-0.094299
0.034851
0.62793
-0.0042114
0.28491
0.074524
-0.039368
-0.02356
0.16028
-0.025391
0.64825
0.040894
0.021545
0.075378
0.045837
0.10901
0.27856
0.0056763
0.69971
0.019836
-0.053162
-0.0039063
0.011108
-0.08728
-0.00354
0.074036
-0.014587
-0.035339
-0.02124
0.097229
0.061096
0.090881
0.10443
0.43878
-0.05304
0.087341
-0.00042725
-0.0092163
0.0064697
-0.062561
0.06543
0.054504
-0.073425
0.51239
0.0022583
0.057129
-0.10815
-0.038269
-0.01001
-0.05188
0.20361
0.10968
0.15222
0.59369
0.023987
0.0095825
0.0099487
-0.04895
-0.030823
0.0021973
-0.0023193
-0.0078125
0.13855
0.10614
0.63129
0.04364
0.98901
-0.071838
-0.12244
0.081604
0.030945
0.067139
-0.052307
0.038452
0.028015
-0.038513
0.63495
-0.021545
0.19244
-0.03772
0.0073242
-0.068665
0.12506
0.066467
-0.046753
0.056946
-0.047302
0.20416
0.016907
0.22577
0.058472
0.427
-0.052795
0.1283
-0.018921
0.018677
0.018188
0.17181
0.57654
0.24548
0.032288
0.23651
0.070923
-0.040771
-0.056213
-0.018066
0.8302
-0.055054
0.072266
0.061707
0.01593
-0.052979
-0.0097656
-0.028748
-0.010742
-0.073608
0.03009
0.14197
-0.016602
0.70038
0.063416
0.12341
-0.01001
-0.052185
0.029175
0.17358
0.15198
-0.025208
0.91412
-0.12628
0.0041504
-0.069397
-0.049133
-0.026855
-0.016296
0.00079346
0.0018311
0.15869
-0.016724
0.50165
0.068787
0.26465
-0.0039673
0.015625
-0.023865
-0.020447
-0.045166
0.022095
0.074219
-0.0078125
-0.020935
-0.075562
0.012146
-0.0073853
0.9043
0.073181
0.11664
-0.03186
-0.11304
-0.00354
0.039612
0.057495
0.1424
-0.092346
0.5769
0.68433
0.021118
0.027222
-0.08667
-0.069641
-0.022705
0.18274
0.0090942
0.16827
0.031616
1.0394
-0.030273
0.0079956
-0.092224
-0.054321
0.036438
0.038086
-0.016541
-0.089294
0.067261
0.034851
0.0090332
0.24042
0.032959
0.1048
0.0084229
0.26105
-0.04541
0.073853
-0.011597
0.064514
-0.10651
0.024658
0.045044
0.0099487
-0.11218
-0.040344
-0.054504
-0.029907
1.1823
0.0802
-0.088745
0.029846
-0.014404
0.51489
0.058716
0.33728
-0.015381
0.055115
-0.019653
0.027588
0.017761
0.047241
0.12555
-0.0090942
0.057007
0.024292
0.019714
0.027039
0.9317
0.39154
-0.019348
0.22913
-0.17523
-0.062683
-0.086487
0.27966
-0.1228
0.31177
0.0056763
0.017212
-0.010986
0.15625
-0.020752
0.34888
-0.015564
0.46802
-0.0095215
0.077026
0.019226
0.1687
0.28882
-0.083069
0.24768
0.13171
0.011597
0.0849
0.10236
0.061401
-0.0036011
0.042786
0.026978
0.064514
-0.05542
-0.018188
0.07196
0.15369
0.26575
0.48163
-0.048279
0.042908
0.029663
-0.0401
-0.050964
0.022583
0.15283
0.03302
-0.11688
-0.069702
0.82434
0.056396
-0.019348
0.80084
0.12878
-0.12726
-0.10254
0.25031
0.052429
0.10107
0.07373
0.010559
0.10046
-0.082642
0.11572
0.03833
0.36633
0.029297
0.16443
-0.087219
0.2243
0.11993
0.16705
-0.057739
0.16254
0.47723
-0.015198
0.29413
0.059326
-0.065857
-0.013306
0.0011597
-0.039917
0.10468
0.11639
-0.099976
-0.00067139
-0.1181
0.070435
0.70416
-0.12927
0.45691
0.046936
0.076416
-0.011902
-0.0049438
0.27484
0.29523
0.017456
0.0092773
-0.098999
-0.010559
0.12512
-0.019592
-0.0070801
0.010803
0.43158
-0.027832
0.72449
-0.18036
-0.14124
-0.0015259
0.039001
0.92651
0.0054321
0.035706
0.031921
-0.059814
0.038513
-0.083069
-0.058228
-0.1366
0.10419
-0.13721
0.9411
0.13556
0.040466
0.10168
-0.022339
-0.046631
0.013062
0.49707
-0.011108
-0.13049
-0.051331
0.28986
-0.0056763
0.32629
-0.03241
0.047729
0.043091
-0.022888
0.0033569
0.18823
-0.068787
0.65076
0.041321
0.095825
-0.016174
-0.025818
-0.032166
-0.016541
-0.094482
-0.085693
0.26642
-0.017334
0.90045
-0.0067749
-0.038086
0.024048
-0.061462
0.038757
0.0060425
0.10474
-0.038208
0.24231
0.16089
0.37555
0.026062
0.018677
-0.0062256
-0.058472
0.81555
-0.021484
0.058533
-0.03302
0.064453
-0.031616
0.015137
0.067871
0.021484
-0.005188
0.078796
-0.037415
-0.034912
0.064636
-0.023743
0.0098877
0.0070801
-0.065369
0.85956
0.1709
0.16016
0.022339
0.17682
0.078613
0.28662
0.24237
0.035461
-0.0092773
-0.030334
-0.010071
0.060791
0.047729
-0.049316
0.40973
0.032532
0.27203
0.016479
0.04187
-0.041199
0.0045166
0.023193
0.70721
0.069275
0.10974
-0.063538
0.10089
-0.014587
0.036865
-0.0073853
0.0018311
-0.046936
-0.021484
-0.013367
-0.016357
0.20441
0.11835
0.27673
0.25348
0.38696
-0.0019531
0.043457
0.028198
-0.026184
0.039795
0.17218
-0.070068
0.18909
-0.022278
0.56805
0.44055
0.079773
-0.041382
0.016296
0.028687
0.033936
0.18506
-0.03479
-0.0083008
0.064148
0.046326
0.0054932
-0.061035
0.083801
0.072876
-0.0087891
0.0078125
0.0040894
0.80066
-0.0040283
-0.028625
-0.0019531
-0.1853
0.63037
0.16602
0.040894
0.21643
-0.12061
0.059814
0.071655
0.54224
-0.060669
0.20612
0.10443
0.013489
0.019714
0.30823
0.0053711
-0.10895
-0.046875
0.27814
-0.062439
0.027344
0.13519
0.18622
-0.036743
0.42578
0.068909
0.088562
0.0043945
0.0047607
0.050964
0.024536
-0.0011597
0.51361
-0.050903
0.37366
-0.032593
0.091675
0.029419
0.44641
0.096252
0.071228
0.12659
0.030212
0.11273
0.27002
0.058655
-0.04126
-0.063782
-0.028259
0.13086
-0.023987
-0.0072632
0.54608
0.029297
0.26001
-0.086731
-0.012451
0.043762
0.24866
0.025513
0.35907
-0.032471
0.065613
0.032288
0.31366
0.013123
0.14886
0.022217
0.036255
0.0097046
0.39551
-0.082214
0.16028
0.14087
0.29956
-0.086914
0.1496
0.073792
0.55188
-0.0057373
-0.14868
-0.11444
0.085449
-0.02301
0.25378
-0.057861
0.092834
0.043945
0.043762
0.053772
0.032837
0.049438
0.024841
0.73749
0.0098877
0.20996
0.046509
-0.11133
0.91901
-0.042053
-0.031738
0.061157
-0.16138
0.039124
0.038879
0.022583
-0.042603
0.053528
0.084167
-0.0024414
0.42407
0.038452
0.10956
-0.0011597
0.25116
0.038086
-0.044617
-0.0064087
-0.03302
0.032166
-0.041565
-0.075439
0.032532
-0.011414
0.033508
1.0421
-0.063171
-0.098877
0.024475
-0.012024
-0.055115
0.062866
0.033997
0.02771
0.033936
0.1217
0.86298
0.020569
-0.012573
0.012451
0.0059814
0.043396
0.0098267
0.10706
0.028931
0.90839
0.0042114
-0.062317
-0.099731
0.070129
0.16125
0.095947
0.78265
0.076416
0.2135
-0.0625
0.061646
0.022217
0.48578
-0.061279
-0.03595
0.33459
0.30994
-0.040588
0.43182
-0.026245
-0.005188
-0.0014648
0.38538
-0.01239
-0.056824
0.10474
0.15521
0.03186
0.44128
0.019165
0.003418
0.019714
0.37103
-0.10577
-0.11456
0.11426
-0.061707
0.045105
0.13739
0.0016479
0.060974
0.062439
-0.1391
0.08844
-0.10809
0.037292
0.036377
1.024
-0.063965
0.12537
0.049194
-0.14453
0.067505
0.0081787
0.46021
-0.0091553
0.19366
0.028564
0.18756
0.035522
-0.0040283
0.0070801
-0.029053
0.040405
0.22528
-0.051697
0.33307
0.081909
0.30267
0.015442
0.092102
0.015381
0.030334
-0.049988
0.84448
0.044983
0.061584
-0.023315
0.10352
0.00073242
-0.068787
0.022827
0.010498
-0.029358
-0.036499
0.030518
0.045288
0.056213
0.034912
0.1192
0.078064
0.75458
-0.065735
0.036621
-0.033875
0.047852
-0.09137
0.73468
-0.041138
0.16479
0.08075
0.31854
0.017578
0.06842
0.43628
0.0064697
0.085022
-0.027039
0.14313
0.012512
0.033997
0.085632
0.074707
0.016602
0.15039
0.050293
0.30658
-0.051758
0.46393
-0.022278
0.038452
-0.027771
-0.072571
0.041748
-0.031067
-0.0057983
-0.00073242
0.30682
-0.0044556
0.55585
0.089844
0.050598
0.88062
0.036621
-0.0089722
-0.0077515
-0.063416
-0.039673
0.085938
-0.023438
0.0018311
0.003418
0.0015869
1.0321
0.008667
-0.027527
-0.034912
0.0029297
-0.039063
0.018677
0.0038452
-0.01416
-0.043518
0.076965
-0.0072021
-0.016357
-0.0025635
-0.046631
-0.036316
0.55139
-0.053162
0.47424
-0.10181
0.062927
0.13574
0.075928
0.030334
0.90149
-0.09259
0.27478
0.025024
-0.12708
0.0030518
-0.022644
-0.18054
0.081604
0.052734
0.81549
0.075439
0.31049
0.023071
-0.073425
0.7998
0.061401
-0.014771
0.098938
-0.05072
-0.042603
0.075684
-0.0067139
-0.028809
0.010193
0.019104
-0.042114
-0.024048
0.077515
-0.013367
0.09729
0.0039673
0.61206
0.093811
0.16809
0.0013428
-0.011475
-0.046326
0.051819
0.024475
-0.037842
0.032593
1.129
-0.075623
-0.015015
-0.11548
-0.10059
-0.078064
0.10742
0.039551
0.74957
0.054871
-0.015076
-0.065002
0.015808
1.0674
0.046082
-0.010864
0.01178
-0.095337
0.070374
-0.0029297
0.038635
-0.064392
0.05072
0.16559
0.0043335
-0.19037
-0.0271
-0.052063
1.1141
0.041687
-0.10547
0.0094604
-0.080566
0.40625
0.050537
-0.00042725
0.023254
-0.055298
-0.030762
-0.030029
0.098755
0.022095
-0.0053101
0.1698
0.091858
-0.08252
0.37451
-0.19702
0.10266
0.26599
-0.13257
0.51654
0.10626
0.0067139
0.051147
0.082764
-0.060303
0.83197
0.0037231
0.020935
-0.011963
0.0095825
0.074951
0.0010376
-0.016907
0.023254
-0.048584
-0.00024414
-0.053894
-0.036377
0.46643
-0.021118
0.44116
-0.021545
-0.10529
0.08728
0.015625
0.047913
0.42267
0.033386
0.27576
0.12799
0.29486
0.028503
-0.085327
-0.10944
-0.0075073
-0.0037231
0.015503
0.073364
0.049194
0.92065
0.042297
-0.0089722
-0.049866
0.40765
0.096008
0.5246
0.03363
-0.035522
-0.019958
-0.020691
-0.013977
-0.025879
0.025024
0.21619
-0.044739
0.4574
0.021423
0.24127
-0.0078125
0.0020752
-0.0040894
-0.0053101
0.039917
-0.0029907
0.074341
-0.015625
0.78278
-0.062927
0.41602
0.05957
-0.1449
-0.033203
0.040649
-0.0071411
0.78497
0.014709
0.093872
-0.0014648
0.056519
0.075256
0.011841
0.098694
0.13062
0.0028687
0.41492
0.10681
-0.034729
0.037231
0.10553
0.0095215
-0.018433
-0.014465
-0.053589
0.0084229
0.0095825
0.019592
-0.082703
-0.0062866
0.59637
-0.032166
0.41333
-0.06665
0.03009
-0.042847
-0.047729
0.030701
0.40039
-0.029785
0.70905
0.030273
-0.016235
0.0271
-0.016357
-0.008728
-0.039001
0.035034
0.14191
-0.00177
0.67731
-0.02887
0.16248
0.09375
0.043884
0.10156
-0.049255
0.085205
0.1781
0.22632
0.0042725
0.43823
-0.0036011
-0.005127
0.10675
0.34052
-0.1272
0.40381
0.093994
0.22699
0.049805
0.043823
-0.02887
0.025452
-0.02948
0.0028687
-0.014648
0.0081177
-0.026245
0.040405
-0.11542
0.02594
1.2486
-0.1488
-0.0021973
-0.18451
0.083191
0.11151
0.68677
-0.058899
0.38367
0.066284
-0.058105
-0.023621
-0.0062256
-0.062073
-0.0016479
0.0043335
0.21625
-0.0033569
0.91614
0.10938
-0.048645
0.10925
-0.092529
0.033813
-0.04303
0.47858
0.073425
0.4389
-0.027161
0.087036
-0.020081
-0.01239
-0.0097046
-0.091553
0.078979
-0.054871
0.69086
-0.016724
0.414
-0.044861
-0.035522
0.054749
-0.016602
-0.037048
0.050232
-0.01001
0.3075
0.0067139
0.32397
0.0031738
0.26355
-0.047607
-0.065186
-0.055725
-0.023071
0.088989
0.88068
0.025635
0.10803
-0.022705
-0.076599
-0.0010376
0.93408
-0.0081787
0.15521
0.033997
0.017761
-0.078491
-0.019226
0.017456
0.036499
-0.12415
0.12933
0.050415
0.8728
-0.0062866
0.013245
-0.019409
-0.028809
0.071106
-0.032593
1.0178
0.057129
0.025513
0.036987
-0.14478
0.012695
0.10303
0.055969
-0.096191
-0.027893
-0.0068359
0.13977
0.16455
0.046692
0.41772
-0.060242
0.17664
0.016907
0.05542
0.033569
0.018311
0.026733
-0.042114
-0.010071
0.053467
0.0578
-0.021667
0.089905
-0.05835
0.87158
0.0090942
-0.0012207
0.061157
-0.032715
0.035522
0.21368
0.13867
0.027771
-0.005127
0.76611
0.058533
-0.054565
0.065247
-0.036194
-0.035522
-0.0026855
0.03302
0.058838
0.21643
0.12329
0.056702
-0.029541
0.10229
0.71552
0.22205
0.079651
-0.072205
0.07373
-0.08783
0.048584
0.047363
0.026733
-0.00091553
0.027161
-0.012207
0.34692
0.032654
0.69373
0.0056763
-0.088501
0.58661
0.044861
0.017944
0.15417
0.09082
0.0041504
0.22089
0.022644
0.0012207
0.013184
-0.068237
0.1001
-0.076782
0.39722
0.61737
0.04718
0.047729
0.012634
-0.11334
-0.0040894
0.12061
0.10071
0.17706
-0.070068
0.39502
0.047241
0.30597
0.098816
-0.030701
-0.067444
-0.006958
-0.041382
0.16229
-0.06366
-0.0401
0.12939
-0.045654
-0.021973
-0.059021
1.1044
0.1095
0.092896
0.15869
0.578
0.10693
0.00073242
0.071777
-0.018066
-0.03833
0.022705
0.038757
0.067688
-0.046143
0.3504
0.40753
0.056946
0.037659
0.013123
-0.0063477
-0.04187
0.016785
0.9809
0.02417
0.074463
0.012024
0.008606
-0.095825
-0.0084839
-0.010193
0.030029
-0.005188
0.0019531
-0.01178
-0.012939
0.0062256
0.00061035
0.059998
0.39832
-0.00024414
0.52759
-0.023804
0.071777
0.00079346
-0.050415
0.046326
0.026917
-0.043335
0.80646
-0.051575
0.17981
0.10376
0.87341
0.023438
-0.0039063
-0.0050049
0.046143
-0.14447
-0.039307
0.055481
-0.0090942
0.063049
-0.1051
-0.0062866
0.22516
0.029114
0.18213
0.034241
0.15381
0.068604
0.20074
0.008667
0.018616
-0.023254
0.066223
0.037231
-0.21991
0.0896
1.2407
-0.021301
-0.075867
0.073853
0.013733
0.20587
0.07312
0.18945
0.14661
0.24774
0.014221
0.13452
0.0037842
0.020569
-0.044312
-0.027954
-0.00054932
0.039429
0.35095
0.022095
0.45953
0.0012817
0.13611
0.033203
0.026672
0.098755
0.052734
0.41205
-0.021545
0.42578
-0.05127
0.10199
0.012512
0.058105
0.0078125
0.016541
0.095398
-0.0084839
0.6358
-0.010498
-0.020874
0.19556
0.46155
-0.059998
0.083679
0.090759
0.12115
0.0043335
0.51447
-0.0060425
0.46191
0.044678
-0.19464
0.17749
0.1665
-0.027893
0.34595
0.16235
0.027527
0.066101
0.056274
0.033997
-0.031006
0.023682
0.069336
-0.066772
0.034119
-0.043945
0.36652
0.0056763
0.51324
-0.003479
-0.078003
-0.025208
-0.023743
-0.043579
-0.12036
-0.026062
1.0124
0.042603
0.098511
0.067261
-0.073303
-0.033691
0.020264
-0.035767
-0.0097656
0.10461
0.81421
-0.015259
0.30145
0.028442
-0.055481
-0.0062866
0.12366
-0.16687
0.19318
0.55859
0.065063
0.082764
0.0090332
0.032898
0.014954
0.78192
0.037354
-0.23846
0.081909
0.11279
0.1062
0.19818
-0.052185
-0.06958
-0.0054932
-0.053772
-0.044128
-0.057617
-0.0018921
-0.0177
0.024536
-0.011658
0.82648
0.043884
0.036865
0.057678
0.29974
-0.080566
0.091797
0.23645
-0.010986
0.21393
-0.064941
0.20184
-0.020325
-0.0059204
0.061646
-0.045959
1.0353
-0.039185
-0.038635
-0.0075073
0.064575
-0.086426
0.036072
0.085327
-0.013
0.55035
-0.070923
-0.062561
-0.022095
0.060608
0.094238
0.047058
0.13855
0.58978
-0.0090332
-0.097229
0.070557
0.02533
0.0075073
0.2215
0.073425
-0.034241
0.021912
0.024841
0.053711
0.19672
0.11542
0.37573
-0.05426
0.18701
0.058594
0.043274
-0.028259
-0.015747
-0.027222
-0.039368
-0.043091
0.0031128
0.084717
-0.024475
0.087463
-0.0031738
0.91583
-0.058838
-0.046509
-0.0026245
0.086121
-0.059875
-0.0015259
0.017334
0.22821
0.066589
0.73553
0.47626
0.017029
-0.039551
0.061096
0.094788
0.0042725
0.33203
0.031616
0.066162
0.00073242
0.18451
-0.011292
-0.035706
0.29919
0.33685
-0.10889
0.23224
0.023499
0.093323
-0.016418
0.42627
-0.055603
0.056274
-0.036133
-0.055176
0.032654
0.19318
-0.0056152
0.13684
-0.03418
0.10327
-0.099426
-0.079773
-0.031677
-0.076233
-0.046509
0.043762
0.066284
1.0557
-0.064026
0.19598
-0.0026855
0.1012
0.41364
0.2038
0.10809
0.053406
0.055176
0.016968
-0.024902
0.048889
0.051331
-0.057007
0.026184
-0.032715
0.0028076
-0.024353
-0.01239
0.91107
0.017944
0.28595
-0.074097
0.10199
0.019775
-0.039307
0.27686
0.13733
0.067566
0.21222
-0.15344
-0.23291
0.060425
0.49182
-0.20093
0.50537
0.039856
0.5174
-0.078613
0.22601
0.0036011
0.0095825
-0.022644
0.15515
-0.0029907
0.55872
0.0077515
0.31506
-0.0038452
-0.0014648
-0.057495
0.094299
0.59955
-0.078369
-0.06488
0.38727
0.039734
0.079895
0.02594
-0.052185
0.036011
0.019836
0.014526
0.0048828
0.029297
-0.10461
0.085754
-0.059937
-0.15985
1.2186
0.01416
0.023926
0.087952
0.31055
0.044434
0.29572
-0.043457
0.34491
0.097595
0.063965
0.022705
0.029724
-0.089966
-0.052856
-0.03125
0.39502
-0.11481
0.050537
0.052917
0.53204
-0.047546
0.094971
0.10425
0.020142
-0.023499
-6.1035e-05
0.69019
0.041138
0.17053
-0.012573
0.071106
0.52295
0.035889
0.074341
0.057739
0.031494
0.047791
0.18195
-0.036316
0.042664
0.026855
0.17133
0.058228
0.276
0.026978
0.13239
0.077637
0.24066
0.0074463
0.038757
0.0177
-0.032288
0.029419
0.17767
-0.018677
0.54102
-0.023132
0.24249
-0.014893
0.016541
-0.032471
0.35388
-0.058777
-0.012268
0.83478
0.02594
0.044006
-0.0093994
-0.021729
-0.10657
0.0013428
0.77417
-0.012634
0.17059
0.030518
-0.15851
0.018066
0.18671
0.044312
-0.048645
-0.042358
0.66718
0.0091553
-0.1214
0.032166
-0.0085449
0.038086
0.14319
-0.014832
-0.059692
0.051697
0.039551
0.83807
0.069763
0.061829
0.048462
0.019104
-0.088318
-0.0093384
-0.0030518
0.071655
0.44531
0.048157
-0.074707
0.095337
0.24139
-0.013428
0.31476
0.0033569
0.029602
0.0028687
0.21027
-0.044312
-0.12805
0.2381
0.0010376
0.063843
0.20654
0.17255
0.48285
0.00036621
-0.062866
-0.028687
0.23401
0.043701
0.50433
0.020569
-0.027832
-0.069397
0.016174
0.03656
0.058716
0.083252
-0.01947
-0.093628
0.027039
0.023132
-0.0021973
-0.038269
-0.067627
0.88849
0.66632
0.17413
0.057739
0.11786
0.083313
0.0042114
0.1488
0.023315
0.046631
-0.050049
-0.006897
-0.052979
0.0042114
0.020752
0.025452
-0.11664
0.0087891
0.66376
-0.0064087
0.40161
0.29468
-0.022888
0.2984
0.089783
0.041138
0.067871
0.31104
0.065308
-0.097839
-0.010864
-0.090454
-0.013794
-0.03302
0.043091
-0.037537
-0.042969
-0.026184
0.67511
0.10242
0.20862
-0.0081177
0.018982
-0.016663
0.016357
0.022522
-0.065063
0.081543
1.1355
0.044495
-0.025391
-0.0027466
1.1071
0.019836
-0.047424
-0.047546
0.021973
-0.059387
-0.013184
0.021729
-0.014465
-0.027039
-0.011292
-0.13623
0.005249
0.080078
0.77179
0.042603
0.22382
0.043335
-0.046265
0.017273
0.0037842
-0.032654
0.020264
0.051941
0.198
0.069092
0.093872
0.49231
0.044495
0.0067749
0.041931
-0.037231
0.057434
-0.010925
0.0045166
0.00354
0.94006
-0.0059204
-0.096741
0.02887
-0.060669
0.43939
-0.034302
0.31506
-0.034302
0.3158
0.029358
0.026611
-0.050476
-0.055298
0.0045166
0.003479
0.01355
-0.0091553
-0.088379
-0.049683
0.076172
0.030579
0.98322
-0.024414
0.042297
-0.060425
-0.045715
0.034607
0.09729
-0.068665
0.039673
-0.064514
0.83264
0.045959
0.62854
0.090393
0.34808
0.046387
-0.070129
-0.064026
0.0029297
-0.06604
0.025085
0.032776
0.1214
0.77252
-0.077209
0.061279
0.095276
0.1004
0.09082
-0.048157
-0.12158
0.15308
0.0070801
0.077271
-0.088623
0.25897
0.095764
0.31482
0.012878
0.14172
-0.032043
-0.0097656
1.001
0.031128
-0.036377
0.013611
-0.060913
0.0096436
0.056641
0.010681
0.032104
-0.031982
0.9494
-0.027771
-0.04718
0.02594
0.083008
-0.023621
-0.010498
0.005127
-0.001709
0.025757
0.56787
-0.021729
0.26294
-0.0012207
0.06134
-0.021545
0.020508
0.072998
0.0098877
0.045776
0.0039063
-0.0097656
-0.035461
-0.029358
-0.0024414
0.037415
-0.0031738
0.78052
-0.041931
0.0098267
0.0015259
-0.024048
-0.043335
0.22058
-0.01001
0.033081
0.0067139
0.9624
-0.0067749
-0.0042725
0.94843
-0.0093994
0.027283
0.025085
-0.0010986
0.014282
-0.035828
-0.02356
0.003418
-0.011353
-0.023743
-0.088379
0.55597
0.4433
0.040466
0.058289
-0.037292
-0.090881
0.0054932
-0.093567
0.031372
-0.069946
-0.050598
0.089478
0.10461
-0.044189
0.9751
-0.061584
0.0036621
-0.12604
0.027466
-0.11957
0.0037842
0.059265
0.88281
-0.06958
0.18768
0.025452
-0.0495
0.096375
0.018066
0.57593
-0.055298
0.34503
0.038513
0.097839
0.034668
-0.01416
0.052002
0.6239
0.0054932
-0.069641
0.0016479
0.13672
-0.031494
0.26965
-0.038269
-0.0053101
-0.026184
0.048767
-0.088623
-0.018982
0.0032349
-0.18835
-0.036621
-0.0014038
-0.045166
1.1358
-0.013367
-0.066406
-0.027771
0.054504
0.024414
0.63342
-0.024048
0.22913
0.011536
-0.10229
-0.025146
-0.0097046
-0.033875
0.09082
-0.040771
0.025391
0.0075684
0.04657
0.054749
1.0452
-0.041992
-0.031128
0.015564
0.027893
-0.010193
0.043701
-0.045715
-0.039001
0.054626
0.11469
0.77747
-0.068665
0.13672
0.40021
0.1167
0.12891
0.065247
0.18964
0.055237
-0.011719
-0.0177
-0.024475
0.92865
-0.030884
0.0078735
0.065796
0.12201
-0.10327
-0.027893
0.0023193
0.025818
0.036438
0.22467
-0.023254
0.51855
0.13129
-0.040527
0.067749
-0.0072632
-0.0056763
0.0029907
0.11743
0.69025
0.1665
-0.046387
0.29083
-0.12372
-0.12616
0.0057983
-0.084656
0.082764
-0.0085449
0.065735
-0.052856
-0.080078
0.028503
0.1228
0.049866
0.080139
-0.13562
0.85773
0.0028687
-0.029541
-0.029297
-0.023376
0.013794
0.043884
0.1192
0.0090942
0.89069
0.057129
0.0043945
0.95148
-0.027649
0.1087
-0.024109
-0.014648
-0.049133
0.052124
-0.014832
-0.015625
0.11029
0.50726
-0.085754
0.13538
0.045349
0.016052
0.046082
0.09082
0.12048
-0.0090942
0.052307
0.84088
-0.073425
0.041992
0.055115
-0.0019531
-0.012329
0.065735
-0.036987
0.0061646
0.0093994
0.029358
0.043335
-0.095337
0.016968
0.072266
0.068298
0.017822
0.62708
0.047485
0.57587
-0.01886
-0.083435
0.073242
0.19177
0.017578
0.3797
-0.040527
0.029175
0.0084839
0.019958
0.032532
-0.14288
0.040161
0.049133
-0.018555
0.015259
-0.034912
-0.059875
0.98651
-0.016541
6.1035e-05
0.025635
-0.069702
0.040466
0.53918
0.11578
0.018738
0.0077515
0.26556
0.065491
0.039185
-0.035767
-0.0045776
-0.0090942
0.46082
0.052002
0.43146
0.069824
0.052673
0.082886
-0.10559
0.21375
0.028992
0.22614
0.047791
0.46497
-0.018066
0.14722
-0.0099487
0.61652
0.29553
-0.050598
0.030273
-0.0073242
-0.0054932
0.2074
0.024292
0.038269
-0.070007
0.0075073
-0.017517
0.073547
0.10791
0.44843
0.005249
0.2359
-0.0084839
0.027466
-0.037354
-0.04425
0.080566
0.53741
0.058228
0.26782
0.016479
0.19153
-0.014587
0.020142
0.031433
-0.048584
0.80005
-0.032349
0.23279
0.11554
0.043701
-0.023987
-0.0095215
-0.012512
0.018677
-0.03833
1.005
-0.030029
-0.055176
0.064087
0.021729
-0.0080566
-0.010193
0.0010986
-0.014343
-0.026062
0.061218
-0.0081177
-0.0088501
0.05426
0.077515
-0.04541
0.96039
-0.056824
-0.033203
0.032898
-0.0073853
-0.0093994
-0.034607
0.0079956
0.00054932
-0.020569
0.1098
0.045288
0.85907
-0.047913
-0.019714
0.54681
-0.022217
0.35791
-0.0053711
0.068298
-0.041809
0.0048218
-0.0029907
-0.0077515
0.073792
0.75653
-0.036133
0.23267
-0.0040894
0.16101
-0.030823
0.13953
0.012573
0.52966
0.13354
0.056335
0.067078
0.054016
0.11517
0.28339
0.038147
-0.046753
-0.14331
0.12115
0.021423
0.045959
0.55725
0.1806
-0.0095825
0.03479
0.059021
0.048523
-0.029968
0.21332
-0.067322
-0.050842
-0.10596
0.34094
0.077393
0.31805
-0.014038
-0.078918
-0.13434
0.070618
-0.02533
0.015564
-0.060059
0.7655
0.080994
0.17352
0.036072
0.051819
0.02002
0.066895
0.12006
-0.041504
-0.025574
0.029175
0.13446
0.051697
0.0032349
1.0158
0.010925
0.045776
0.75067
-0.012817
0.07605
0.078918
0.044983
0.0090332
-0.019653
0.068237
0.049438
0.0018921
-0.047729
-0.027649
0.0076294
-0.029907
-0.15784
0.041565
0.28845
0.1369
0.54895
0.014038
0.072937
0.80859
-0.019165
0.11121
0.0026855
0.12329
0.034241
0.060669
0.036438
-0.036499
0.088989
0.42316
-0.10321
0.44763
0.0039673
0.42517
-0.0014648
0.14264
-0.0021973
0.011169
0.054016
0.32672
0.026001
0.49628
0.023315
0.16779
0.036865
0.0024414
0.024902
-0.003479
0.045715
0.68567
0.020081
0.18768
-0.061829
0.093872
0.023193
-0.067383
-0.034424
0.075928
0.16534
-0.073608
0.2561
0.31183
-0.0072021
0.26031
0.046265
0.040771
0.0090942
0.055847
-0.083862
-0.029663
-0.098022
-0.046021
-0.088074
0.086487
-0.040466
1.1327
-0.0043335
-0.051941
-0.00177
-0.037292
0.057739
0.037964
0.006897
-0.013428
1.0597
0.0059204
-0.0080566
0.0271
0.74316
-0.030579
-0.056519
0.052185
0.058044
0.044678
0.092041
0.03302
0.035034
0.095459
0.10352
-0.15009
0.034912
-0.095154
-0.071716
-0.10895
-0.072266
1.0455
0.0077515
-0.055786
-0.00042725
-0.03302
-0.040161
0.028625
0.41724
-0.015564
0.42255
0.048218
0.015076
-0.067078
-0.076538
0.13165
-0.071411
0.11066
0.85126
0.083008
-0.20081
0.028992
0.26831
0.031982
-0.013367
0.033203
0.01062
0.0018921
-0.10907
-0.023499
0.66547
-0.06134
0.37695
0.025269
0.0067139
-0.033386
-0.12421
-0.041748
0.35278
0.062744
0.61829
-0.013306
0.066223
0.047546
-0.058044
0.35297
0.07135
0.25928
-0.033936
0.25708
0.0079346
-0.045044
0.050354
0.030151
-0.021118
0.1618
0.051392
0.2514
0.22223
0.44244
-0.005249
0.054016
-0.054321
0.051941
0.034607
0.40039
-0.029114
0.4259
0.028198
0.16443
0.0092163
0.00048828
-0.040955
0.012756
0.026489
-0.036438
0.048706
0.07959
-0.10364
0.081604
0.18646
0.0061646
0.81555
0.64459
0.10272
0.0025635
0.14807
-0.059692
0.0053711
0.23395
0.019531
-0.037781
-0.057251
0.074219
-0.089111
-0.1123
0.095093
0.47498
-0.0088501
0.64276
-0.11578
0.076233
0.064941
0.2113
0.15265
-0.079041
0.52161
-0.038452
-0.072937
0.090637
0.074097
0.10999
-0.024353
0.13489
-0.029785
0.025696
0.061279
-0.056519
0.80768
0.13379
-0.053406
0.085327
0.065552
0.0089111
-0.032837
0.12793
-0.040771
-0.25787
0.90802
-0.3252
-0.33038
0.044373
0.17413
0.6922
0.053406
0.27063
0.061829
-0.1665
0.038147
0.15533
0.064758
-0.022888
-0.047485
0.033691
0.0077515
0.56177
-0.0029907
0.33765
-0.0096436
0.18195
0.029663
-0.03949
-0.020325
0.043457
0.90546
0.014282
0.039978
0.07373
0.038696
-0.077698
-0.020935
-0.017822
0.016479
0.84698
0.013489
-0.19415
-0.057556
0.083679
0.088135
0.19696
-0.074219
0.011108
0.0177
-0.093628
0.039856
-0.066895
0.82935
0.039551
0.053772
0.0036621
0.10486
-0.014893
0.0026245
-0.0021362
-0.0039063
0.042419
0.07373
0.041077
0.049194
0.053223
0.86786
-0.065918
-0.026672
-0.070251
-0.042969
-0.010742
-0.017944
-0.011536
0.13232
0.054443
0.40826
0.23517
0.40283
0.089844
0.049316
-0.11047
0.84479
0.049255
0.042358
0.033081
0.048218
-0.040955
0.051147
-0.011353
0.048645
-0.026306
0.036316
0.0027466
0.11682
0.008667
1.0361
-0.039734
-0.13184
-0.079651
0.044373
0.37134
0.0072632
0.35437
-0.013
0.28656
-0.020081
0.059326
-0.036804
-0.032593
-0.028137
0.005188
0.033508
-0.078003
0.13428
-0.0078735
0.15546
0.33856
0.39026
0.046143
0.046326
-0.066406
-0.067932
-0.0072632
-0.12146
0.038635
1.1958
-0.026184
-0.049683
-0.073792
0.0049438
-0.012207
0.027527
-0.022644
0.10895
-0.014038
0.20184
-0.012756
0.58612
-0.011047
-0.086853
-0.028381
0.014893
-0.051025
0.065186
-0.0054932
0.013672
1.1168
-0.10657
0.016602
-0.010376
0.019409
0.022339
0.020325
-0.087952
-0.026733
0.012268
-0.025696
0.96063
-0.048279
1.1507
0.00085449
-0.06543
0.01062
-0.032715
-0.028809
-0.018921
0.010498
0.022583
-0.03125
0.082458
0.22363
0.010864
0.55511
-0.045288
0.039307
0.06488
-0.0061035
0.026855
0.077393
-0.028259
-0.018799
0.025757
-0.11847
-0.12793
0.013
0.069153
1.0953
0.013184
-0.046509
0.062683
-0.08844
0.89551
0.059387
0.083191
0.02179
0.03363
0.016724
0.019958
0.04425
-0.0031738
0.71527
-0.0067139
0.11462
-0.019287
0.30774
0.032349
0.029785
-0.039917
0.34119
0.052673
-0.059875
0.2981
0.11139
0.045166
0.075928
0.029724
-0.061951
0.036682
0.4455
-0.14825
-0.037598
0.23755
0.216
0.024475
0.37714
-0.0063477
-0.070862
0.081116
0.67084
0.01062
-0.060486
0.0081787
-0.079163
0.050049
0.15656
0.025635
0.032959
-0.055847
0.22638
-0.1134
-0.036987
0.091919
-0.14465
0.02063
0.19537
0.030823
0.8468
-0.1618
0.4826
-0.18207
-0.02124
0.91681
0.042114
0.022888
0.12366
0.043762
-0.12476
0.12085
-0.081787
0.045898
0.18372
0.070862
0.022644
-0.13452
0.048218
0.084045
0.10632
0.037842
0.36322
0.044067
0.070984
0.2337
0.092712
-0.081421
0.17932
0.092712
-0.023926
0.037354
0.16138
0.09198
-0.060181
0.010132
0.20953
0.13812
0.27136
0.2793
0.23163
0.030823
0.24463
0.028931
0.023071
0.20862
0.14868
0.012024
0.30414
0.036316
0.075745
-0.00079346
1.3677
-0.045105
-0.018005
-0.17743
-0.19586
0.027832
0.23041
0.035706
-0.090271
0.023438
-0.060547
0.049866
-0.09375
0.0088501
0.10059
0.031067
-0.027222
-0.03363
0.75067
0.015625
-0.046265
0.04126
-0.045654
-0.045593
0.083557
0.072266
-0.037598
0.047729
0.58069
-0.010498
0.052063
-0.047913
-0.060303
0.30817
0.18951
0.025208
0.26819
0.011719
0.13507
-0.063599
0.045471
0.0271
0.49408
-0.05603
0.45215
0.049866
0.0098267
0.028198
-0.03656
0.0027466
0.023071
0.042542
-0.084229
0.041016
0.029602
0.12421
-0.017273
-0.00036621
-0.0224
0.8573
0.30951
-0.031006
-0.091125
0.50879
0.02655
-0.0039673
0.24762
-0.014099
-0.020081
0.030701
0.16132
-0.047485
0.40784
-0.07489
0.27283
0.043396
0.25476
0.053955
-0.047363
-0.063477
0.96918
0.0014038
-0.057495
0.070313
-0.10144
0.030518
0.065369
0.055542
-0.12476
0.006958
-0.005188
-0.033691
0.059326
-0.080688
0.013855
0.060669
0.10254
0.06781
0.76086
0.068237
0.03186
-0.0031738
-0.039551
0.037109
0.036926
0.7356
0.023987
0.28162
0.063721
0.05835
-0.023926
-0.012146
-0.02533
0.060791
-0.023315
-0.01593
0.024109
0.17523
0.046936
0.6239
0.62097
0.041504
-0.10663
0.029968
0.16888
-0.015259
0.22406
-0.037598
-0.022522
0.0054321
0.098083
0.30286
-0.12396
0.36224
0.058533
0.13184
0.059326
-0.0033569
-0.040649
0.0095825
-0.050537
1.0241
-0.049316
-0.0062256
-0.00097656
0.030518
-0.00048828
-0.017761
-0.01239
-0.019104
-0.0036011
0.58551
0.054749
0.52814
0.079895
-0.038879
-0.058472
0.060242
-0.10242
-0.022766
0.074158
0.029907
-0.036377
0.0224
0.044739
0.19775
0.040039
0.1488
-0.042419
0.59418
0.011963
-0.053406
-0.023682
-0.13202
0.081848
0.47949
0.084778
0.26141
0.26788
0.02002
-0.024658
0.89996
-0.0040283
0.045959
0.016785
-0.019653
0.0033569
0.045715
-0.027893
0.0032959
-0.11475
0.0061646
0.052246
0.89417
0.040649
0.03363
0.053772
0.00067139
0.0083618
-6.1035e-05
0.12103
0.095581
-0.0042725
0.90472
-0.038452
0.054688
-0.059143
-0.010925
0.003479
-0.06134
0.013245
-0.013916
0.28052
-0.093445
0.3479
0.014099
0.44604
0.052979
0.1861
-0.0578
0.98108
-0.039978
-0.032104
-0.18372
-0.094543
0.010376
0.25427
-0.02832
-0.05835
0.041199
-0.05365
-0.06543
0.096313
0.1004
-0.018433
0.018738
0.15466
0.077576
0.76849
-0.058716
-0.07251
0.063354
-0.066711
0.38165
0.5694
0.035645
0.091064
0.010071
-0.010437
-0.012878
-0.026917
1.1523
-0.02832
-0.075195
-0.028442
-0.0090332
0.026367
0.0015259
-0.013977
-0.047424
0.12878
0.15851
-0.012573
0.57117
0.11707
0.053711
-0.041748
0.05072
0.013306
-0.045959
-0.012268
-0.032593
-0.014099
0.041565
0.011597
-0.051025
0.00085449
-0.058044
0.8631
0.080383
-0.010925
0.1098
0.0029297
0.076843
0.11792
0.09375
0.070923
-0.044189
0.56891
0.11017
0.55359
0.0042114
0.025024
0
-0.057373
0.0074463
0.094238
0.021362
-0.032898
-0.0064087
-0.069885
0.029297
-0.016846
0.0023804
0.054688
0.089111
0.0064087
1.0116
-0.0075684
-0.1283
0.014282
-0.049683
0.00097656
0.053894
0.083374
0.75916
0.13318
0.24371
0.054688
-0.16235
0.5965
0.041016
0.065979
-0.058533
-0.12103
-0.082764
0.21106
-0.083374
0.010498
-0.039551
0.041199
-0.0039673
0.14972
0.063293
0.38043
-0.0031128
0.34491
-0.019348
0.0092773
0.037109
-0.013672
0.066589
-0.05072
-0.044678
-0.014404
0.24591
-0.038269
0.88892
-0.049133
-0.052673
0.13873
0.12976
-0.055298
0.87158
-0.083679
-0.020935
0.022705
-0.016907
0.0049438
-0.0093384
0.034546
-0.043335
0.029114
0.91895
0.092651
0.020813
-0.062378
-0.054443
-0.13684
0.021667
0.025818
0.030518
0.64154
0.10168
0.11285
-0.052002
0.092651
-0.019531
-0.016479
-0.020996
-0.018494
0.014893
0.19305
-0.031311
0.60211
-0.0081177
0.066345
0.086731
0.010376
-0.039307
0.029114
-0.025574
0.42853
0.067505
0.31519
-0.0067749
0.11957
-0.031738
0.045532
0.021484
-0.062927
0.013855
0.06366
-0.080322
0.031738
1.0829
-0.023926
-0.177
-0.022644
0.05658
-0.006897
0.10413
0.027466
0.026123
0.067871
0.38043
0.035339
0.51855
0.016296
-0.14935
-0.057983
0.012878
0.25964
0.042847
0.409
-0.0080566
0.34613
-0.0177
-0.010376
0.0050659
-0.17487
0.024475
0.24103
0.067322
0.48657
-0.028137
0.30463
0.036072
0.031738
-0.021606
0.091248
0.31305
0.1051
0.48163
0.090576
-0.026184
-0.17029
0.12946
-0.04071
-0.07312
-0.063782
0.020691
-0.097961
0.0015869
-0.068298
-0.02948
-0.053101
0.054443
0.026917
0.85834
-0.03949
0.9137
-0.1084
-0.042236
0.055115
0.092407
0.0098267
-0.020508
0.036133
-0.02063
-0.023376
1.1976
0.021484
-0.10437
0.025696
-0.045654
-0.023499
-0.014771
0.00097656
0.040527
-0.03009
-0.037598
-0.01355
0.052429
-0.0031128
-0.085083
-0.025574
0.9762
0.058899
-0.084961
-0.095032
0.018921
0.022217
0.97156
0.02002
0.019958
-0.038025
0.033264
-0.019287
-0.010376
-0.0092163
-0.010315
0.013
0.0019531
0.034363
0.42572
0.063782
-0.0043945
0.42792
0.0075073
0.0065308
-0.027405
-0.13837
-0.022705
0.0028076
0.28217
-0.0078125
0.78448
0.025269
-0.021301
0.017944
0.063904
0.76221
-0.12488
0.18268
0.018494
-0.053833
0.086426
0.0054321
-0.019592
0.08551
-0.089478
0.84576
-0.0039063
-0.019043
-0.011353
0.14636
-0.046326
-0.0012817
0.05542
-0.024109
0.041199
-0.00067139
0.032288
0.033081
-0.010559
0.00054932
-0.15369
-0.11945
1.1477
0.046326
-0.043457
-0.013062
0.97272
-0.080933
-0.0012817
0.09137
-0.081604
0.080933
0.033691
0.0094604
-0.043823
0.018372
0.058899
-0.018921
-0.00085449
-0.055542
0.033936
-0.030579
0.93945
-0.0018921
-0.00036621
-0.026367
-0.025818
0.0057983
0.16583
-0.019531
0.26166
0.038696
0.61627
0.6629
0.051758
0.09729
0.035217
-0.006958
0.021179
0.14374
0.017578
-0.016479
-0.0067749
-0.052795
1.0914
-0.06073
-0.083008
0.0023193
0.033264
0.0084229
0.021606
-0.01123
-0.017151
-0.030518
-0.011536
-0.086121
0.010193
-0.027039
0.11346
0.013184
0.58484
0.45959
-0.10815
-0.013123
1.1549
0.04364
-0.093079
-0.026978
-0.024475
-0.02887
-0.014954
0.016541
0.005127
0.087708
0.14435
-0.073242
0.25439
0.5752
-0.0029907
0.097717
0.0059204
-0.026794
0.076172
0.056641
-0.029297
0.021118
-0.0044556
-0.0018921
0.1145
0.01001
0.020813
0.75623
0.021057
0.0802
0.70428
0.044312
0.11407
0.057495
-0.0037231
-0.0056152
0.080139
-0.035217
-0.0672
0.031616
-0.021301
0.085571
0.027527
-0.0065308
0.00085449
0.044922
-0.032898
0.033447
0.062866
0.03595
-0.019287
-0.058716
0.0076904
0.055176
0.070374
0.026306
-0.14069
-0.11517
1.0236
0.10797
0.18481
-0.033569
0.72931
0.039612
-0.031433
-0.029846
-0.048401
-0.077393
0.041443
-0.087524
0.027466
0.14661
0.065125
0.71838
0.085938
0.085327
0.0047607
0.047974
0.01886
0.97272
0.022034
0.028931
0.0098877
-0.070374
0.056091
0.06427
0.014832
-0.027893
-0.0014038
0.70099
0.22015
0.011475
0.023132
-0.0024414
-0.030151
0.13751
0.087891
-0.051208
-0.041992
