-0.014709
0.026672
0.050598
-0.05249
0.051025
0.77527
-0.019287
-0.038391
0.037537
0.046448
0.051331
0.24384
0.019653
0.88477
-0.078003
-0.029236
-0.04657
-0.08844
0.0029907
0.0043945
0.39093
-0.051758
0.22479
-0.069824
0.0041504
-0.020691
0.20709
0.0010986
0.088684
-0.018494
-0.0024414
0.099915
0.027832
-0.09082
0.055237
-0.16455
-0.10431
0.8739
0.09845
0.18475
0.049072
-0.052185
-0.012268
0.26501
-0.040955
0.19556
0.12793
0.034729
0.64154
-0.033386
0.061462
0.050842
0.11383
0.046692
0.30383
-0.039307
0.15845
0.0029297
0.24323
-0.039429
-0.044678
-0.082397
-0.050842
0.028809
0.033691
0.66589
-0.018616
0.34821
-0.014709
-0.058228
-0.059204
0.63196
0.025635
0.061035
0.19177
0.0030518
0.063477
0.048767
0.024414
-0.0066528
0.5498
0.02124
0.073975
0.015808
0.068298
0.075134
0.23584
0.063293
-0.0050659
0.015564
0.10132
-0.01593
0.27789
0.072571
0.17883
-0.010376
0.23303
0.063416
-0.034851
0.032898
0.06665
-0.0896
0.15295
0.27802
0.12762
0.14032
0.15125
0.057495
0.072144
0.090881
-0.045532
0.2088
0.11774
-0.11005
0.66211
-0.0046997
0.0039673
-0.011536
0.087158
0.05658
-0.069397
-0.051208
-0.08136
0.76587
0.10822
0.034912
0.092346
-0.080383
-0.00018311
0.015564
-0.025085
0.048645
-0.041077
-0.032104
-0.0049438
0.086304
-0.0033569
0.97986
0.019775
-0.057556
-0.019226
-0.017578
-0.027832
-0.033813
0.014465
-0.10822
0.10284
0.9303
0.065613
-0.062744
-0.0177
0.032715
-0.010132
-0.013245
0.0016479
0.2077
0.030029
0.28198
0.036499
0.44794
0.022095
0.016113
-0.0045166
-0.024292
0.010864
-0.029846
-0.083374
0.8844
-0.037842
0.087524
0.012756
0.052979
0.89252
-0.0050659
0.067261
0.031433
-0.025269
0.047974
-0.12457
-0.026917
-0.07428
0.055908
0.14886
-0.098999
0.11853
0.93854
0.061584
0.00024414
0.061768
-0.033386
0.07251
-0.0026855
0.05835
-0.010254
-0.0029907
0.048462
0.133
0.040039
0.6579
0.099792
-0.10626
0.013428
0.023254
-0.060303
0.039856
0.53778
-0.085876
0.58698
-0.049561
0.0089111
0.0075073
0.043762
0.0089722
0.047485
-0.00024414
-0.038086
0.091248
0.023804
0.33472
-0.040405
-0.0098267
0.0043945
0.0031128
0.067627
-0.042908
0.7522
-0.086426
-0.0037231
0.097656
0.13666
0.045044
0.15399
0.020752
0.77911
0.13782
-0.02594
0.021606
-0.012024
-0.13068
-0.0050049
0.40381
0.216
0.14154
0.070251
0.021729
0.24707
0.20428
-0.022949
-0.07428
-0.046021
-0.0016479
0.044495
-0.026367
-0.076111
0.0011597
0.16681
-0.04248
0.14423
-0.030823
0.70215
-0.096069
-0.02771
0.048279
0.011597
0.043701
0.1554
-0.091614
0.98071
0.07782
0.066223
0.083496
0.085205
0.17059
0.078918
0.2124
0.02948
0.3269
0.090759
0.076294
-0.018127
0.828
0.09967
0.00018311
-0.039734
-0.065674
0.034912
0.16467
-0.01947
-0.012695
-0.039978
0.42694
-0.079834
-0.014832
0.21216
0.07782
0.034973
0.15454
0.044434
-0.04126
0.019592
0.083008
-0.0018311
0.037781
-0.020813
0.054932
0.15717
0.16907
0.10089
0.42999
0.012146
0.087769
0.044189
0.15576
0.34967
0.19
0.1723
0.27972
-0.02124
-0.031921
-0.058777
0.638
0.093872
-0.067993
0.095764
0.15771
0.012512
0.26398
-0.021118
0.014099
-0.023926
0.011963
0.094177
-0.054504
-0.10254
0.0044556
0.0043335
0.039551
0.70178
-0.11597
0.16455
0.049683
0.018677
-0.066345
0.25031
0.64484
0.081421
0.052856
0.054626
-0.041443
0.030579
0.024292
0.036255
0.0037842
-0.054443
0.0018921
-0.10358
-0.029663
0.96814
0.058472
0.0015869
0.015625
-0.0050049
0.26105
-0.032715
0.15112
0.2348
0.3504
-0.076172
0.10724
-0.070496
-0.052368
0.017151
0.036438
0.033875
0.083984
0.4469
0.1123
0.014832
0.27502
0.049805
0.021545
0.17889
0.33545
0.077454
0.30103
0.10492
0.26495
0.02356
-0.12744
-0.033081
-0.015259
-0.038269
-0.022034
-0.035767
0.012878
-0.064941
0.045837
0.5484
-0.091675
0.50378
0.49652
0.17279
-0.008606
0.091553
0.01886
0.1178
0.22595
0.067444
0.03656
-0.038025
0.38422
0.10938
-0.091125
0.43274
0.0067139
-0.011719
0.019409
-0.01416
-0.056702
0.024353
-0.017761
-0.012817
0.17358
0.044128
0.72791
0.077759
0.26276
-0.036682
-0.062683
-0.024963
1.3617
0.036133
0.1474
-0.11639
-0.35565
-0.089905
0.090332
0.0011597
-0.0082397
0.038147
0.023987
0.10376
0.427
-0.11768
0.19257
-0.023621
0.26855
0.032593
0.16504
-0.032043
0.019409
0.037781
-0.030579
-0.049805
-0.0038452
0.012573
0.020569
0.52216
-0.14526
0.48157
-0.0092773
-0.049438
-0.0177
-0.014648
0.028015
0.024475
-0.0045776
0.037476
0.82104
0.0032959
-0.027893
0.96924
0.023132
-0.015686
0.029663
0.014771
-0.033264
0.087708
0.028259
0.015808
0.13049
0.15918
-0.053345
0.61414
0.027588
-0.018738
0.027893
0.078552
-0.016663
-0.014587
-0.035156
0.0079346
0.099365
-0.070557
0.071228
0.008667
0.088562
-0.029541
0.84167
0.010254
-0.046509
0.88782
-0.056091
0.047485
0.0043945
0.092896
0.0058594
0.063782
0.037964
-0.008667
-0.096985
0.036621
0.035522
0.0058594
-0.03418
0.60651
-0.063538
0.27319
0.057983
-0.0098267
-0.046143
-0.17694
0.026733
0.87732
0.14728
0.10364
0.15582
-0.077759
0.010254
-0.049988
0.056824
-0.0091553
0.068359
-0.029419
0.4295
-0.016479
0.42938
-0.0019531
0.11823
-0.0024414
-0.0097656
1.2604
0.019348
-0.12714
-0.0039673
-0.043274
-0.044556
-0.0068359
0.013062
-0.00061035
0.0401
0.68585
-0.022156
0.22565
0.066711
-0.035645
0.040161
0.083191
-0.053284
-0.040649
0.00091553
-0.03656
0.10931
-0.035217
0.36188
0.04071
0.46918
-0.025818
0.18408
-0.0078735
0.43506
0.035461
-0.035583
-0.080322
0.092041
0.12122
0.27826
0.076233
0.10645
0.026428
0.038696
-0.085632
0.082947
0.032288
0.05188
0.097656
0.17188
0.047791
0.031555
0.57672
0.073975
0.05011
0.1189
-0.042786
0.00061035
0.14563
0.17706
-0.10315
0.8717
0.15106
0.033875
-0.03772
0.29944
-0.10339
0.39417
0.0271
0.20929
-0.030457
0.073792
0.064026
-0.01239
0.01001
-0.057739
0.029236
0.13074
0.044312
0.080994
0.018982
0.72223
-0.07312
0.07074
0.072327
0.32867
0.081665
0.22009
0.02771
0.22736
0.0042114
0.048401
-0.054565
-0.0095215
-0.011658
-0.053833
-0.036865
0.013062
-0.01355
-0.068054
1.1187
-0.052673
0.0081177
-0.046082
0.031677
0.01178
0.07251
0.066772
0.55634
-0.034607
0.53534
0.01062
-0.092102
-0.0093384
0.92877
0.011292
-0.041077
0.021973
0.032227
-0.046753
0.028076
0.013306
-0.036926
0.12506
0.14557
0.0042725
0.21411
0.056335
0.33472
0.048828
0.021362
0.041504
0.0091553
0.70056
-0.036743
-0.090942
0.14789
0.11908
0.019592
0.28882
-0.0050659
-0.035522
-0.026001
0.57495
0.053223
-0.11377
0.22998
-0.1059
0.081543
-0.013489
0.027405
-0.0026855
-0.012451
0.91693
0.033875
-0.041565
-0.03125
0.028198
0.071716
0.089172
-0.02948
-0.066162
-0.0032959
-0.11182
0.018616
0.12982
0.0093994
-0.050842
0.074341
0.0012207
0.69513
0.12665
-0.086792
0.0078125
-0.060181
0.080688
0.065552
-0.019043
-0.014893
-0.030396
-0.014893
0.93243
0.022522
-0.0056152
-0.050964
0.026001
0.0044556
0.046631
-0.16864
-0.018066
1.1929
-0.077576
-0.057434
0.024719
-0.067322
0.13409
0.039856
0.3443
0.019653
0.44293
-0.00097656
0.08313
0.011719
-0.076172
0.013
-0.0056763
-0.037598
-0.047119
0.62366
-0.011719
-0.17828
0.20282
0.34454
0.10388
0.043091
0.61053
-0.033325
0.043823
-0.037903
0.12036
0.027527
-0.01355
0.046997
-0.039856
-0.048462
0.14935
0.079224
0.27521
-0.032837
0.42542
-0.022705
0.20227
-0.028564
-0.031555
0.0084229
0.038269
-0.0401
0.029358
-0.016235
0.0023193
0.87823
-0.055115
0.138
0.12683
-0.060059
-0.017273
0.044006
0.10614
0.82941
0.053894
-0.1015
0.10107
-0.17651
0.080078
-0.063721
-0.049316
0.015381
0.11176
0.54517
0.18347
-0.02948
0.13763
0.41724
0.052917
-0.037292
0.012329
-0.030396
0.10541
0.018555
0.18414
-0.062866
0.28583
0.10059
-0.046326
0.056702
-0.016846
-0.043701
0.085632
0.0084229
-0.042786
0.0097656
-0.15796
1.0731
0.03949
0.081482
-0.05304
-0.060547
0.0031128
0.14038
0.040771
1.0469
0.013489
-0.052673
0.01532
0.10468
-0.12653
0.69885
0.0023804
0.06543
0.0090942
0.015625
0.094543
0.082886
0.02594
0.028259
0.66602
0.038208
0.19934
-0.040466
0.027832
-0.024414
-0.069702
-0.021484
-0.11261
-0.039612
0.18854
0.005249
0.57288
0.033386
0.36792
-0.02301
0.14258
-0.044495
-0.0090332
0.022766
-0.020874
-0.013855
0.06488
0.031799
-0.062561
-0.00042725
0.82507
0.021484
-0.042297
0.040955
0.061157
0.84656
0.074524
0.016296
-0.0354
-0.042725
-0.025452
-0.076294
0.016235
-0.012207
-0.046936
0.0015259
0.022705
0.065674
-0.022461
0.2019
-0.00012207
0.57202
-0.056519
-0.015991
0.00097656
0.014404
0.028748
0.49561
0.0028687
0.21997
0.15643
-0.098816
0.00073242
0.0023193
-0.041504
-0.016479
0.040283
-0.067017
0.0032349
1.0885
-0.031006
-0.057434
0.033813
-0.028687
-0.0029907
-0.027466
0.49115
-0.014709
0.46967
-0.024597
0.092041
0.0073242
0.095398
-0.04657
0.20398
0.074524
0.14471
0
0.14606
-0.014404
0.12952
0.049988
0.078491
-0.0047607
0.32953
0.057922
0.23297
-0.024414
0.3504
0.054993
0.04657
-0.068604
-0.022644
0.049561
0.0098877
-0.057983
-0.021057
0.33911
0.052185
0.66986
0.12329
-0.054016
0.074097
0.14886
-0.038696
0.62964
-0.013977
-0.023193
-0.038452
-0.022156
0.086914
-0.074768
-0.058044
0.058289
-0.094849
-0.062988
0.094666
0.099487
0.022766
-0.026733
0.89685
0.050964
-0.095459
-0.014709
0.0085449
0.099731
0.028992
0.68469
-0.056763
0.43475
-0.087646
0.00054932
-0.024292
1.0742
0.015869
-0.096252
0.011169
0.026184
-0.074463
-0.039246
0.022705
0.024658
-0.094421
0.11414
-0.077332
-0.026917
0.07019
-0.059021
-0.066956
0.025208
1.0068
-0.070435
-0.041687
0.089844
-0.041565
-0.096985
0.0755
0.072876
0.030151
-0.11322
0.066833
1.2764
-0.055298
0.03656
0.38232
-0.063599
0.35809
-0.024597
0.21753
0.011353
0.093262
0.030701
0.0048828
0.033142
0.56787
-0.028503
0.18311
0.0076294
0.072632
0.047424
-0.088135
0.015259
-0.041138
1.0833
0.0037231
0.016785
-0.039673
-0.020264
0.013611
-0.0084839
-0.023865
-0.021118
0.072449
-0.0021973
0.37415
0.0014038
0.35022
0.026184
0.36145
0.055603
-0.059326
-0.084229
0.03595
-0.014709
0.60339
0.072266
0.12744
0.033325
0.32495
-0.035156
0.010193
-0.040588
0.029724
0.0036011
0.02655
-0.024353
-0.010742
-0.098694
-0.036316
1.0348
-0.03894
0.067261
-0.02063
0.054871
0.41785
0.33813
0.36646
-0.011597
0.22321
-0.041199
-0.21722
0.035583
0.61646
0.010254
0.086853
-0.0062866
-0.097839
0.022339
0.22803
-0.061768
0.063293
-0.057373
0.080933
0.10815
0.17517
0.07666
0.26135
0.10052
0.30219
-0.031799
0.021729
-0.050903
-0.049072
0.033936
0.229
-0.078491
0.31512
0.055237
0.36127
-0.073669
0.16772
0.054626
-0.039246
0.044128
0.026855
-0.048157
0.032654
0.25055
0.080505
0.072388
0.3573
-0.067688
0.00097656
-0.044739
-0.034241
0.16577
-0.025085
0.086609
-0.063538
0.015564
0.17609
0.76697
0.0026855
0.033081
-0.012939
0.048767
-0.0053711
0.1076
0.015686
0.87152
-0.015625
0.049927
0.098572
-0.017212
0.060486
0.085754
-0.01123
0.13611
-0.0054932
0.0177
0.028442
0.51721
0.015625
0.013733
0.090393
-0.046143
0.001709
-0.025391
0.15747
0.052307
0.24146
0.043518
0.089661
0.032654
0.44092
-0.081604
0.021545
0.19629
0.17908
-0.076904
0.11804
0.0083008
0.0025024
-0.047546
-0.0495
-0.16132
0.017517
0.078003
-0.039429
0.045532
1.127
0.089111
-0.019165
-0.022827
0.20117
0.010376
0.62952
-0.014221
0.117
0.012146
0.10199
-0.011902
0.62677
-0.077942
-0.13977
0.044983
0.15875
0.020386
0.36829
-0.033691
-0.0042114
0.045715
0.84851
0.33008
-0.033386
-0.047974
0.19702
-0.072693
0.065308
0.016235
0.016602
-0.019287
0.074036
-0.03241
0.23956
0.02179
0.22449
0.049255
0.48926
0.013855
0.047485
0.03418
0.033875
0.2356
-0.0081787
0.55054
0.12286
0.16919
0.082092
-0.032227
-0.067261
0.062927
0.1651
0.28973
-0.05542
0.090515
0.21924
0.025269
0.2738
0.069458
0.032654
0.018799
-0.017639
0.87946
-0.0023804
-0.010986
0.01001
-0.0015259
-0.054016
0.0032349
-0.04895
0.022339
0.051514
0.015015
-0.064941
0.019043
-0.013062
0.58362
-0.047424
0.23224
0.0023193
0.040161
0.053711
0.065002
0.15839
0.023071
0.080383
0.021973
0.18213
-0.02478
0.13849
0.032471
0.00073242
0.026367
-0.039001
-0.023743
0.032837
0.15637
0.015198
0.55707
-0.044922
0.28284
-0.059875
-0.041809
0.10364
-0.028198
0.038696
0.80206
-0.0084229
0.13959
-0.084473
-0.052429
0.24219
0.19159
-0.030884
0.52045
-0.003418
-0.044312
0.023376
0.050659
0.072205
-0.063965
-0.049561
-0.11359
-0.041687
-0.10077
0.087708
-0.13324
0.047607
0.49524
0.016418
0.46564
-0.022095
0.0078735
0.4707
0.15894
0.092468
-0.0020752
0.29279
-0.076477
0.15509
0.039734
0.00061035
0.029663
0.70575
0.028564
0.17822
-0.085999
0.1889
0.032288
-0.010803
-0.077881
0.12
0.16687
-0.051086
0.63757
0.064819
0.015625
-0.05365
0.020935
0.012634
-0.012451
0.019958
0.02655
0.04303
-0.028442
-0.081787
0.21045
-0.039307
0.094177
-0.0053101
0.47717
-0.011475
1.0174
-0.1394
-0.038513
0.036255
0.060669
0.023376
0.016846
-0.0083008
0.0067139
-0.0067139
1.0266
0.018738
-0.082336
0.025208
-0.0054321
-0.042419
0.02417
-0.01239
0.040222
0.40485
0.14618
0.22278
0.02771
0.014832
0.05249
0.23682
0.0012817
-0.0046997
-0.0031128
-0.0074463
0.056824
-0.043579
-0.047546
-0.043579
0.15216
0.0041504
0.90564
0.051331
-0.050598
0.44891
0.038879
-0.056702
0.37439
-0.049255
-0.036377
0.12958
-0.027161
-0.026672
0.01947
-0.024292
-0.070496
-0.077148
0.1806
-0.031128
0.014587
0.026733
0.054443
1.2284
-0.096191
0.068542
0.072388
-0.064697
0.096252
0.023315
-0.010986
-0.021606
-0.068665
1.1067
0.059021
-0.0049438
-0.00036621
-0.041443
-0.11646
0.070313
-0.02594
0.061584
0.77258
-0.054199
0.15717
-0.0084839
0.060547
-0.047729
-0.029724
-0.0079346
0.70758
-0.010376
0.51782
-0.0056152
-0.12006
0.055908
-0.056274
0.06781
-0.062195
0.029602
0.26099
0.06543
-0.0089111
0.15375
0.47217
-0.0224
-0.042786
-0.00024414
0.12415
-0.055847
0.046936
-0.053589
-0.28766
0.0031738
1.2103
0.062683
0.0087891
-0.075745
0.008667
-0.010803
1.0218
0.14508
0.024658
0.073608
-0.030945
0.034546
0.012817
0.019043
0.052368
0.024536
0.52173
0.1098
0.075378
0.18304
0.01886
-0.046082
0.014038
-0.0098267
0.45178
0.4964
0.026001
0.098816
0.04895
-0.065247
0.027222
0.87097
0.050476
-0.12671
0.085388
-0.051941
0.046326
0.17285
-0.10242
0.0037231
-0.01416
-0.046509
0.040527
-0.03656
0.003418
0.030273
0.22284
-0.033142
0.90063
-0.080627
-0.043213
0.034607
0.92316
-0.019287
-0.054565
0.082581
0.027771
0.017212
0.0021362
0.03772
0.0061035
0.043213
-0.033203
0.35406
-0.044067
0.6203
0.021484
0.3288
-0.058533
0.070129
-0.057861
0.084961
-0.043274
0.22052
0.044312
0.11469
0.12347
0.30878
-0.075623
0.086853
-0.0081177
0.81897
-0.059326
-0.062805
0.029053
-0.023926
0.0672
0.23138
-0.038513
0.052429
-0.050598
0.035156
-0.020142
0.0073242
-0.034302
0.050537
0.012878
0.046753
0.026978
0.029053
0.68652
-0.038208
-0.095093
0.0020752
-0.13837
0.073364
-0.008606
0.039246
0.43524
0.09491
0.44702
0.03418
0.14722
0.026978
0.39404
0.15051
0.024109
0.20856
-0.025269
-0.093933
0.053223
0.45709
-0.070007
-0.18475
0.21478
0.059814
0.061646
0.28369
-0.021545
0.096069
0.055237
-0.047729
-0.02417
0.098389
-0.057495
0.12354
0.0050659
0.33344
-0.022217
0.90991
-0.030396
1.1185
0.022827
-0.033264
-0.11682
-0.19293
-0.054688
0.077576
-0.03595
-0.028259
-0.039246
0.095032
0.019104
-0.11511
0.069458
0.019287
0.59619
0.0026855
0.30646
-0.13983
-0.013794
0.055237
0.10449
-0.072021
0.00030518
-0.014587
0.79962
0.034363
0.17169
-0.014587
-0.10382
-0.035522
-0.011963
-0.12018
0.0028687
-0.039246
0.0061035
0.016235
-0.03009
0.95825
0.017883
0.10211
-0.077881
0.38324
-0.073425
-0.0097046
-0.0271
0.31622
0.16083
0.48401
-0.067749
0.042847
0.031921
0.10437
0.027527
0.49847
-0.024902
0.11359
0.072083
0.082825
-0.036926
-0.028931
0.0354
-0.056702
-0.017944
0.020386
-0.04071
-0.010132
0.54236
-0.047729
0.54126
0.19904
0.14911
0.035522
0.25989
0.20551
-0.11664
0.084045
0.15527
-0.0011597
0.00036621
0.112
-0.087646
0.093445
0.049194
0.31317
-0.047546
0.34052
-0.0056152
0.14667
-0.0087891
-0.030334
-0.040588
0.16718
0.036926
0.68536
-0.034912
0.15009
-0.062805
-0.023865
0.056458
0.083862
-0.040955
0.005249
0.072327
-0.04248
0.060364
0.1723
0.044312
0.7514
-0.05188
-0.02655
0.82605
-0.015198
0.2771
0.1377
0.031372
-0.0092773
-0.043823
-0.055359
0.031738
0.28967
-0.055298
0.17749
-0.0054932
-0.036255
-0.048706
0.25574
-0.014893
0.12286
-0.01416
-0.0224
-0.018677
0.14185
0.01532
0.62329
0.022644
0.23169
-0.040588
-0.047485
0.035339
-0.044922
0.023499
0.22998
-0.0093384
-0.023132
-0.048279
0.0979
0.051086
0.091003
0.040649
1.0997
0.078552
-0.033264
-0.022339
-0.2066
0.01123
0.019348
0.015503
-0.089111
-0.085205
-0.0041504
-0.012695
-0.085083
0.036377
0.04126
0.22241
-0.038025
0.81982
0.10773
-0.0033569
0.084045
0.032043
0.073547
0.12103
0.046509
0.68207
-0.054382
0.052979
0.10284
-0.080688
0.046082
0.0066528
-0.022766
0.012939
-0.088257
0.031494
0.04718
-0.030579
0.81915
-0.0028076
0.040649
0.045898
-0.00097656
-0.03064
0.04541
-0.082886
-0.0043945
0.59155
-0.019531
0.45758
0.061584
-0.077942
-0.050842
-0.095459
0.056763
0.28674
-0.066162
0.44055
-0.038879
0.2934
-0.074524
0.016174
0.074707
0.053406
0.029297
0.18933
-0.045044
0.67206
0.077881
-0.18518
-0.014832
0.021667
0.047546
-0.053162
0.12585
0.79108
0.036316
-0.20892
0.063293
0.36145
0.47485
-0.056824
-0.08136
0.29089
0.063171
0.019287
0.17908
0.051025
0.052551
0.025391
0.13208
0.03418
-0.074158
-0.057373
-0.0068359
0.31458
-0.017578
0.50745
0.012939
0.12195
0.054504
0.058411
0.0026855
-0.023071
0.48114
-0.0095215
0.39514
-0.010559
0.026794
0.012268
0.21045
-0.033081
0.27069
0.29376
0.094849
0.093201
0.21497
0.0049438
-0.12677
-0.042786
0.019958
0.041565
0.60748
0.020081
0.19208
-0.015076
0.21136
0.0076904
0.023193
-0.057922
0.98499
-0.010681
-0.028748
-0.01886
-0.069336
-0.0018311
0.13318
-6.1035e-05
-0.10071
0.049438
0.0067749
0.22589
0.049194
0.849
-0.046448
-0.041992
-0.10944
-0.0080566
0.0062866
-0.038696
-0.046814
0.16827
0.37115
-0.020874
0.76422
0.00024414
-0.21875
0.029541
0.05719
0.13135
0.11102
0.1394
0.42456
0.0033569
0.11115
0.075928
0.33466
-0.050354
-0.032837
0.017273
0.82306
0.012878
0.023376
-0.013245
-0.088806
0.011475
0.13684
0.039124
-0.0083008
0.010498
0.0021973
0.18384
0.13397
0.10645
0.092834
0.1355
0.19366
0.051453
0.089233
0.018921
-0.017517
-0.022034
-0.014465
-0.025635
0.037415
0.33197
0.03717
0.10541
-0.047668
0.62769
0.015869
0.020386
0.083862
0.0032959
0.62653
-0.05603
0.22772
0.02301
0.01355
0.043579
-0.0084839
-0.018372
-0.023438
-0.040039
0.033691
1.0815
0.047729
-0.13245
0.0014038
0.065002
-0.0096436
0.12946
0.56714
-0.065369
0.19031
0.17517
0.15082
0.054199
-0.15851
0.0054932
0.045227
0.1496
0.0010986
0.35992
0.38776
0.026917
0.21411
0.0354
-0.039307
-0.014587
-0.028687
1.0597
-0.0073853
-0.094727
0.13818
-0.023499
-0.014465
-0.062622
0.062561
0.055298
-0.029053
-0.032349
0.48187
-0.055359
0.43256
-0.011841
0.2807
0.042603
-0.052002
-0.072021
-0.047241
-0.0055542
0.010864
0.031189
-0.098694
0.81195
-0.10138
-0.30591
0.27228
0.32715
0.014526
-0.008667
0.016663
0.014587
-0.038635
-0.075562
-0.03656
0.30273
0.01355
0.64532
0.96466
0.033813
0.0037842
0.032349
-0.086304
0.064697
0.031311
-0.014221
-0.062073
0.032654
0.047241
-0.035461
-0.039856
0.063965
-0.020813
0.51654
0.095337
0.11646
0.024292
0.19525
0.25818
0.041382
0.23926
0.020081
0.043335
0.077637
0.21063
0.02124
-0.017944
-0.012695
0.012329
0.033691
0.48444
-0.070496
0.26984
-0.039673
0.20624
-0.013123
0.083557
-0.0032959
-0.14386
-0.065063
-0.12592
-0.010742
0.084045
0.9942
0.035706
0.2049
0.0010376
-0.066223
0.75647
0.015137
-0.10962
-0.10132
0.15112
0.055298
0.24353
-0.018616
-0.023621
0.019348
0.024963
0.026245
-0.12524
0.25842
0.4317
0.021545
0.1792
-0.021484
0.0177
-0.0021362
0.18213
-0.052673
0.26172
-0.029846
0.041504
-0.04657
0.32495
0.0010986
0.14008
0.062012
0.20886
0.21265
-0.031433
0.28851
0.16809
-0.035461
0.18738
0.083374
0.0075073
0.035156
0.037964
0.036255
0.12836
-0.063782
0.14008
-0.057556
0.31366
0.025635
0.32257
0.088135
-0.0046387
0.013733
-0.008728
-0.019104
-0.026733
0.14899
0.013062
0.92816
-0.079956
-0.058228
0.17456
-0.059265
0.37372
0.06842
0.038452
-0.025208
0.36145
-0.04834
-0.019043
0.043274
0.0070801
0.018433
-0.023804
0.053162
0.025879
0.039124
0.077026
0.87787
0.017822
-0.022949
0.067505
0.010132
0.59436
-0.093323
0.40027
0.068054
-0.034424
0.036499
-0.064514
0.035034
-0.086792
0.089783
-0.078308
0.8335
0.064209
0.063293
-0.0048218
0.0079346
-0.011902
0.013123
-0.0026245
0.061279
0.46564
-0.11304
0.43671
0.028198
0.23938
0.021667
0.00018311
-0.014221
-0.066406
0.065002
0.068115
0.013855
-0.012024
0.42676
0.023071
0.73615
0.057739
-0.0177
-0.0401
0.95398
-0.051697
0.045715
0.006958
-0.0015869
0.041626
-0.023621
-0.010254
0.00354
-0.14166
0.031555
0.75293
-0.10522
0.15302
0.041748
0.52106
-0.019897
0.21362
-0.050171
0.020508
0.12366
0.015808
0.54633
0.27606
0.015259
0.010315
0.039673
-0.042664
-0.043396
-0.028259
0.11835
0.044006
-0.086121
0.88458
0.055237
0.051331
0.097351
-0.067261
-0.044373
0.023621
-0.023682
0.4726
-0.027527
0.20581
0.013916
0.31793
0.07196
-0.013611
-0.061584
-0.19855
0.072388
0.10986
0.066711
0.54974
-0.014648
0.15094
0.012756
-0.0055542
-0.09137
0.24548
0.1098
0.025452
0.32727
0.10486
-0.035583
0.18469
0.071716
0.060974
0.046814
0.085449
-0.033081
0.083679
-0.10791
-0.040588
0.12036
0.023987
-0.046997
-0.063049
0.78302
-0.016479
0.095825
-0.073975
-0.066833
0.064575
0.11292
-0.016663
0.053101
-0.043762
0.95154
0.071167
-0.069824
0.22791
0.046997
0.20679
-0.048584
0.41504
0.015442
0.10364
0.044006
0.071899
-0.10791
0.058777
0.33008
-0.11371
0.0013428
0.076599
0.047913
0.70282
-0.013733
1.1806
-0.043762
0.1604
-0.23688
-0.22852
0.17279
0.17303
0.0026855
-0.30023
-0.027649
-0.044495
0.11151
0.0079956
0.058899
0.31354
-0.074341
0.21399
-0.00061035
0.2627
0.033081
0.76068
0.13116
0.011353
0.085754
-0.013855
-0.0098877
0.17297
0.044312
0.0053711
-0.019226
0.71136
0.057495
-0.044739
0.088135
0.11078
0.064819
0.19092
-0.028687
-0.022644
-0.003418
0.036621
0.98102
-0.038574
0.012085
0.12787
0.039429
-0.0022583
-0.01593
-0.057312
0.008667
0.042053
0.028748
0.014771
-0.0038452
0.029419
0.14917
-0.0090332
-0.062256
-0.039429
0.88586
-0.025085
0.1098
0.024902
0.95343
-0.058289
-0.036377
-0.044556
0.06366
0.057617
-0.049072
0.0022583
-0.022034
-0.073059
-0.041809
-0.0072632
0.10834
0.0046387
0.053589
0.12305
0.82819
0.15131
0.040039
0.066772
0.018494
0.11603
-0.013123
0.13354
0.10089
0.41669
-0.048706
0.099243
0.022888
-0.052429
-0.11383
0.09021
-0.043701
-0.033875
0.025024
0.97931
0.0177
0.1637
0.032227
0.031738
-0.14264
0.05188
-0.050842
0.27551
-0.098694
0.29291
0.018616
-0.020447
-0.012817
-0.075562
-0.037048
-0.0023804
0.16071
-0.037598
-0.020752
0.03009
0.87256
0.034607
-0.083984
0.13672
-0.05542
0.64667
0.058472
0.17798
-0.060608
0.014526
0.029114
-0.0053101
-0.010254
-0.024475
-0.067139
0.020081
0.0057983
-0.04718
1.0579
-0.090027
-0.019409
-0.028076
-0.0047607
-0.0065308
-0.01947
0.031799
0.0099487
-0.0058594
0.079285
0.059814
0.86896
0.077271
0.83917
-0.033508
-0.0094604
0.14252
-0.034546
0.024292
0.047424
-0.04364
-0.061157
0.18713
0.11139
-0.026184
-0.084229
-0.068787
0.71686
-0.086365
-0.21014
-0.095215
0.32568
0.033264
0.023438
-0.1687
-0.089844
0.088928
0.043579
-0.049377
-0.012451
1.0974
0.10809
-0.027588
1.1466
0.049927
-0.069214
0.0060425
-0.063477
-0.051331
-0.01355
0.034546
0.015381
0.16492
0.20428
-0.070313
0.3421
0.15857
0.014221
0.043335
-0.062561
-0.0025635
-0.016235
0.34698
0.013977
0.34277
0.037781
0.063354
0.052185
0.26111
0.0026855
-0.0018921
-0.025696
0.013672
0.038208
0.61316
-0.003418
0.21808
0.035767
0.14087
0.011353
-0.045715
-0.0072632
-0.068298
0.066223
0.42767
0.00030518
0.40656
0.085022
0.15576
-0.027039
-0.090149
0.01239
0.047546
0.07251
-0.045227
0.035278
-0.014526
0.10822
0.067749
-0.039368
1.0212
0.030029
0.2359
0.087158
-0.0401
0.46136
0.10699
0.023376
0.028381
0.039551
-0.028809
0.065979
0.11487
0.047974
-0.030151
0.85681
-0.0012817
-0.0092773
0.049072
0.018433
0.06897
-0.016113
0.29211
0.070862
-0.035095
0.60114
0.049622
0.040161
-0.013672
0.011658
-0.09491
-0.047546
0.84808
-0.026855
0.026794
0.12927
-0.091675
-0.0076904
0.2038
0.021179
-0.068665
-0.0028687
0.3905
0.16681
0.0578
0.34448
0.042603
0.035767
0.12714
-0.050415
0.015259
-0.066223
0.35828
0.28705
-0.096375
-0.016785
0.25305
-0.013245
0.42462
0.069458
-0.14923
0.091492
0.081848
0.12994
0.032959
0.52032
-0.046204
0.22168
0.079407
0.11755
0.021484
0.00177
0.36743
-0.087341
0.16119
0.37317
0.00079346
0.0062256
0.22461
0.058411
0.079529
-0.001709
-0.069519
0.95624
-0.049377
0.067383
0.025818
0.083435
-0.013367
-0.048645
0.017517
0.0031128
0.032776
-0.01825
0.01593
-0.058167
0.61603
-0.0061646
0.30109
0.013672
0.034851
0.021179
0.14618
0.064026
0.027954
-0.021545
-0.096252
0.27509
0.090576
0.16882
0.25989
-0.013733
0.090942
0.28796
-0.091003
-0.075317
0.72455
-0.058838
-0.073303
0.075867
0.026062
0.057312
-0.051941
-0.0042114
0.038879
0.0055542
0.015442
0.0079956
-0.054443
0.54279
-0.05249
0.35748
0.1109
0.28766
0.026978
0.73627
-0.024658
-0.11719
0.021057
-0.069092
-0.044861
0.016724
1.1434
0.034241
0.01593
-0.27209
-0.18427
-0.13019
0.24255
0.059448
-0.028442
-0.025818
0.14447
0.025879
0.087097
0.072571
0.013
0.13873
0.20593
0.0088501
0.011902
0.01709
0.075684
-0.0083008
-0.19861
0.036926
0.030029
1.0728
0.074829
0.12701
0.19312
-0.1394
0.05426
-0.060669
0.048035
-0.026428
-0.0029907
0.035156
0.10706
-0.015198
0.24506
-0.049255
0.0031128
0.016052
0.1048
-0.034668
-0.015869
-0.036011
0.020691
-0.014343
0.85852
0.09082
0.071777
-0.016785
-0.020142
-0.0037231
-0.094482
0.032288
0.040466
-0.02948
0.90637
0.013367
0.020264
-0.14929
0.13678
0.053345
0.49017
-0.030151
0.42645
-0.058228
-0.052185
-0.0057373
0.12463
0.76019
0.011169
0.079895
0.13635
-0.043152
0.10175
-0.032837
-0.0054932
-0.060303
0.3139
-0.038025
-0.11755
0.19983
0.046082
-0.015442
0.2207
0.12128
0.28339
-0.016235
-0.060181
-0.075928
0.068787
-0.033569
-0.053833
0.30225
0.15039
-0.056519
0.80109
-0.066345
-0.01239
-0.023987
-0.067566
-0.0093994
-0.0048828
0.097412
0.045715
0.17804
0.02179
0.6701
-0.060974
0.021179
0.17041
0.033325
0.050964
-0.064758
0.11572
0.052612
0.22699
0.062195
-0.049927
-0.013062
-0.052002
-0.014893
0.12872
1.1292
-0.0054321
-0.088623
-0.021423
-0.034424
0.080994
0.070557
-0.030151
0.013367
-0.022583
-0.0060425
0.018799
0.015991
1.1656
0.021484
0.019775
-0.011353
-0.0038452
-0.089539
0.045654
-0.07782
0.013855
0.7121
-0.064209
0.30292
0.60333
-0.0048828
0.10944
-0.016479
-0.011475
0.078003
0.23309
0.011169
-0.094727
-0.017212
-0.040039
0.066284
-0.026184
-0.073669
-0.049316
0.17474
0.040527
1.1474
0.030273
-0.11298
-0.082397
0.023132
0.57538
0.046875
0.18018
-0.024475
0.18195
-0.14014
0.087036
0.041626
0.038757
-0.015686
-0.14581
-0.06604
-0.0098877
0.35382
0.073486
0.69916
0.089844
-0.0053101
0.080261
0.25116
0.016968
0.51489
0.11176
-0.00061035
-0.016357
0.1062
-0.093506
0.069946
0.083618
-0.045471
-0.19177
0.075378
-0.034302
0.76776
-0.064636
-0.059814
-0.091736
0.10571
0.034485
-0.026062
0.09021
-0.035217
0.0098267
0.70465
0.11646
0.11353
0.032898
0.033752
0.040039
0.0075684
0.050232
0.047668
-0.047058
0.024353
-0.10126
-0.15326
0.77899
0.1767
0.00036621
0.1687
0.039917
1.1342
-0.046387
0.023865
-0.011475
-0.060364
-0.074402
0.039917
0.10065
-0.014832
0.22375
0.12671
0.28778
-0.0095215
0.19672
0.06073
0.011719
-0.057312
0.0075684
0.061829
0.063416
-0.042725
-0.025452
0.024536
0.038696
0.038269
0.70807
0.099121
0.00177
-0.031006
-0.1084
-0.036743
0.11755
0.87347
0.049988
0.070313
0.0012817
-0.0092773
0.0049438
0.041565
-0.010803
-0.051331
0.034485
0.072144
-0.076904
0.098694
-0.030579
0.59521
-0.018433
0.03064
-0.025269
0.097656
-0.03186
-0.053711
-0.14148
0.017151
-0.037415
1.03
-0.023865
-0.071228
0.42999
0.033264
0.34698
0.11731
0.3855
0.049194
-0.088196
-0.019531
0.60095
0.026611
0.0010986
0.025208
-0.0046997
-0.0038452
0.089905
0.032349
-0.043945
0.026794
-0.057068
-0.045105
0.050232
-0.072632
0.61249
0.011169
0.3161
-0.003418
-0.043518
0.027222
-0.05304
0.09198
-0.027039
-0.013733
0.04425
0.23029
0.010925
0.92145
0.057617
-0.074707
0.036987
0.95795
0.0062256
-0.1059
0.064148
0.059875
-0.029053
0.060608
0.021667
0.026489
-0.014282
-0.05188
-0.043213
-0.03418
-0.039001
-0.24646
0.094849
0.32471
0.68152
0.09729
-0.0062256
-0.067505
-0.072144
0.00067139
0.060364
0.091614
0.069946
-0.13391
1.186
-0.046204
-0.073181
-0.022888
-0.07135
-0.11707
0.10394
-0.2088
-0.13068
0.16388
0.82263
-0.19153
0.045288
0.064819
0.02301
0.05896
0.014771
0.52325
0.032104
0.40875
0.0061035
-0.077881
-0.0073242
-0.0030518
0.72668
0.003418
0.082336
0.025635
0.1568
0.024902
-0
0.012634
0.88751
-0.006958
-0.0076904
0.076477
0.003418
0.026794
0.22083
0.076111
-0.036438
0.02887
-0.021362
0.019287
-0.0032349
0.019653
-0.0031128
0.036438
0.010925
0.12836
0.0076904
0.78589
-0.030701
0.012024
0.013733
-0.10522
0.035278
0.097839
0.058411
0.77338
0.078003
0.1452
0.019897
0.023682
-0.0048218
0.010376
0.0089111
0.097107
-0.0036011
0.32245
-0.036011
0.625
-0.011414
-0.019836
0.07019
-0.040955
0.52606
0.0010376
0.40906
0.031311
-0.010742
-0.035522
-0.02655
-0.051819
0.029297
0.021301
-0.081543
0.054077
-0.028503
0.029175
0.10864
1.0067
-0.0084839
0.030029
0.13025
0.14459
0.52496
-0.042297
0.15173
0.091492
0.018372
-0.013245
-0.048157
0.85797
0.008667
0.14368
0.03009
0.00030518
0.012329
0.018433
0.025208
-0.014465
0.039612
-0.061646
0.11011
-0.05304
0.70392
0.033325
0.23071
-0.0026245
0.00177
-0.010498
0.013916
-0.0023804
0.037354
0.0078735
-0.038025
-0.12054
-0.052368
0.98456
-0.036438
0.044006
0.11871
0.063538
0.21082
0.036865
0.33698
-0.0064087
0.29004
-0.01593
0.0089722
0.0062866
0.0020752
-0.023682
0.01001
-0.05072
-0.0036011
0.99652
-0.086914
0.084717
0.044373
-0.13666
0.0097656
0.008606
0.32263
0.29907
0.27545
0.00024414
0.22736
0.075317
-0.093567
-0.062317
0.030396
-0.029297
0.26965
0.0020752
0.29108
0.047241
0.43817
-0.011719
0.040649
0.005127
-0.074524
0.11218
0.51526
-0.052612
0.14624
0.18658
0.13617
-0.057434
0.084045
-0.054382
0.025024
0.028992
0.065979
0.012756
-0.032715
-0.1073
0.025818
0.071716
0.11755
0.94153
0.6424
0.059692
-0.17413
0.07373
0.18829
0.094299
0.22571
-0.07312
-0.0013428
0.016663
-0.025208
-0.024292
0.016418
-0.0085449
0.022339
0.073669
0.034058
0.63116
-0.0091553
0.26996
0.027649
0.50146
-0.039185
0.34509
0.12976
-0.031921
0.095886
0.049805
-0.099121
-0.0073242
0.016052
0.024231
0.043396
0.060486
0.052856
0.0026245
0.017029
0.041748
-0.051636
1.0559
-0.041504
-0.052856
0.022522
0.057068
-0.047302
0.1557
-0.006897
0.77509
0.03302
-0.11871
-0.052917
0.024902
0.40582
0.052185
0.073059
-0.044922
0.15509
0.038879
0.057007
0.014221
-0.043274
-0.055176
-0.023682
0.089722
0.061584
1.0836
0.020935
0.012634
-0.0092163
-0.11298
0.18896
-0.0065918
-0.098938
0.34888
0.11328
0.17682
0.28668
-0.0049438
0.078735
-0.059692
-0.12732
-0.030579
0.1701
-0.019409
-0.011047
0.26654
0.084534
0.0024414
0.65961
0.018982
-0.021851
0.058838
0.12976
-0.056763
0.64856
-0.080017
0.1673
0.010681
0.0078735
0.073975
-0.014282
-0.026001
0.005188
-0.071228
-0.0072021
0.37177
0.0401
0.28455
0.0076294
0.52814
0.19952
-0.0271
0.014526
0.50348
0.37646
0.088623
0.011841
0.070374
-0.10907
-0.01825
0.028137
0.0084839
0.023987
0.0048218
0.033508
0.029846
0.027954
0.34943
-0.056763
0.70044
-0.085571
-0.054688
-0.049744
-0.0031128
0.042786
1.2187
0.05188
-0.18933
-0.056396
-0.10675
-0.022888
0.0093994
-0
-0.028259
-0.022644
0.40881
0.062195
0.54669
0.094727
0.13092
0.025879
0.05365
0.007019
-0.0012207
0.071899
0.72076
0.057373
-0.0095825
0.033936
-0.084045
-0.034851
1.148
-0.03894
-0.18439
-0.0071411
-0.026672
-0.032471
0.057007
0.0053711
0.012939
0.21576
0.15094
0.012085
0.72015
-0.030273
-0.07196
-0.02063
-0.029114
-0.048889
0.025391
0.14606
-0.049866
0.053711
1.0462
0.042969
-0.057922
-0.064636
-0.089783
-0.11841
0.028137
0.055542
-0.059509
0.05719
-0.032837
0.49756
-0.00036621
0.3562
0.021851
0.084961
0.0067139
0.45801
0.056885
0.064636
-0.018188
0.26776
0.015747
0.19464
-0.012817
-0.054749
0.013733
-0.047241
0.0068359
-0.042664
0.0088501
0.017273
0.24219
0.011353
0.44598
-0.014465
0.19513
-0.061584
0.031494
0.018982
0.035156
0.00354
0.61127
-0.031128
0.33453
0.021973
-0.04718
0.062683
0.11896
-0.020813
0.80176
-0.0045776
0.082581
0.051758
-0.016479
0.020752
0.00091553
0.06958
0.038086
-0.12927
0.0016479
-0.034729
0.74518
0.081787
0.13123
0.16693
0.13318
0.003418
-0.03241
-0.00018311
-0.054688
0.020813
0.2486
0.056702
0.22498
0.12738
0.41217
0.015625
0.025452
0.20624
0.050964
-0.04718
0.078491
-0.042847
-0.2749
1.1567
0.0578
-0.047913
-0.010071
-0.01532
0.070801
0.058777
0.089539
-0.020508
0.9826
0.0071411
-0.036438
-0.01062
0.032532
-0.0096436
-0.032593
0.088135
-0.14252
0.0080566
0.79889
-0.11646
0.3161
-0.030579
0.0076294
0.091614
0.0036011
0.71295
0.032288
0.28052
-0.079834
0.080933
0.022156
-0.051514
-0.028259
0.061279
-0.0099487
0.54065
0.024658
0.39917
-0.023132
-0.0092773
-0.017334
-0.054199
0.098389
0.011597
0.016296
0.045593
0.79175
-0.071228
0.14014
-0.016785
-0.068909
-0.049683
0.078796
-0.093567
-0.028259
0.064087
0.86102
-0.024902
0.1123
0.16614
0.00354
0.11127
0.20959
0.00085449
0.21521
0.095581
0.2196
0.15125
0.078491
0.005249
-0.032349
0.032776
0.020996
0.12543
0.10413
0.54742
-0.018127
0.091187
0.043213
-0.012512
-0.033264
-0.04834
-0.019287
0.055359
-0.035522
-0.035889
0.28473
0.016479
0.21094
0.59729
-0.036316
0.050659
0.32861
-0.044189
0.24945
0.0081177
0.21759
0.069153
0.014648
0.19153
0.0045776
1.1235
0.073486
-0.063293
-0.036865
-0.14264
-0.0055542
0.068848
0.077942
-0.075806
-0.064087
-0.030273
-0.080811
-0.038086
0.038574
-0.0023193
0.11053
0.03302
0.23187
0.14099
0.52661
0.042297
0.075806
0.60931
-0.051636
0.31714
0.034424
0.014587
0.057312
-0.088501
0.01416
0.19489
0.14929
0.01825
0.31268
0.12085
-0.070496
0.12817
0.10425
0.069275
-0.006897
-0.032593
-0.01825
0.72913
0.0079956
0.11169
-0.02301
0.094116
-0.046631
0.07843
-0.0025024
0.12506
0.030396
0.16028
0.078613
-0.039307
0.13263
0.20563
-0.025696
0.21411
-0.0050659
-0.03833
-0.026245
-0.041626
0.018555
0.01001
0.1521
0.0039063
0.14014
0.15125
0.53479
-0.14288
0.030029
0.16431
-0.044617
0.67755
0.11115
0.28937
0.0059814
-0.092163
-0.024475
0.29297
-0.012146
0.0046997
0.037964
0.023193
0.66931
0.31146
-0.034485
-0.074585
-0.010681
0.074402
-0.051025
0.00042725
0.0024414
0.029236
0.28156
0.080872
0.16943
-0.0061646
0.51489
-0.044495
0.98273
0.003479
0.078552
-0.00097656
-0.028259
-0.022522
-0.025452
0.0018921
-0.00097656
-0.058777
0.074524
0.12457
0.041016
0.62726
-0.040955
0.28717
0.064636
0.11786
-0.044373
-0.058655
-0.091431
0.12762
0.063293
0.014832
0.22803
0.12885
-0.092407
0.70599
0.0058594
-0.011658
0.94379
-0.049622
-0.076294
0.061646
0.057373
0.007019
-0.014099
0.057129
-0.0094604
-0.077087
0.049194
0.14728
0.083679
0.61957
0.070984
0.19257
-0.020142
0.11774
-0.033936
-0.0064697
0.029358
-0.00018311
-0.06543
0.046631
0.42255
0.027588
0.35541
-0.058716
0.24963
0.059143
-0.020691
-0.11127
-0.0076294
0.081787
-0.028625
0.03363
0.057007
1.02
0.096252
-0.025146
0.03064
0.25409
0.12305
0.35443
-0.037781
0.25562
-0.039429
-0.027344
-0.0045776
0.037781
-0.13416
0.085938
0.11804
0.01239
0.1543
0.146
-0.0031738
0.18134
0.040894
0.054749
-0.019409
0.013916
0.062866
-0.020203
-0.14758
0.0063477
1.0807
0.00042725
-0.018372
0.0011597
-0.035645
0.27563
0.046021
0.42114
-0.016724
0.27148
-0.043457
0.16492
0.035217
0.64746
-0.043457
-0.081665
-0.10223
0.14746
-0.041992
0.36249
0.023621
0.11609
0.052429
0.093262
-0.02478
0.54749
-0.019409
0.10986
-0.041443
0.25562
-0.042908
0.21002
0.023132
-0.10657
0.046387
0.49805
0.15277
0.049744
0.033752
0.2276
-0.076477
0.14807
-0.048645
0.019287
0.11688
0.031738
0.27899
0.32458
0.042236
0.20728
0.033752
0.065613
-0.071228
-0.0071411
0.083435
0.53748
0.03064
0.16595
-0.032288
0.13361
-0.064697
0.11194
0.15302
0.023438
0.17566
-0.019653
0.65338
-0.012573
-0.065308
0.050781
0.15698
0.11127
-0.046631
0.90106
0.071045
-0.022095
-0.0028076
-0.077515
-0.050537
0.12878
0.059143
-0.028442
-0.010559
0.041199
0.018921
0.023987
0.0095825
0.037354
0.83966
0.082458
0.42645
-0.064819
-0.11432
-0.057434
0.039368
0.23584
0.068848
0.41553
-0.029236
0.28699
-0.01001
0.010071
-0.023865
0.084717
-0.056335
0.13928
0.39532
0.32623
0.035706
0.11285
0.047607
-0.095154
-0.089844
0.039795
0.04718
0.28186
0.035583
-0.061157
-0.08728
0.22504
0.077698
0.17108
-0.017395
0.045166
-0.10291
-0.083679
0.14294
-0.0060425
0.051208
0.11078
-0.034241
0.83643
0.036804
0.12048
0.030701
0.063171
-0.057495
-0.12653
0.35193
0.076599
0.19086
0.26489
-0.072876
0.3692
0.24481
0.18738
0.013123
0.093933
0.094849
0.16925
0.04248
-0.0028687
0.0022583
-0.082886
0.023193
-0.072754
-0.013
0.029602
0.2077
0.031006
0.25256
0.030762
0.47278
-0.070557
0.046082
-0.036865
0.028503
0.75922
0.0024414
0.20752
-0.02533
-0.032349
0.052368
0.062195
0.0012207
0.11261
-0.013672
0.33417
0.017822
0.38367
-0.014038
0.033813
0.041931
0.0087891
-0.037781
0.43964
0.0075073
0.48138
0.05896
0.092896
0.023926
-0.050293
-0.068298
0.0042725
0.05957
-0.013306
-0.15283
-0.038574
0.091431
-0.097229
0.0092773
1.2853
0.019531
0.16492
0.29163
-0.036133
0.45636
0.061096
-0.018066
0.024414
0.082886
0.076294
-0.017578
0.074829
-0.12396
-0.07605
0.091003
-0.045959
0.47339
0.10864
0.045715
-0.0053101
0.3515
-0.026672
0.96094
-0.01239
-0.016602
0.0095825
0.023499
0.011047
0.018311
0.0448
0.0032349
0.31799
0.17084
-0.069336
0.40027
0.10327
0.010498
0.18115
0.01062
0.025879
-0.051453
0.0064087
-0.0578
0.053406
0.025085
0.075317
-0.067505
-0.052368
-0.017883
-0.033081
1.1185
-0.033264
0.86267
0.037354
0.046814
0.0074463
-0.0084229
-0.018311
0.056335
0.0053101
-0.029297
0.017395
-0.11279
0.16821
0.057617
0.45752
0.060425
0.23358
-0.014282
0.32861
-0.070984
0.076111
0.048889
0.022156
0.020996
0.012512
-0.039856
0.0027466
0.19464
0.021179
0.87427
0.26965
0.24207
-0.023682
0.32404
0.18677
-0.029114
-0.035828
0.066895
-0.047424
-0.015198
0.027771
0.0036621
-0.0080566
-0.059631
0.055847
0.15021
-0.0089111
0.51929
0.052063
0.23181
-0.012329
0.030151
-0.022156
-0.030334
0.77484
0.081909
0.2334
0.0072021
-0.011719
0.02417
0.093811
-0.041382
0.20172
0.067566
-0.016541
0.0029907
0.098755
-0.033264
0.0092163
-0.0067139
0.2597
0.084717
-0.11768
0.1499
0.21704
0.021973
0.37543
-0.19739
-0.088379
0.019043
0.18219
-0.026428
0.73761
0.0025635
0.20392
0.034302
0.19086
0.09668
-0.013611
-0.089233
0.036926
0.081116
0.014221
-0.030762
-0.022766
0.22839
0.0015259
0.048584
-0.18225
0.77649
0.14185
0.10541
-0.12506
0.22217
0.23352
0.059509
0.30389
0.067688
0.14203
-0.0020142
0.03302
0.15234
0.056335
0.47711
0.1156
0.056519
0.045593
0.058838
0.10992
-0.06134
0.095764
-0.039551
-0.056519
0.04248
-0.03949
0.42914
-0.0036011
0.066162
0.17682
0.036743
0.23492
-0.013245
0.096558
0.10748
0.23297
-0.076599
0.34363
0.012268
0.13373
-0.013733
-0.064636
-0.0063477
-0.077637
0.18298
0.05481
1.2548
-0.070313
-0.031982
0.019287
-0.12811
-0.0076904
0.97357
-0.0097046
0.13538
0.053223
-0.053223
-0.088745
-0.032227
0.014954
-0.022949
-0.019226
0.01123
-0.0354
0.0063477
-0.022095
-0.065552
0.0066528
1.1372
0.0048218
-0.065247
-0.056091
-0.010437
-0.078003
-0.038147
0.090942
-0.046936
0.082458
0.15546
-0.024048
0.78613
-0.045166
-0.019531
0.20624
0.082397
0.44171
-0.022766
0.14178
0.041138
-0.010437
0.048706
0.26489
-0.081177
0.050842
0.23267
0.085693
0.037903
0.035522
-0.021179
-0.028381
0.078003
-0.040527
0.0041504
0.0019531
0.066895
0.061646
0.5022
-0.056702
0.58636
0.021729
-0.12421
0.062256
0.013794
-0.067749
0.41962
0.29926
0.026672
0.203
0.0061035
0.024597
0.041443
0.59747
-0.061523
-0.034485
0.19421
0.021301
-0.0021973
0.38989
-0.058411
0.031433
-0.039001
-0.10522
-0.013367
0.32129
-0.050659
0.5434
-0.0096436
0.36682
0.060913
-0.057678
-0.08313
-0.12158
-0.076172
-0.010803
-0.04071
-0.081787
0.13965
-0.083984
0.065247
0.75861
0.079956
0.05896
0.75299
-0.0063477
0.1944
0.021362
-0.023315
-0.06842
0.077332
-0.045288
0.023682
0.6618
0.080139
0.075989
0.0057983
0.0039063
-0.026978
0.11951
-6.1035e-05
0.077332
0.050415
-0.0096436
0.01416
-0.019836
-0.014893
0.0062256
0.21478
0.01123
0.0014648
0.056702
0.79517
0.033508
0.033691
-0.17059
0.044495
-0.010193
-0.054626
-0.13507
-0.14087
-0.19421
1.1114
-0.018494
0.017944
-0.0029297
-0.020569
0.0046997
0.097839
-0.00030518
0.48627
-0.087952
0.42542
0.021057
-0.045471
-0.025574
0.0098267
0.0094604
0.041626
0.047485
-0.12738
1.2584
0.038025
-0.07605
-0.019897
0.51331
-0.03595
0.33594
0.10461
0.12476
0.0076904
0.078613
0.0075073
0.23694
0.10382
-0.12451
0.1933
0.41632
-0.017334
0.11224
-0.0089722
0.036194
-0.018127
-0.036926
-0.019531
-0.095581
-0.020874
-0.014465
0.31885
-0.069214
0.016663
-0.045532
0.65369
-0.053284
0.044006
-0.036377
-0.077271
-0.0059814
0.11334
-0.0083008
0.96393
-0.060669
-0.10474
0.02533
0.076355
-0.0089111
0.067078
0.046997
-0.12793
0.040955
1.2037
-0.074219
-0.057739
0.11145
-0.056335
0.00085449
0.032043
0.030151
0.63367
0.10114
0.080688
-0.078064
0.23962
-0.0040283
-0.01886
-0.078003
0.056152
0.010254
0.14734
0.045349
-0.12482
0.43506
-0.025879
0.036194
0.034729
0.092712
0.0014648
0.014343
-0.10095
0.10175
0.025879
0.12756
0.018127
-0.027405
-0.022156
-0.066223
-0.016907
-0.028503
-0.041077
0.023071
0.92249
0.052368
-0.068481
0.056641
0.034912
-0.023438
0.10785
-0.092468
0.57574
-0.16162
0.032288
-0.035278
0.41803
0.10162
0.03064
0.037964
0.55072
0.02478
0.30963
0.022522
0.046326
0.066101
-0.035583
-0.034302
-0.079834
-0.02417
0.010315
-0.076599
0.99689
0.037354
0.18567
-0.12
-0.045654
0.0025024
-0.069824
-0.019104
0.071289
0.13721
0.84119
0.14563
0.045349
-0.077515
0.046204
0.30414
0.15192
-0.048462
0.38147
0.08374
0.013733
0.036316
0.012024
-0.066833
0.054871
0.0067139
-0.032898
0.024902
-0.10376
-0.04071
0.012268
-0.025757
0.05426
0.95819
-0.030701
0.00018311
-0.036926
-0.049683
-0.012085
0.010925
-0.020508
0.010925
0.052063
0.054688
0.65222
0.0046387
0.021912
-0.049805
0.0042114
0.043945
0.21716
0.01239
0.78912
-0.12042
0.14832
0.053223
-0.015747
0.31842
0.070679
0.31946
-0.093567
0.30524
-0.02002
0.20721
-0.020386
0.034729
0.94452
-0.059448
0.069763
-0.00079346
0.029297
-0.078491
-0.012146
-0.0045166
0.011597
0.068909
-0.0059204
0.026794
0.054016
0.40649
0.013062
0.091492
-0.016479
0.20837
0.096191
-0.010437
0.025452
-0.046997
-0.057739
-0.0028687
0.47571
0.011353
0.21912
0.11975
0.12646
0.19006
0.78125
0.049622
-0.011841
0.21307
-0.1131
-0.017883
0.042969
-0.0012817
0.022461
-0.049133
-0.0072632
0.05542
1.064
-0.062256
-0.037964
-0.033875
-0.027893
0.034546
-0.064392
0.019348
-0.0053101
0.028503
-0.0354
0.49689
0.025757
0.34796
0.065918
0.077576
-0.025818
0.15491
0.23401
-0.065979
0.10828
0.041504
0.23962
0.15784
-0.052673
0.18201
-0.012878
-0.049072
-0.023682
0.17615
-0.041077
0.53009
0.042419
0.32086
-0.013184
-0.030334
-0.015381
0.1098
0.023926
0.16235
0.12073
0.072693
0.059021
0.034668
-0.052734
0.39722
-0.11328
0.036804
0.053955
0.043152
0.033081
0.016235
-0.042908
-0.0073242
0.10156
0.017334
0.80792
0.017761
-0.011353
0.20306
-0.029602
0.60718
0.040405
0.17804
-0.042297
-0.097717
-0.0076294
-0.023621
0.061279
0.013855
-0.049866
0.015076
-0.020325
0.070984
1.123
-0.0048218
-0.057861
-0.021851
0.027222
0.011475
-0.050781
-0.041199
-0.20184
-0.005188
0.85461
-0.050049
0.12439
0.26166
-0.062622
0.012329
0.26752
0.0979
-0.019592
0.12408
0.0064087
0.017761
0.074829
0.07959
-0.13483
0.11176
-0.16089
-0.027893
0.89764
0.15082
-0.16443
-0.052917
0.05011
0.75897
0.0054321
-0.070129
0.021912
-0.04657
-0.041016
0.20795
0.0037842
-0.056458
0.024963
0.088806
-0.065979
-0.078369
-0.054321
-0.051331
-0.024658
-0.08136
-0.02948
0.77631
-0.1073
0.006897
0.0061646
-0.021973
-0.016602
-0.046692
0.070068
0.048279
0.097534
0.64795
-0.027832
-0.12146
0.082642
0.26483
-0.1593
0.44714
0.04895
0.29114
0.016663
0.069092
0.022339
-0.13794
-0.06073
-0.0054932
-0.076965
0.076294
0.29517
-0.020142
0.089294
0.58368
0.05658
-0.17078
-0.08606
-0.058594
-0.0050659
0.032288
1.0226
0.085632
0.084656
-0.010925
-0.17139
-0.046814
-0.11987
-0.083557
0.13318
0.58722
0.038513
0.33533
-0.078857
0.072571
0.0085449
0.14246
0.29779
-0.058899
0.43475
0.18695
0.047424
-0.0076904
0.00085449
-0.072815
0.044495
0.042786
0.029968
-0.0087891
-0.028931
0.034546
0.13104
0.09613
0.92981
0.0095825
-0.015686
-0.11383
-0.035522
-0.13025
1.1237
0.053528
0.039673
0.049133
0.0271
-0.033569
-0.047974
0.53223
-0.016357
-0.11639
0.25269
-0.11133
0.016968
0.02478
-0.030518
0.014404
0.069763
0.50555
0.0091553
0.094849
-0.0062866
0.021423
0.015564
0.31567
0.02179
0.112
-0.048401
0.095276
-0.082886
0.052734
0.23822
0.35803
0.0021362
0.15253
0.052307
0.067871
-0.043701
-0.075012
0.00036621
0.0057983
-0.021606
-0.085449
0.84119
-0.096802
-0.027466
0.050415
0.012146
0.24786
0.012329
0.51398
-0.08252
0.12891
0.017456
0.42889
0.0059204
-0.022217
0.040527
0.94635
0.042603
-0.015381
-0.028381
-0.06073
0.0042114
0.092468
0.013794
-0.028076
-0.016418
-0.048889
-0.027283
-0.041077
-0.046875
0.077576
0.2132
-0.01593
1.0805
0.054993
0.0026855
-0.010376
-0.015503
0.0014648
-0.0014038
-0.016602
0.12219
0.047852
0.85413
0.039917
-0.086243
-0.033264
0.068542
0.0029297
-0.05603
-0.03363
0.30579
-0.062378
0.76343
0.028381
0.012817
0.0061646
0.97144
-0.13361
0.097107
0.010803
0.11084
-0.022644
-0.08429
-0.032104
0.018555
-0.15063
0.031921
-0.14075
0.022766
0.0979
0.828
-0.0039063
0.22992
0.1532
-0.10889
0.02594
-0.031982
0.72845
-0.12653
-0.0057373
0.010437
-0.013062
-0.05011
0.0078125
0.13953
0.047546
0.4632
-0.034729
0.32135
0.1546
-0.06427
0.11481
0.081421
-0.059448
-0.014404
0.035156
0.003479
-0.037781
-0.017761
0.038086
0.1344
0.091309
-0.095886
0.78217
-0.061157
-0.025269
0.0040894
0.12793
-0.177
0.047485
0.91766
0.06665
-0.0092163
0.10266
-0.10773
0.043213
0.016663
0.47754
0.048157
0.1358
0.03363
0.19849
-0.052307
0.049622
0.019714
0.093018
0.031616
0.54523
-0.05896
0.00054932
0.077026
0.14227
-0.01593
0.067322
0.041931
-0.0080566
-0.010376
-0.037781
0.029846
-0.0071411
0.29352
-0.0036621
6.1035e-05
0.5481
0.023376
-0.030762
0.0027466
-0.02832
0.018066
0.015076
0.0061646
-0.04657
0.95386
0.057556
-0.030151
0.055542
-0.041931
-0.011597
-0.010803
0.02832
0.20239
-0.023987
0.73938
-0.055969
0.1095
0.046997
-0.039124
0.45685
0.087952
0.23315
-0.081848
0.34393
0.059875
0.022522
-0.060608
-0.011963
0.12695
0.045776
-0.045227
0.014343
0.11139
-0.037781
0.91034
-0.045959
-0.054932
0.026245
1.1591
-0.046692
-0.096375
0.093201
0.055115
0.059326
-0.095032
0.0089111
0.070557
0.8067
-0.033752
0.094788
0.013245
0.01178
0.013977
0.28857
0.0088501
-0.16254
0.054016
0.06427
-0.038147
0.028381
0.024658
0.022217
0.076416
0.10907
-0.035095
0.00354
0.51581
0.053284
-0.18176
-0.093567
0.047424
0.065063
0.98688
0.1568
-0.034485
-0.063904
-0.0029297
0.14111
0.095398
0.020264
0.60406
-0.11743
0.079956
0.032776
-0.08606
0.18677
0.016785
0.028381
0.0089111
0.023499
0.067444
0.0077515
-0.054382
0.019592
-0.033508
0.13977
0.83282
0.09314
-0.1955
0.058777
1.1771
0.1189
-0.0075073
-0.046021
-0.02832
-0.18622
-0.0022583
-0.0033569
-0.080322
-0.091431
0.12469
-0.0037842
0.72083
0.016724
0.18274
0.052917
-0.021912
1.1693
0.055176
-0.084412
0.020325
-0.20612
0.07489
-0.070068
0.067932
-0.0043335
-0.049316
-0.079834
0.063171
-0.0090942
0.011414
-0.0078125
-0.10785
-0.036743
0.9209
0.14343
-0.11847
