-0.010376
0.048767
0.15143
0.013672
0.72607
-0.041016
0.1524
-0.025696
0.045837
0.020752
0.034973
0.073486
-0.056152
0.00048828
0.19476
-0.028809
0.025452
0.19281
1.1776
-0.12225
-0.093018
0.0040894
0.32196
-0.028381
0.5636
0.11029
0.046997
0.034119
0.048767
-0.031433
0.87073
-0.067444
-0.003479
0.0046387
-0.14575
0.013123
0.10175
0.017395
-0.0625
-0.033142
0.055725
-0.030701
0.16711
-0.033264
0.46899
0.016479
0.14258
-0.071167
-0.0053101
0.046265
0.044434
0.021545
-0.033264
-0.040527
-0.034302
0.29956
0.057312
0.34009
-0.057068
0.35358
0.48138
-0.13873
-0.0042114
0.34686
0.060486
0.01355
0.31091
-0.0011597
-0.037903
-0.0098267
-0.080566
0.026184
-0.049927
0.049194
0.080322
0.70557
-0.091187
0.27661
0.071472
-0.042603
0.27264
-0.010925
0.38513
0.18323
0.049011
0.091309
0.15619
0.11493
-0.093811
-0.039429
0.25305
-0.015503
-0.052917
0.059143
0.29248
-0.016174
0.36011
-0.006958
0.02887
-0.045471
0.14154
-0.0076904
0.24194
-0.00030518
0.43127
0.017822
0.27179
0.12097
0.061707
-0.030884
0.050842
0.040894
-0.015076
-0.10803
0.0066528
-0.0064697
0.02655
0.094421
0.86682
0.015198
0.46356
0.039063
0.00067139
0.22888
0.049194
-0.021118
0.33276
-0.027405
0.07312
-0.024231
0.65881
0.14148
-0.049072
0.056885
0.043823
-0.019714
0.24609
0.081177
-0.094971
0.049744
0.0096436
0.060303
0.15253
0.11938
0.51532
0.0055542
0.029785
0.078613
-0.043213
-0.01825
0.65527
-0.20593
-0.034058
0.25958
-0.14185
0.10541
0.17297
0.1781
0.1123
0.10388
-0.0054321
0.073303
0.14374
0.08075
0.46271
-0.0495
0.1615
0.079041
0.037476
0.016479
0.018372
0.022766
0.049744
-0.047241
0.04187
0.61853
0.097473
0.12183
0.0041504
0.047363
-0.058411
-0.078918
0.071289
0.10992
-0.052551
0.68829
0.047852
0.0027466
0.12146
0.09613
0.015991
-0.0010376
-0.00048828
-0.0036621
-0.016968
0.030457
-0.00042725
0.034119
0.086365
-0.0092163
0.52069
0.16296
0.11371
0.08783
0.031677
0.0075684
0.19165
0.0020142
0.005188
-0.02771
-0.034058
0.053528
-0.064636
0.010193
0.005249
0.23212
0.075745
0.74408
0.072144
-0.042542
1.05
0.051758
-0.065979
-0.061768
-0.13098
0.016968
0.12793
0.03717
-0.14734
-0.083313
0.064819
0.046692
-0.011902
0.055237
0.041321
0.033081
0.065796
-0.10645
0.9942
-0.0012817
-0.026978
0.028076
-0.026428
-0.064453
0.017639
0.22681
0.013062
0.02948
-0.074036
0.84424
0.86749
-0.016357
-0.16895
-0.073547
0.077271
0.10638
0.19116
-0.037903
-0.086914
0.0070801
0.11603
0.01001
0.7251
-0.012817
0.0078125
0.036133
0.16736
0.0092163
0.030457
-0.0045166
0.036926
0.87244
-0.087952
0.046387
0.10437
0.012451
0.076294
-0.067261
0.018799
0.027649
0.06012
0.053955
0.18451
-0.17786
0.34668
0.15466
0.30298
0.016296
0.044922
-0.044312
-0.013611
0.055908
0.0271
-0.00177
0.038208
1.0897
-0.029846
-0.34955
-0.01239
0.1463
0.095886
0.79395
-0.16705
0.034424
-0.0026245
0.16534
0.022278
-0.080017
-0.045532
-0.026306
0.29932
0.040344
-0.14984
0.046021
0.20538
-0.062866
0.20807
0.087097
0.25714
0.042725
0.0056152
-0.04834
0.30371
-0.022827
0.7066
-0.011719
0.011536
0.0048828
-0.001709
0.055786
0.00067139
-0.031189
0.006958
0.035278
-0.096924
0.0023193
-0.0065918
-0.11133
0.12427
0.93182
0.0625
-0.035767
0.19165
0.04834
0.2276
0.00018311
0.45831
0.005188
0.077271
0.0041504
0.022156
-0.0084229
0.22363
0.010132
0.5498
0.01001
0.21808
0.047424
-0.061157
-0.062622
-0.06366
0.030212
0.067078
-0.038452
0.028625
0.013611
-6.1035e-05
-0.089355
-0.013611
0.24048
-0.080322
0.086609
-0.086182
-0.089905
0.11591
-0.13397
-0.038757
-0.15265
-0.159
1.3231
-0.054749
1.2906
-0.083008
-0.19849
0.050537
-0.031616
0.10901
-0.10236
0.093872
0.096069
-0.02356
0.35162
0.033997
0.053589
0.41058
-0.038757
0.062073
0.13501
0.0084229
-0.00354
-0.027649
0.029175
0.21008
0.64032
0.093445
-0.025635
0.01593
-0.021118
-0.072998
-0.05072
-0.074097
1.175
-0.03302
-0.071594
0.023315
0.0177
-0.00048828
0.0040894
0.029968
0.022705
0.2829
-0.057434
0.37073
0.059692
-0.0036011
0.012085
0.30396
0.015625
0.021606
0.081787
0.0093994
0.0043335
-0.049194
0.0039673
0.065674
-0.047119
0.088074
0.011353
0.87109
-0.020386
0.56952
-0.042847
0.23645
-0.06366
-0.04718
-0.032715
0.18439
-0.0045776
0.09021
-0.043213
0.0077515
0.24005
-0.034241
0.53711
-0.062256
0.19952
-0.0084839
0.16107
0.10278
0.071411
0.22095
0.14435
-0.026855
0.21924
0.16168
-0.0089722
0.17584
0.055786
0.19861
-0.046204
0.06604
0.0033569
0.46118
0.12317
0.12036
0.00354
0.28528
-0.020386
0.13934
0.052734
0.046326
0.042786
0.68427
-0.04425
0.19958
-0.019531
0.15063
0.059448
0.0032959
-0.028137
0.22821
0.19849
-0.055603
0.34271
0.091431
-0.0045776
0.038635
0.035645
0.066833
0.037598
0.030457
0.0081177
0.34167
-0.067017
0.53735
0.061951
0.11426
0.055237
-0.11267
-0.08075
0.19202
0.33154
-0.08136
0.48773
0.11731
-0.096863
0.044128
-0.039246
-0.014587
0.10712
0.12427
-0.1413
-0.0013428
0.011414
0.22314
-0.10736
0.23175
0.085022
0.54559
-0.0042114
-0.056152
0.02063
-0.020813
0.05957
0.013123
0.46954
0.0048218
0.44647
0.13916
0.10278
-0.013428
-0.015076
0.87085
0.047424
0.02948
-0.012268
0.07019
-0.01886
-0.019714
-0.031006
-0.16089
0.017578
-0.013184
1.0515
0.04541
0.00024414
-0.056091
0.0012207
-0.00091553
0.026489
0.0177
0.0090332
0.045837
0.13416
0.37585
0.027832
0.37109
-0.082886
0.010925
-0.12354
0.41711
-0.031982
0.22662
0.082825
-0.045593
-0.088928
0.16779
0.0064697
0.077759
-0.030151
0.1427
-0.014282
0.047424
-0.086243
0.3504
0.032532
0.23816
0.064697
0.43512
-0.0090942
0.015442
-0.017517
-0.070251
0.0022583
-0.0078735
1.0864
0.0056763
0.042908
-0.10107
-0.03241
0.0097656
0.10754
0.046021
0.067322
0.54901
0.017334
0.042053
0.024902
0.080505
0.0098267
0.75037
0.011841
0.021423
0.19971
-0.085022
0.063904
0.18561
0.21643
0.06488
-0.014221
-0.0046997
0.81079
-0.01062
-0.0224
0.050598
0.074219
0.017517
0.017944
-0.020142
0.011475
0.39917
-0.014282
0.26428
0.012695
-0.11169
0.086975
0.25153
0.034119
0.0093384
0.1637
-0.067261
-0.0849
0.17072
0.0015259
0.57959
0.019592
0.28668
-0.042725
-0.022034
-0.024841
0.088135
-0.0025024
0.38342
0.0078125
0.12732
-0.025879
0.26178
0.003479
0.16089
-0.060852
-0.036438
0.034241
0.31256
0.053528
0.19122
0.1236
0.34253
0.03186
0.10272
-0.038574
0.012756
-0.044739
-0.038757
-0.043335
0.026367
0.0092163
0.072876
0.62164
0.032959
0.19147
0.037476
-0.020508
0.058716
0.02478
-0.0043945
0.02356
0.013123
0.079163
0.054382
0.7442
0.056702
-0.00085449
0.12219
-0.062317
0.37769
-0.0055542
0.51593
0.025818
0.048157
0.040649
0.03717
0.13727
0.17651
-0.02832
0.79144
-0.022095
-0.12958
0.17603
-0.13519
0.024292
0.091431
0.29108
-0.055603
0.34833
0.21283
0.013062
0.042603
0.03125
-0.049866
0.010986
-0.10895
0.30914
0.050659
0.85754
-0.033264
-0.030701
-0.10529
-0.031555
-0.14807
0.10858
0.65643
-0.075562
-0.088745
0.060547
0.069946
0.068909
0.28741
-0.072083
0.033386
0.10443
-0.08075
-0.019958
0.062439
0.068054
-0.040405
0.037415
-0.029541
0.05249
0.65253
-0.075989
0.043823
-0.018616
0.015442
0.075195
-0
0.52472
0.027771
0.39368
0.10016
-0.044983
0.022339
-0.0095215
0.14636
0.021118
0.45593
-0.020447
0.3056
-0.035217
-0.024048
0.013367
-0.072021
0.033142
0.015991
0.23718
0.44354
0.04895
0.29718
-0.028687
-0.0072021
-0.063293
1.3405
-0.14246
-0.16748
-0.29681
-0.16663
-0.00091553
0.42255
-0.040894
-0.23138
-0.043091
-0.040466
-0.13312
0.030212
1.1796
-0.038208
-0.025085
-0.0045166
-0.080444
-0.11316
-0.047852
0.1507
0.17053
0.047119
0.37195
-0.06012
0.29932
0.081909
0.045349
0.24274
-0.0032959
0.09552
-0.10211
-0.1214
-0.010071
-0.069824
1.0441
0.011963
-0.038696
-0.070007
0.01355
-0.0068359
0.031006
0.51422
0.0049438
0.32269
-0.0025024
0.048035
0.030945
-0.014282
-0.024109
-0.061951
0.040344
-0.027649
0.11359
0.083069
0.94543
0.11261
0.039063
0.066406
-0.14319
-0.027893
1.1482
-0.056396
-0.13788
0.071411
0.010681
0.038757
-0.054871
-0.01947
0.033813
-0.083374
0.087036
0.092529
-0.10645
0.049072
0.66437
-0.0015259
0.16132
0.030884
-0.030823
0.019531
0.05896
0.13953
-0.17871
-0.083069
0.30585
0.17975
0.23285
0.138
0.30371
0.0019531
0.78864
0.025391
0.070496
0.019653
0.034851
-0.021057
0.049622
0.039063
0.016907
-0.030762
-0.033081
-0.028137
-0.03772
-0.00054932
0.34296
0.073669
0.071777
0.030396
0.67804
-0.013916
0.057922
-0.085083
-0.01593
-0.0022583
0.84888
-0.0042114
0.37451
0.012085
-0.14478
-0.0076904
0.047668
0.60712
-0.00079346
0.10846
0.006958
0.11584
0.02832
-0.013611
0.017273
0.10962
0.3924
0.1839
0.40527
0.084351
-0.017212
-0.10718
0.069214
-0.10913
0.027771
0.030579
-0.077881
0.027893
0.059937
-0.052063
0.096497
0.0065918
-0.15619
1.2593
0.044617
0.030884
0.024658
-0.03949
-0.12842
-0.008667
0.026245
-0.028625
0.16168
1.0633
-0.095398
0.74725
-0.026794
-0.092102
0.01062
-0.08313
-0.012573
0.13885
0.01062
-0.021545
0.031128
0.013611
-0.028687
0.00030518
0.048889
-0.00091553
0.25195
-0.026611
0.003479
0.0085449
0.90381
0.61237
-0.11804
0.013611
-0.0090942
0.12708
0.079712
0.15656
-0.0046387
-0.088867
0.045349
0.55066
0.086182
0.015991
-0.29663
0.40479
-0.094238
0.39215
0.057617
-0.094788
0.039063
0.2464
0.23895
-0.093323
0.46649
0.088257
-0.052795
0.17834
0.025696
0.019958
-0.014832
-0.1496
0.087341
-0.020996
0.85297
0.076721
0.079529
0.00061035
0.022949
0.00061035
0.022827
-0.095581
0.117
0.53894
-0.087769
0.31335
-0.093445
0.40051
0.045532
-0.13348
-0.040161
-0.043274
0.93719
0.0015259
0.045898
0.016296
0.0079956
0.046875
0.03009
-0.0075073
0.013794
-0.1098
0.065674
0.13879
-0.096802
0.065186
0.045593
-0.073364
-0.054443
0.81433
0.0011597
0.35083
0.0062866
-0.03125
0.63031
0.016663
-0.051819
0.086975
0.040527
-0.019287
-0.024658
-0.018066
0.058289
0.078735
-0.061829
0.67224
0.051819
0.28278
0.0037231
0.0041504
0.019897
0.028992
0.036987
0.83228
0.01355
0.10901
-0.074158
0.09082
0.026855
0.035339
0.0063477
-0.074036
1.0187
-0.007019
0.051208
0.0012817
0.012329
-0.043945
-0.008606
-0.010071
-0.023682
0.058411
-0.038879
0.24646
0.083435
-0.011597
-0.017517
0.11749
-0.036377
0.050476
-0.073669
0.5553
-0.044128
-0.10742
0.17017
0.12604
0.072876
0.29547
-0.038513
0.07196
0.037354
0.08429
-0.061768
-0.083374
0.67499
0.09082
0.03833
0.065002
0.069885
0.02771
0.021179
0.70532
0.016724
0.12317
-0.030518
-0.062683
-0.005188
0.22614
-0.010803
-0.012878
-0.00091553
-0.065796
-0.0025024
0.10498
-0.015991
-0.0042114
0.049438
0.080017
-0.0084229
0.90942
0.020264
0.063782
0.035461
-0.050354
0.065491
-0.10828
0.8194
0.039673
-0.049561
-0.10907
0.38855
0.056885
0.58215
-0.016235
0.4209
0.14435
-0.014282
-0.0082397
0.028198
-0.076782
0.037964
-0.02002
-0.021912
-0.045349
0.013672
0.05658
0.73785
-0.026184
-0.046936
0.015747
0.30066
0.90729
0.015808
-0.10199
0.024841
-0.047119
0.095337
0.18719
-0.034302
0.070435
-0.04541
0.04187
-0.06427
0.66382
0.03894
0.12384
-0.066772
-0.017029
0.011536
0.040527
-0.048462
0.63361
0.0029907
-0.14288
-0.094788
0.3158
0.092407
0.18665
-0.11932
-0.067444
0.0081787
-0.013245
-0.017761
-0.0071411
1.1858
-0.13794
0.04187
0.045532
-0.11414
-0.043091
0.080688
-0.0043335
0.0054932
-0.0043335
0.0044556
0.040894
-0.079956
-0.085388
-0.06189
-0.096619
1.02
0.0077515
-0.005249
-0.059631
-0.069214
0.032654
0.023254
-0.011719
0.062805
1.1046
0.011292
0.22443
-0.052917
0.12695
0.17438
0.26385
-0.010925
0.17932
-0.11536
0.024292
0.055176
0.16107
0.18024
-0.24396
-0.05011
0.28882
0.0079346
0.47101
0.10907
0.14484
0.10358
-0.055664
1.0007
-0.058167
0.0019531
0.041077
0.050476
0.012024
0.016113
-0.0064697
0.011597
0.88385
0.023804
-0.020203
-0.015198
-0.056458
0.074768
0.10663
0.017456
-0.044861
0.028442
0.003479
0.020752
0.56915
-0.053467
0.2406
-0.0064087
0.25446
-0.06781
0.1275
-0.035583
0.067139
0.0059204
0.16644
-0.019653
0.28412
0.0038452
0.41351
0.0043335
-0.019653
0.046021
-0.010193
0.019775
0.57172
-0.083435
0.22034
0.0067139
0.25507
-0.014709
0.094604
-0.0060425
0.38788
0.0037842
0.32831
0.099792
-0.0032959
-0.041626
0.24811
0.069946
-0.06012
-0.0018921
-0.12006
-0.063049
0.039368
0.79138
0.17383
0.052185
0.17969
-0.020386
0.055542
-0.05072
0.058838
0.024597
-0.060852
-0.033508
0.09729
0.024048
0.1189
0.6236
-0.0014038
0.40826
-0.064819
-0.083557
-0.0061035
0.059204
0.029541
0.802
-0.024109
0.25885
0.0097656
-0.094727
0.86938
-0.11761
0.07782
0.14349
-0.24695
0.035889
0.10449
0.057007
0.084473
0.03717
0.024292
-0.070557
0.15649
-0.011475
0.35614
0.030884
0.30029
-0.016785
-0.032349
0.008606
0.062622
0.031677
0.50397
0.031006
0.22809
-0.021118
0.276
0.0097046
-0.0036011
-0.061523
0.70294
-0.053345
0.18903
0.014465
-0.061279
-0.023071
0.30225
-0.040161
0.013672
-0.060547
-0.062927
0.019165
0.038208
-0.1189
0.070618
0.23413
0.094238
0.12048
0.58246
0.041626
0.0084839
-0.081299
0.65497
0.20831
0.18304
-0.11414
0.13837
0.0014648
-0.0054932
-0.044739
-0.01825
-0.03479
0.24097
0.10608
0.17932
-0.12317
0.027527
0.030457
0.23157
0.015869
0.13123
0.77173
0.081116
0.035278
0.19617
-0.11969
-0.10974
-0.085693
-0.016663
0.084839
-0.0056763
0.0050659
0.012146
-0.060547
0.060486
0.2077
0.17358
0.0849
0.47888
-0.035706
0.13165
-0.013916
0.24286
0.0047607
0.33081
0.038757
0.39075
0.024536
0.22833
-0.06604
-0.12433
0.10504
0.079712
-0.037415
0.15869
0.10205
0.057556
-0.0041504
1.1954
-0.010742
0.0059814
-0.0057983
0.7558
-0.0025635
0.030457
-0.019958
-0.1413
-0.028503
0.031067
-0.042664
0.015137
-0.0054932
0.0029297
0.025269
-0.03656
0.18317
-0.00097656
0.10114
-0.052734
0.68793
0.031372
-0.011658
0.85675
-0.025391
-0.035339
0.011658
0.19171
0.055847
-0.001709
-0.00354
0.0025024
-0.032349
0.18616
-0.10168
0.47699
0.032471
0.39148
-0.030334
0.019897
0.035217
0.057556
0.046692
-0.040527
0.07312
0.031616
0.020996
-0.057312
-0.055725
0.79272
0.033447
-0.013672
0.01825
0.0089111
-0.047913
0.033875
1.0555
0.018066
0.16425
0.027588
-0.1087
-0.033752
-0.082275
1.0003
0.20844
-0.02594
-0.15363
0.33203
-0.016418
-0.14911
0.185
0.0039673
-0.0075684
-0.03186
-0.038757
0.086243
-0.019348
0.0022583
0.86163
-0.099609
0.20575
-0.071289
0.12451
-0.043091
0.81519
0.096375
-0.02301
-0.025024
0.095337
-0.095398
0.020813
0.063171
-0.041321
0.47375
-0.012878
0.16791
0.0061646
0.25293
0.028015
-0.0065308
-0.053162
-0.0042114
0.1344
0.27777
0.080688
0.19843
0.086792
0.31012
-0.065796
0.077698
-0.024475
0.44513
0.022949
-0.12634
0.10321
0.16406
-0.027344
0.32104
-0.021851
0.056885
0.048218
0.47784
0.13666
0.050598
-0.17828
0.14838
0.12921
0.49316
0.093567
0.14325
-0.069092
0.0031738
-0.021667
0.1076
-0.0057373
0.46582
0.01593
0.47821
0.013916
0.12238
-0.0053711
0.045654
-0.057373
-0.062744
-0.14551
0.022766
-0.046509
0.032898
0.0063477
1.0579
0.028564
-0.15002
-0.005127
-0.11481
-0.11432
0.14679
1.2908
0.016052
-0.1875
-0.036621
-0.10321
-0.055359
-0.06958
0.38068
0.13849
0.47772
-0.041016
0.094116
0.013794
0.014832
-0.047241
-0.030579
0.91248
-0.0097656
0.012451
0.048828
-0.045166
-0.012085
0.061218
-0.00018311
-0.04541
-0.040283
-0.11884
-0.019043
0.021484
0.0084229
0.48688
0.035645
0.52234
-0.020996
-0.028015
-0.022217
0.055786
0.86432
-0.050293
0.039246
-0.033508
0.097778
0.033875
-0.022217
-0.075134
0.18799
-0.04303
0.10992
-0.033508
-0.040588
0.11597
0.16333
0.018433
0.81415
-0.08606
0.0039063
-0.0015869
0.50092
0.048462
0.085022
0.047241
0.17487
-0.05542
0.0059814
0.0076294
0.057007
-0.024719
0.0015259
-0.016663
0.012085
0.022949
-0.043152
-0.11261
0.056519
0.95581
0.067749
0.23041
-0.093872
0.51318
0.15094
0.14331
-0.054077
-0.023376
-0.046021
0.047424
0.34698
0.02478
-0.093689
0.12457
0.13165
0.020508
0.43005
-0.0091553
0.035583
0.045349
0.14166
-0.049683
-0.036011
0.53198
0.13611
0.015747
0.019104
0.01178
0.047485
-0.027649
0.007019
-0.05304
0.081116
-0.010254
0.44739
0.01123
0.40271
-0.017334
0.038879
-0.029602
-0.13953
0.16522
-0.037842
0.15643
0.52313
0.055298
0.11084
0.0067139
0.089417
-0.038696
-0.003479
0.019165
0.52234
0.031372
0.18933
0.0072632
0.21014
-0.044617
0.031555
-0.014343
-0.011108
-0.10529
0.014221
0.026184
0.046387
0.054932
-0.031067
1.0964
-0.10468
0.0077515
0.02417
0.017334
-0.015625
-0.026245
0.0014038
0.22955
0.044006
0.5459
0.010315
0.23444
0.0029907
-0.050354
-0.013489
0.049194
0.026306
0.10278
-0.0092163
-0.011536
-0.0079346
1.0377
0.6358
0.040771
0.13458
0.084229
0.011353
0.040588
0.22638
0.075928
-0.10016
0.031311
0.13116
-0.046509
0.24469
0.01593
0.58948
-0.0080566
0.086731
-0.099731
-0.013428
0.071655
0.018005
-0.019653
-0.030518
-0.0015869
0.05365
0.21503
0.041016
0.06012
-0.0093994
0.72815
0.022766
0.0016479
0.10541
0.050293
-0.0050049
-0.078491
0.088806
0.04541
0.088562
0.026978
0.20032
0.22839
-0.052673
0.62817
0.19739
0.025391
-0.06604
0.00030518
-0.069153
0.035461
-0.11041
0.01123
0.052917
0.097473
0.020935
0.69562
-0.12933
0.29315
-0.053894
0.057495
-0.075806
0.055786
0.12469
-0.058838
0.14709
0.094604
0.028503
0.22211
0.60437
0.019958
-0.063293
-0.043457
0.02063
0.065918
0.07196
-0.078613
-0.056152
1.1238
-0.0087891
-0.11035
-0.038513
0.024963
-0.035767
-0.088501
0.047241
-0.21381
0.058228
0.65808
-0.22742
0.60437
0.7569
0.08429
-0.056702
0.034973
-0.05127
-0.0031128
0.069031
0.02887
-0.091309
0.020386
0.016968
0.012939
-0.016479
0.022705
-0.024719
-0.13055
-0.040466
1.1321
-0.052185
-0.056213
0.10895
0.095337
-0.00024414
0.01001
-0.014587
0.49683
0.08252
0.4408
0.015076
-0.082642
0.7959
0.010376
-0.057739
0.030457
0.10162
0.037781
0.15991
-0.043701
-0.073181
0.077942
-0.016174
0.0021973
-0.006897
-0.060303
0.06189
0.16681
-0.037659
0.8739
-0.0020142
0.06134
-0.011536
-0.031616
-0.048218
0.045105
-0.016235
0.057251
0.026001
0.99579
-0.054382
-0.019165
0.098145
0.10706
0.22937
-0.1037
0.23969
0.16779
0.29187
0.052673
0.056335
-0.0022583
-0.074158
-0.095825
-0.08728
0.0020142
0.020325
0.2522
-0.010254
0.00030518
0.01947
0.38983
0.014893
0.084778
-0.056946
-0.018677
0.037354
0.4187
-0.012695
0.73444
-0.085083
-0.07135
-0.067566
-0.02533
0.35706
-0.074585
0.50201
0.13184
0.16425
0.09729
0.095459
-0.0177
0.00012207
0.026855
0.52643
-0.083862
0.17975
0.019348
0.22388
0.022461
0.080017
0.026672
0.090088
-0.05188
0.59686
-0.0059814
0.086914
0.14124
0.30139
-0.053772
0.1308
-0.034668
-0.1488
-0.00085449
0.083984
0.67657
0.34033
-0.018372
0.14081
-0.032898
-0.058899
-0.028748
-0.08844
0.014038
0.21387
-0.04364
0.040039
0.055542
0.12109
0.085571
0.54443
0.025146
0.59161
0.027222
-0.093384
0.15601
-0.043945
-0.015686
0.082336
0.0070801
-0.042542
0.059631
-0.07843
0.84766
-0.1322
0.0354
0.06665
0.13727
-0.021729
0.0039673
0.032532
0.037842
-0.016602
-0.026794
-0.012695
-0.11719
0.12634
0.046143
0.032776
-0.037598
-0.0058594
0.88306
0.0057373
0.090393
-0.050537
0.12445
0.057983
0.046631
-0.019531
0.031494
1.3423
-0.0074463
0.27509
0.071045
-0.065308
0.3595
0.085571
0.021057
0.058105
-0.0012207
0.036743
-0.031982
-0.070313
0.084045
0.12329
-0.0037842
0.15851
0.067261
0.22394
-0.024353
0.1947
-0.016418
-0.076172
0.035461
0.12366
0.023071
0.48596
-0.075806
0.32288
-0.038025
0.12018
-0.051392
0.11041
-0.027283
0.10339
-0.069946
0.19739
-0.054932
0.093262
0.048279
0.41022
-0.041565
0.14777
-0.062744
-0.023499
0.82263
0.018188
-0.018433
0.12476
-0.078247
0.054993
-0.0059204
-0.012939
0.028259
0.010193
-0.01239
-0.035889
0.17181
0.0071411
-0.17084
1.1303
0.046326
0.8866
0.031433
-0.077515
-0.0054321
-0.10242
0.11761
0.049072
0.054565
-0.088501
0.019714
0.00354
0.059509
-0.035706
-0.052917
0.0039673
0.19519
-0.0031128
0.48248
0.0023193
0.36346
-0.026306
-0.026367
0.082764
0.0082397
0.55389
0.010193
0.41364
-0.057251
0.016663
-0.037781
0.051025
0.16168
0.031311
0.56464
0.24152
0.008606
0.020081
0.054871
-0.054199
0.038818
0.16736
-0.088379
0.075073
0.93695
0.15179
0.095276
0.023865
-0.059814
-0.12573
-0.0068359
0.023499
-0.049377
-0.051758
-0.028564
0.063049
0.036499
0.042786
0.0079956
0.97205
0.049866
0.047974
0.96552
-0.0018921
-0.032654
0.1438
-0.028931
0.039307
-0.07666
0.046692
0.04657
0.069397
-0.08783
-0.0073242
1.1635
-0.10315
-0.0014648
-0.041931
-0.055847
-0.046814
0.028625
-0.024231
0.008728
0.038635
0.00073242
-0.10675
0.18628
0.026917
-0.22455
1.1052
-0.076599
-0.051331
-0.0070801
-0.006897
0.016968
-0.041382
0.1825
-0.0047607
0.50354
0.11646
-0.030212
0.18414
0.18427
-0.078979
0.82593
-0.06189
-0.15259
0.036011
0.069397
-0.17438
-0.055786
0.38452
0.038818
-0.12256
0.31531
0.031799
-0.033569
0.1413
-0.005127
0.04425
-0.022095
0.18726
0.08905
-0.010193
0.69128
0.0060425
0.030762
-0.0054932
0.012756
0.04303
-0.036438
0.041077
-0.046631
0.14801
0.034302
0.51624
0.032593
0.30554
0.0044556
0.045593
-0.066345
0.11523
0.0401
-0.16351
-0.077209
0.028442
-0.017456
-0.00012207
0.060242
1.2959
-0.11517
-0.017761
-0.042053
-0.099792
-0.058167
0.0014648
-0.010437
-0.046265
-0.027222
1.0411
-0.081787
-0.018921
-0.0077515
-0.010071
0.033203
-0.0094604
0.1524
0.0080566
0.13177
0.018799
0.63885
0.10187
0.84259
0.0050049
0.073364
0.0037842
-0.052856
-0.056458
0.0025635
-0.0074463
-0.042175
0.083191
0.12054
-0.021118
0.89459
-0.024109
-0.017273
-0.064087
-0.046143
0.026123
0.012329
0.03595
0.092468
0.53357
0.050293
0.13055
0.075928
0.18481
-0.07312
0.039856
0.038696
-0.003418
1.2878
0.020874
-0.12231
-0.053833
0.035156
-0.090698
-0.048035
0.019653
0.037415
0.0077515
0.088135
0.15106
0.067322
0.58337
-0.0074463
0.1582
0.0065308
-0.045532
-0.035095
0.047241
-0.098328
-0.030029
-0.0076904
-0.022644
0.23755
0.11847
0.17523
0.27051
-0.0059204
0.46069
0.12946
0.0065918
0.12866
0.0056152
-0.046326
-0.0062256
0.028564
-0.0092163
-0.0026245
0.015808
0.13782
0.2995
0.014954
0.34259
0.12292
0.23615
0.04071
-0.13879
-0.00097656
0.025208
-0.039673
0.48865
-0.03186
0.11664
0.15259
0.26373
-0.13782
0.012512
-0.032898
-0.023743
0.036072
0.078735
-0.10406
0.035156
-0.093201
0.068909
0.70984
-0.013794
0.32556
-0.055664
0.049194
-0.10669
0.57434
0.11084
0.056274
0.094238
-0.11078
-0.0038452
0.06781
-0.070679
-0.040588
0.029907
0.16138
0.005188
-0.016846
-0.090454
-0.14258
0.081116
1.1054
0.075256
0.062073
0.15283
0.039734
0.46021
0.010376
0.11218
-0.014709
0.047546
-0.064331
-0.069275
-0.063721
0.0079956
0.027649
-0.016357
-0.06012
-0.043701
0.039185
-0.016479
1.1447
0.86285
0.066711
-0.1543
0.11847
0.00042725
0.068298
0.10809
-0.027771
-0.065552
0.025146
-0.071106
0.01239
0.34729
-0.040771
0.26196
0.068359
0.2923
0.0097046
0.10065
-0.0097656
-0.0081787
-0.07019
0.40094
0.13556
0.071594
-0.018982
0.24121
-0.019104
0.034302
0.078003
0.18219
-0.11145
-0.133
0.099609
0.045105
1.0618
-0.014526
0.072205
-0.014648
-0.075378
0.0096436
0.0014648
0.022644
0.030151
0.024963
-0.039551
0.019714
1.0403
-0.099243
-0.12048
0.90735
0.094849
-0.10065
0.062805
-0.12347
0.0068359
0.029602
0.12067
-0.074341
0.0056152
0.14301
-0.057251
-0.11749
-0.066406
-0.0058594
0.040466
-0.052734
0.22833
1.0364
0.071777
0.039185
0.87476
0.058044
0.11719
0.057312
0.027283
-0.066162
0.080994
0.020935
-0.0097656
0.033508
-0.042419
-0.061401
0.074768
-0.053955
0.36749
0.031067
0.55743
0.1333
-0.024719
0.012573
-0.08252
-0.0043945
0.016785
0.023499
0.47186
-0.0014038
0.53876
-0.013672
-0.058655
-0.0029907
0.11932
0.13934
0.024231
0.60352
0.027893
0.10889
0.10852
-0.028015
0.036987
-0.0029907
-0.042175
0.0061646
0.0097656
0.065979
-0.04126
-0.085449
-0.15509
0.067566
1.1772
0.00067139
-0.050171
-0.021484
0.13898
0.061218
1.0735
0.0040283
-0.026733
-0.012268
-0.07312
-0.058411
0.0081177
-0.028259
0.00036621
0.038391
0.31085
0.047119
0.90112
-0.0043335
-0.0045166
0.052307
0.064697
-0.026978
0.63782
0.05896
0.054626
0.059509
0.093262
0.12885
0.013184
-0.061829
-0.036438
0.55017
0.014709
0.10065
-0.019653
0.078247
-0.043274
0.066772
0.084106
0.90094
0.015503
0.039063
-0.0020142
-0.017822
-0.021057
0.14691
-0.036804
-0.1214
0.08136
-0.0095825
0.054565
0.0031128
0.055847
0.057373
0.23267
0.028992
-0.038452
0.056091
0.5304
0.074463
-0.049194
0.062988
0.088928
-0.078613
-0.045776
-0.018005
-0.071533
1.3718
0.036438
-0.0021973
-0.031189
-0.060425
-0.013855
0.024353
0.078613
-0.033081
0.27527
0.046509
0.58936
0.071594
-0.031311
0.051514
0.8064
0.03418
0.066101
-0.10278
0.02771
-0.023926
-0.016418
-0.023682
-0.015442
-0.059509
0.0031128
-0.019592
0.11359
0.0028687
0.91907
0.16394
-0.041382
-0.045654
0.015625
-0.0073853
-0.0026245
-0.014526
0.22815
0.022949
0.74011
0.1076
0.035889
-0.0401
0.020081
0.067688
-0.069214
0.71979
0.011963
0.26904
0.058411
0.037292
-0.093323
-0.011475
-0.059204
0.0048218
-0.040771
0.050415
-0.0042114
-0.014099
0.48199
-0.010803
0.31091
-0.064514
0.012146
-0.023315
0.026062
0.054871
0.78906
0.10577
0.063965
0.054382
0.0062256
-0.11359
0.0014038
0.044922
-0.041382
0.0097046
0.17529
0.057373
0
0.61829
0.062195
-0.056396
-0.084045
0.12347
0.056885
-0.11292
0.29315
0.073608
-0.013062
0.53247
0.1377
-0.010864
0.024902
0.19305
-0.023499
0.49451
0.12183
0.24945
-0.031921
-0.063232
0.023621
-0.079895
0.023987
0.26514
0.025269
0.54071
-0.032104
0.25452
-0.033264
-0.044678
-0.022278
0.04248
0.022339
-0.09967
0.094116
0.31964
0.040344
0.31
0.18085
0.56708
-0.18628
0.076721
0.019653
0.23517
0.037109
-0.022949
-0.0061035
0.14746
0.037781
0.072388
0.0055542
-0.10046
0.0063477
-0.055725
0.94989
-0.014038
0.023376
0.028687
0.046204
0.092834
-0.0037231
0.057861
0.018982
0.099304
-0.083069
0.12677
0.09137
0.29437
0.021057
0.42133
0.018127
-0.074707
-0.0036011
0.044495
-0.024597
-0.019165
-0.011597
0.0020752
0.00079346
0.046509
1.0033
-0.047974
0.073364
0.005249
-0.013428
0.098389
-0.040161
0.080627
0.93262
0.032959
-0.097961
0.076416
0.74817
0.031677
0.10199
0.02356
0.010864
0.023071
0.0029297
0.0093384
0.024597
0.077148
0.038269
0.012939
0.96991
-0.1236
0.0224
0.019531
-0.0019531
-0.01416
0.02301
-0.0064087
0.044739
0.28973
-0.021667
0.39453
-0.012817
0.21362
0.10101
0.016541
-0.075439
0.024414
0.032166
0.51825
0.088684
0.19611
-0.055176
0.19385
0.0026245
-0.019043
-0.041016
0.026733
-0.008728
0.016235
-0.035095
0.055481
0.27222
0.080994
0.12036
0.0092773
0.6601
-0.014771
0.026917
-0.02887
0.074341
0.034485
0.19354
0.0091553
1.0176
-0.074158
-0.038391
-0.031494
0.92224
0.036499
0.025024
0.020874
-0.055115
0.029175
0.070251
-0.036072
0.020569
0.01947
-0.038513
0.18884
0.17786
0.26935
0.082031
0.25146
-0.051575
0.13629
-0.021667
0.10449
-0.020935
0.65198
-0.066101
0.146
0.0067139
0.29114
0.04895
0.048157
0.030823
0.63824
-0.17505
0.084045
0.34729
0.046021
0.032898
0.30408
-0.032104
0.045715
0.015137
0.59973
-0.038513
-0.017334
0.15033
0.051208
-0.00061035
0.3111
-0.019653
0.1214
0.0046387
0.021423
0.020752
0.030884
-0.0016479
0.041687
0.71973
0.069153
-0.0090332
0.05011
0.21716
0.013428
0.011841
-0.071167
0.093506
-0.034485
1.0284
-0.072449
-0.24585
-0.26117
0.24323
0.026489
-0.014648
0.12836
-0.061584
0.49237
-0.010193
0.24652
0.0025024
0.27625
-0.023987
0.042908
0.013245
-0.071411
-0.00061035
0.047485
1.0396
0.00097656
0.052063
-0.0025635
-0.079102
0.042236
-0.039246
0.89124
0.034973
-0.019165
0.038879
0.16644
0.008667
0.056396
-0.020325
0.099548
0.026978
-0.046204
0.0012207
-0.04126
0.097595
0.067261
-0.030518
1.1665
-0.046997
0.019897
0.018311
0.011658
0.02301
-0.035889
0.05603
0.032349
0.31067
-0.036804
0.7049
0.093689
0.019836
0.11975
-0.041443
0.69653
0.02594
-0.0012207
0.068176
0.006958
0.00354
-0.023682
0.0354
-0.072388
0.0036621
0.13892
0.085632
0.0083618
-0.091064
-0.01532
0.47314
0.049072
-0.027161
-0.14496
0.11047
-0.098022
0.63965
-0.018433
0.078064
0.045654
0.27277
0.29486
0.021973
0.66406
-0.15143
0.018921
-0.093933
0.28265
0.11334
-0.23187
-0.043091
0.12732
0.094116
0.050171
-0.044617
0.7616
-0.030029
-0.15912
0.10419
-0.0044556
0.0224
0.15692
-0.11566
-0.096008
0.57861
-0.16516
-0.080566
0.048096
0.10962
0.64764
0.043762
-0.033508
0.99786
-0.051147
0.007019
-0.0073242
0.07428
0.00177
-0.005127
0.024597
-0.0092163
-0.10284
0.08844
0.034973
-0.016541
0.028809
0.89587
-0.003418
0.039185
0.12988
-0.075806
-0.033508
-0.0064087
-0.070374
0.020081
-0.012085
1.0361
0.013428
0.11951
-0.10468
-0.10266
0.025513
-0.044983
-0.055298
0.14124
0.014954
0.6087
0.0047607
0.2196
0.18585
-0.018066
0.025757
-0.017944
0.053467
-0.010315
0.24561
0.0026245
0.33093
0.014038
0.15924
-0.0093384
0.060669
0.0072632
-0.10364
0.0090942
-0.082336
0.058472
-0.1004
0.096558
0.84076
-0.0025635
0.029541
0.81342
0.027039
0.085022
0.081848
0.025452
-0.11279
0.038147
0.018921
-0.0015869
-0.0064697
0.13049
-0.0080566
0.037598
-0.10187
1.1163
-0.069458
-0.074402
0.088013
0.28918
0.050598
0.076233
-0.051941
0.035767
-0.0065918
0.55585
0.10144
0.44958
-0.079163
-0.04834
0.057556
-0.0040894
-0.029785
-0.037292
0.018127
0.057129
0.057068
0.59802
-0.12659
0.40112
-0.00042725
0.0025024
-0.0056152
0.050415
-0.0083008
0.17596
-0.039612
0.84686
0.043884
-0.096069
0.039795
-0.038086
0.010132
0.12384
0.017578
-0.11279
-0.037598
0.010742
0.17267
0.98956
0.26251
0.0090942
-0.06488
-0.062256
0.2901
-0.03302
0.28607
0.12738
0.37781
-0.097961
0.1344
0.024902
-0.078735
0.44287
0.12714
0.24664
0.17511
-0.018616
-0.010132
-0.10419
-0.040405
1.0359
-0.018066
-0.020813
0.0030518
0.0271
-0.05249
-0.0074463
0.014893
0.023987
-0.01593
0.71429
-0.062317
0.24261
0.045166
0.040222
-0.017761
0.060303
-0.052612
0.057495
0.0038452
0.052002
0.16705
0.1413
0.64459
-0.0071411
0.068665
0.064514
-0.038269
-0.022217
0.019287
0.015076
0.18011
0.075378
0.23969
0.055725
0.43286
-0.010986
0.072388
-0.038696
0.42938
-0.077393
0.17096
-0.056274
-0.12579
-0.089661
0.24274
-0.027588
0.16815
-0.088684
0.045349
-0.073669
0.028748
0.054382
0.07312
-0.076355
-0.026184
0.017273
0.078735
1.165
-0.021118
0.20599
0.066956
0.92828
-0.01886
-0.0023804
-0.05719
0.030029
-0.05896
0.012024
0.028748
0.086426
0.25378
-0.087463
0.2132
0.058838
0.16357
0.11926
0.029602
-0.0097046
-0.047302
-0.0054321
0.0068359
0.06134
0.42896
0.0064087
0.44287
-0.021423
0.15448
-0.022095
-0.026733
-0.024536
0.29785
0.0078735
0.58185
0.072876
0.089233
0.0070801
-0.076599
-0.049744
-0.05957
-0.057861
-0.0057373
0.013794
0.0083008
-0.0014648
0.04303
-0.040283
0.91925
0.07251
-0.016479
-0.034363
0.17792
-0.12683
0.052124
0.34357
0.1322
-0.058044
0.12946
-0.026611
-0.010132
-0.0072021
0.034058
0.064087
0.044556
0.58936
-0.042725
0.068481
-0.057373
0.12701
-0.02179
0.025757
0.16058
-0.078613
0.60297
0.044189
0.28217
0.00042725
-0.044128
-0.024841
-0.0046997
-0.1073
0.010925
0.1087
0.018188
0.10962
0.10516
-0.37311
0.064331
0.99103
0.79803
0.015076
0.025208
-0.10455
-0.18225
-0.011536
0.10809
-0.02832
0.026794
-0.079102
0.16577
0.022583
0.69073
0.057312
0.090698
-0.043457
0.20801
0.066406
-0.0098267
0.032532
0.052795
-0.022278
-0.041077
0.015991
-0.11951
0.036987
-0.035828
-0.011597
0.93622
-0.060791
-0.012024
0.0036011
0.078064
-0.026672
0.58862
0.030273
0.27966
-0.0025024
0.034363
-0.013733
-0.10895
0.0050659
0.08374
-0.043762
0.12854
0.06958
0.11786
-0.057068
0.66815
0.0087891
0.019348
0.049988
0.36884
0.016602
0.25043
0.12061
0.30267
-0.059021
0.08905
-0.059998
0.045288
0.069458
0.062134
0.63281
0.28375
0.024597
-0.023987
0.017822
-0.040588
-0.060669
0.03833
-0.031738
0.012207
-0.0056152
0.53687
0.039673
0.41394
-0.031189
0.068237
-0.0056763
-0.048645
1.0457
-0.011475
-0.039001
-0.03302
-0.024475
0.0056763
0.043152
-0.039551
-0.046753
0.0077515
0.072083
0.25549
0.031982
0.24268
0.1087
0.29816
0.055908
0.023132
0.045593
0.051758
0.040527
-0.012695
0.92084
-0.065247
0.0064087
0.010986
-0.067444
0.010559
-0.013123
0.24805
-0.073547
0.1369
0.6842
0.10822
-0.04303
0.081604
-0.019165
-0.059204
0.063477
-0.071472
0.14642
-0.034851
-0.057556
-0.041016
0.23474
-0.069336
0.12921
0.93707
-0.079956
-0.048157
0.026245
0.13275
0.040588
0.5329
-0.02832
0.16687
0.024658
0.094971
-0.012451
-0.070618
0.051636
-0.049988
-0.0062256
-0.00061035
0.059326
0.017517
0.20984
-0.03833
0.86078
-0.0094604
0.086975
0.0010376
0.073792
0.023865
0.23193
-0.061218
0.05896
-0.056335
0.55042
0.6626
0.0098267
-0.084778
0.065613
0.14557
0.15302
0.22028
-0.035095
0.049744
-0.003479
-0.014343
0.020447
-0.042969
-0.082397
0.020874
-0.023254
0.0031738
0.94177
0.070862
-0.032043
-0.03009
0.012024
-0.057739
-0.047791
0.012634
0.36914
-0.00048828
0.0043945
-0.10931
0.77484
-0.073975
-0.010925
0.033936
-0.0062256
0.04895
0.99524
0.15436
0.0020142
0.027283
-0.087341
-0.075623
-0.047607
0.024109
1.0305
-0.049622
0.026367
-0.0448
0.046814
0.0044556
0.054138
0.017334
0.83691
-0.023804
0.022705
0.038208
0.061951
-0.0037842
0.02002
0.031006
0.012268
-0.079895
0.0042114
-0.015808
0.037476
0.038208
0.409
-0.11725
0.65796
0.094971
-0.067078
0.039856
-0.0040894
0.40186
-0.098267
0.26227
0.12531
0.25623
-0.014526
-0.0020142
-0.026672
0.025024
0.025391
-0.072754
-0.059143
-0.021912
-0.026489
-0.044128
0.011108
0.84131
0.017273
-0.042542
0.0030518
0.1441
0.020935
0.59369
0.036804
0.26569
-0.12317
-0.11224
0.030273
0.062073
0.066589
-0.027344
0.042175
-0.011597
-0.067383
-0.0043945
0.25952
-0.067383
0.94714
0.16492
0.22742
-0.074524
0.27332
0.23499
0.008606
0.073181
0.030029
0.027588
0.0024414
-0.046692
1.0312
-0.033997
-0.020203
0.046875
-0.01947
0.039368
0.01416
0.033997
0.00085449
0.4314
0.03186
0.010925
0.13434
0.11163
0.015503
0.39685
-0.01886
0.025513
0.025696
0.69812
0.095947
0.013306
0.0224
-0.043884
-0.033142
0.1283
0.034363
-0.073608
0.0010376
0.039734
0.059143
0.1048
0.061646
0.0039673
0.44177
0.02594
0.086914
0.21625
-0.057007
-0.031433
-0.014404
0.057434
-0.0072021
0.05835
-0.015564
0.065796
0.068909
0.18457
-0.014221
-0.034607
0.84406
-0.011292
0.091614
0.02417
-0.016907
-0.019226
0.022949
0.0015259
0.014404
0.019409
-0.0043945
0.028748
-6.1035e-05
0.020508
0.066223
-0.0062256
-0.088928
0.084229
0.89246
-0.042908
0.008667
0.099365
1.0424
-0.036926
0.02002
-0.024597
0.019775
-0.043823
-0.030762
0.52618
-0.11584
0.21375
0.03772
-0.013306
-0.031189
0.26587
-0.028442
0.060425
0.022095
0.071228
-0.045776
-0.059326
-0.056274
-0.063416
0.11951
-0.022644
0.13959
1.0656
-0.010864
-0.046936
0.090088
-0.098206
0.84534
0.14722
0.015991
0.17041
0.048645
-0.0071411
0.055237
-0.038757
0.014282
0.031799
-0.098999
-0.0080566
0.02948
0.085327
0.075562
0.74329
-0.0014038
-0.13446
-0.038513
0.13989
0.085144
0.45984
0.013916
0.28204
0.10901
-0.10889
0.049011
0.028442
0.0085449
0.51434
0.047119
0.28375
-0.034424
0.11316
0.022461
-0.07074
-0.030701
0.13348
0.00091553
-0.046509
-0.065491
-0.04834
1.0566
-0.050842
-0.0020142
-0.048218
-0.0032959
-0.0083008
-0.085999
0.32471
0.059692
0.25397
0.0018921
0.39136
-0.0031128
0.080627
-0.040405
0.00085449
-0.044739
-0.048157
0.050171
0.015076
0.26056
0.068542
0.19403
-0.055237
0.69061
0.32318
0.047668
0.034851
0.058838
0.006897
0.40051
0.22882
-0.010254
0.0039673
-0.08374
-0.057617
1.0143
-0.053223
-0.054565
0.022339
0.069214
-0.0077515
-0.029724
0.0024414
-0.023193
-0.03064
0.0073853
0.41016
0.064087
0.37738
0.015808
0.19135
-0.0067749
-0.00085449
-0.060608
0.69702
-0.076477
0.066528
0.038635
0.031494
0.013428
0.30353
-0.039124
-0.015564
-0.0038452
-0.0096436
-0.011292
-0.032898
0.083679
0.013611
0.38647
-0.038635
0.70313
-0.071045
-0.095337
0.051331
-0.022522
-0.014771
-0.087341
0.035706
-0.16711
-0.067993
-0.019836
0.0045166
1.1502
1.3432
-0.011169
0.041565
-0.067627
-0.22192
0.080627
0.29608
-0.052307
-0.015564
0.030823
0.021057
0.80151
0.046814
0.050842
0.029358
-0.066467
-0.064148
-0.062927
-0.022583
0.10352
0.13599
0.17822
-0.0090942
0.38757
0.11792
-0.0023193
0.065308
0.082581
0.1026
-0.033936
0.017456
-0.0039673
0.10858
-0.095215
-0.047729
-0.0011597
0.065247
0.033997
-0.15759
0.95837
-0.020874
-0.081665
-0.15533
-0.023132
0.0015869
1.1116
-0.042053
0.12421
0.058167
-0.079712
-0.058838
0.81213
-0.034119
0.16064
0.1076
-0.10706
0.0058594
0.11353
-0.14142
-0.062073
-0.041382
0.013916
0.48395
-0.026489
0.40271
0.10736
0.039307
0.048889
0.015564
-0.049622
-0.026062
1.2189
-0.033264
-0.1618
-0.020752
-0.047241
0.077698
0.032349
-0.035706
-0.0030518
-0.026917
0.82007
-0.019409
0.28973
0.065674
0.034546
-0.006897
-0.059692
-0.024475
0.0026245
0.01239
-0.066223
-0.076416
0.56659
0.23584
0.061401
0.1629
0.050415
0.017944
0.021729
0.097961
0.026428
0.044678
-0.070618
-0.027649
0.1795
0.11456
0.088745
0.50793
-0.010681
0.31982
0.2348
0.016846
0.27142
0.05957
0.10657
0.15503
0.013367
-0.0016479
0.037781
0.023193
-0.021545
0.031799
0.026428
0.0016479
0.15198
0.032471
0.026489
0.045715
0.78003
-0.078979
0.056824
0.12714
-0.0092163
0.00030518
0.62189
0.10413
0.085754
0.29816
0.14154
-0.019165
0.077087
0.26245
-0.036133
0.70575
-0.093872
0.13489
0.036072
-0.19476
0.084717
-0.060608
0.0224
0.14667
-0.017212
0.52118
0.033752
0.27216
-0.032654
0.026917
-0.045044
-0.093994
0.10175
0.1311
0.76251
0.068359
0.031616
-0.032715
0.0047607
0.0048828
0.019775
-0.043152
0.016907
-0.09137
-0.012573
-0.0022583
0.34192
-0.083191
0.4563
0.12695
0.08844
-0.022705
-0.012268
0.016663
-0.055908
0.027893
0.030701
-0.039795
0.98932
-0.064575
0.036133
-0.0027466
-0.040283
-0.014832
-0.024231
0.033997
0.037292
-0.026062
1.1108
-0.068909
-0.037109
0.053345
0.0023193
0.079529
-0.038757
-0.020752
0.094604
0.076111
0.0026855
0.017334
-0.028076
0.14093
0.064209
-0.072449
0.76965
-0.05603
0.025146
0.039551
0.0020752
0.11664
-0.0037842
-0.0098877
0.024231
0.093872
-0.13599
-0.020325
0.34717
0.14948
0.20758
0.19513
0.33673
-0.0090332
0.59442
-0.055481
0.20367
0.13873
0.084412
-0.034912
0.017517
-0.036377
0.037598
0.081299
0.005249
-0.0032959
-0.12714
-0.11206
0.12012
-0.048035
0.0010376
-0.089417
0.88916
-0.069275
-0.034485
0.16681
-0.019653
0.51428
0.0030518
0.20892
-0.039795
0.13721
0.039795
0.01593
-0.036255
0.15289
-0.046997
0.48462
0.032898
0.38824
0.024658
0.21625
-0.034058
0.83081
-0.059143
0.014587
0.11615
-0.091736
0.033691
0.18207
0.021423
-0.062866
0.039856
-0.12109
-0.022522
-0.0095825
0.043335
0.022705
0.10205
-0.034424
0.7038
0.099976
-0.080017
0.13568
0.025879
0.30206
0.15179
0.2193
-0.016479
0.35394
-0.043762
0.049927
0.062744
0.27594
-0.0061035
0.079163
-0.13104
-0.022522
0.075623
0.23547
0.075439
0.10992
0.077393
-0.011292
-0.00018311
-0.029541
0.015991
0.013977
-0.061462
-0.0061646
0.40985
0.049683
0.47046
-0.03479
0.010193
0.0039673
0.027466
0.039673
0.40399
0.026306
0.20435
0.071045
0.32904
0.69855
0.077087
-0.058472
-0.15601
0.14667
0.011414
0.36475
-0.043518
-0.063232
0.070374
0.21881
0.04248
0.09021
0.26672
0.13269
0.034668
0.20319
0.068054
-0.00097656
-0.072266
0.092407
-0.025513
0.13037
-0.01825
0.44489
0.026306
0.34613
0.012268
0.01355
-0.034058
0.031982
0.010498
-0.058777
-0.085144
-0.022278
-0.062439
-0.01355
0.2049
0.057495
0.75757
1.026
-0.13196
0.10437
-0.22095
-0.1153
0.043396
0.2619
-0.1037
-0.2196
0.044922
0.014465
-0.022827
0.014099
-0.0095215
0.5896
0.066895
0.13336
0.030823
-0.074158
-0.043274
0.7038
-0.049316
-0.15747
-0.066223
0.10858
0.086914
0.22021
-0.0495
0.048157
0.055359
-0.092957
0.061951
0.66278
-0.063171
0.27948
0.021912
-0.0056152
0.040466
0.14697
-0.080627
-0.032471
-0.026611
-0.022461
-0.0046997
0.028259
0.092529
-0.017944
0.99805
-0.19501
0.035461
0.041321
0.029358
-0.049072
-0.053101
0.024719
0.19421
0.061707
-0.0045166
0.022034
0.96008
0.039856
-0.02356
0.35333
-0.02301
0.2243
0.040222
0.42871
0.021973
0.073975
-0.044678
-0.067627
0.99976
-0.018616
-0.0093384
0.02301
-0.028687
0.032349
0.0013428
0.00024414
-0.0097656
0.036194
0.62231
-0.026184
0.13751
0.023499
0.12622
0.016968
0.0625
0.054688
-0.022705
0.035645
0.0079956
0.48633
0.0054932
0.17804
-0.043884
0.31934
0.019226
0.015747
-0.017944
0.84308
-0.012268
0.14172
0.06897
-0.038086
0.035828
0.20062
-0.016357
0.00018311
-0.025269
0.039246
-0.074951
-0.028809
-0.06781
-0.12946
0.074585
-0.058533
0.14862
1.0029
-0.013489
0.056213
-0.074158
-0.017151
-0.013794
-0.12268
0.0040894
0.044434
0.049622
1.0732
0.04126
-0.11688
0.068176
0.080383
-0.069641
-0.0075073
0.20258
0.022766
0.54901
0.0073242
0.094666
-0.010498
0.026733
0.019958
0.16437
0.30292
0.067261
0.32935
-0.13226
0.15656
-0.018799
0.045227
0.14252
0.52228
-0.12408
0.20178
-0.017761
0.2149
-0.014709
0.013489
-0.054382
-0.033447
0.045288
0.030762
-0.00085449
0.015381
0.23712
-0.020203
0.72162
0.12073
-0.038147
0.017822
0.08551
-0.052307
0.076355
-0.016418
1.0911
-0.021301
-0.056946
0.089417
0.008728
-0.10352
-0.00042725
0.03363
-0.0067749
0.037537
0.24969
-0.008606
0.48529
0.19861
0.071533
-0.066284
0.010315
0.15601
0.15289
0.29517
-0.050903
0.31549
-0.083374
0.1969
-0.05365
0.038025
0.8725
-0.0023193
-0.012634
0.0020142
-0.022644
-0.097046
-0.0066528
0.01886
0.0056152
0.02002
-0.0092773
-0.014099
-0.014526
-0.04364
0.010681
-0.010681
-0.036011
1.311
-0.032166
0.057068
0.73859
0.047546
0.015137
0.21857
-0.077698
0.070129
-0.0030518
0.033569
-0.020508
-0.081238
0.09668
0.32159
0.043884
0.63995
-0.029114
0.04187
-0.0029907
-0.099365
0.021973
-0.00024414
0.0012207
-0.08136
-0.012695
0.048096
0.083252
-0.014526
0.024719
0.0033569
0.90338
0.036987
-0.066345
-0.11298
-0.026123
0.032104
0.028992
-0.039185
-0.07428
1.1018
-0.043701
-0.025391
0.083679
0.11774
-0.10815
0.014343
0.08606
-0.056396
0.0066528
-0.10016
0.95886
0.2782
-0.026611
-0.075317
0.18372
0.08252
0.12659
0.13855
0.11627
0.071655
-0.034973
-0.02002
1.1449
0.0047607
-0.16412
0.063049
-0.0099487
-0.0050659
0.067627
0.006897
0.042969
0.87286
0.15326
-0.0092773
0.022034
-0.13837
0.13062
0.058716
-0.027832
-0.20337
0.06488
0.27063
-0.0070801
0.14496
0.11755
0.24072
0.079346
0.32904
-0.02948
-0.026428
-0.0023193
0.78339
-0.032227
-0.075012
0.090271
-0.11426
0.015686
0.044556
0.041382
-0.035828
0.0045166
-0.011841
0.033569
0.059509
0.76086
0.015259
-0.012085
-0.046753
-0.00048828
0.052185
0.019165
0.89868
0.038147
0.027527
0.017273
-0.072815
-0.018738
0.1958
0.052307
-0.038147
-0.02478
0.034729
-0.059204
0.2868
0.088196
0.25555
-0.006897
0.45685
-0.018188
0.14691
0.0037231
0.11566
0.084167
-0.08783
0.062988
0.53003
-0.061096
0.16425
0.05127
0.084778
0.084351
-0.036255
1.2173
0.047974
-0.10809
-0.049622
0.026855
-0.079834
-0.011169
0.039001
0.022644
0.073364
0.051575
0.0043335
0.052002
-0.15283
0.092346
0.0271
0.62311
0.095825
0.1037
-0.013367
0.068787
-0.03949
0.0046387
0.045044
0.3562
0.064453
0.70575
-0.043213
-0.096924
0.060669
0.75836
-0.026794
0.083618
0.01947
0.05719
-0.016479
0.013611
0.02948
0.022278
-0.069824
0.099731
0.62195
0.021118
0.3147
0.084167
0.0018921
0.089111
0.021851
-0.087952
0.11523
-0.057861
0.45764
0.047546
0.093262
-0.012207
0.3056
0.029053
-0.11932
0.06427
0.010132
-0.11212
0.042114
0.05719
-0.033386
1.1117
-0.033997
-0.029785
0.06311
-0.19293
-0.16595
0.01239
-0.01416
0.99176
0.043701
0.030884
0.017151
-0.024048
0.0095215
-0.014343
-0.072632
0.077148
0.0014648
0.19287
0.5675
0.054199
0.2182
-0.033264
-0.016235
-0.020203
-0.022095
0.97192
0.022461
0.053589
-0.071228
-0.041809
-0.033569
0.017029
-0.008728
-0.031189
-0.060974
-0.0065918
0.0010986
0.037048
0.050964
0.040466
-0.058044
0.86279
-0.050171
-0.068665
-0.02594
0.083923
0.41748
-0.029358
0.39874
0.04071
0.2132
-0.0054932
-0.0076294
0.03363
-0.02124
0.082642
-0.050598
-0.018616
0.062683
0.31885
-0.048706
0.7016
0.017151
-0.072205
0.63165
-0.063293
-0.14563
-0.0049438
0.18286
0.11749
0.31519
-0.062683
0.039673
-0.0014038
-0.069336
0.075806
0.30243
0.096802
0.41516
-0.003479
0.19537
0.010315
-0.068909
-0.05188
-0.035461
-0.12079
0.09845
0.012268
-0.11987
0.02478
-0.0098267
-0.055664
1.075
-0.15747
-0.046021
-0.013123
-0.038757
0.0093384
0.050842
0.28284
0.029236
0.13348
0.48535
0.0027466
-0.030151
1.2115
-0.011108
-0.22424
0.0092163
0.021729
-0.022583
0.029968
0.017029
-0.020874
0.056335
-0.017334
0.075439
0.29034
0.40753
0.086121
0.15027
0.03241
-0.10327
-0.021729
-0.01947
0.058411
-0.0047607
0.020691
0.0027466
0.10168
0.0078735
0.4411
0.011597
0.48413
-0.016785
0.024719
-0.0083008
-0.00177
-0.0014038
0.12183
-0.024048
0.13446
0.14484
0.53931
0.36371
-0.20648
0.1142
0.49237
0.16888
0.20465
0.33606
-0.0075073
0.064575
0.091858
0.17157
-0.06958
-0.07019
0.58984
-0.067749
0.0023193
0.04718
0.12274
0.25629
0.018066
-0.043823
0.072144
0.15393
-0.046936
0.87109
-0.020447
-0.058777
-0.013977
-0.036621
0.067871
0.058411
0.050781
-0.0067749
0.029846
-0.070557
0.17169
-0.010559
-0.011719
0.085999
0.77533
0.15527
-0.054565
-0.088562
0.93567
-0.048645
0.040405
0.092896
-0.072449
-0.013794
0.070618
0.092102
-0.016846
-0.0047607
0.010437
-0.014038
0.17242
-0.032166
0.057373
-0.041504
0.60028
0.028442
-0.0448
0.0032959
-0.080994
0.033325
0.11011
0.11084
-0.033752
0.83936
0.081909
0.14661
0.049866
-0.025085
-0.017212
0.022888
0.58514
0.13153
-0.018982
-0.11609
0.25299
0.10394
0.10785
-0.078979
0.65161
-0.0032349
0.068542
0.011292
0.032898
0.13666
-0.041626
0.0045166
0.026489
-0.082703
-0.14044
0.13251
0.050232
0.25586
-0.014526
1.0103
0.033569
0.020386
0.093872
0.29816
-0.0048828
0.62885
0.073425
-0.13068
0.0044556
-0.015747
0.042419
-0.018494
-0.023926
-0.00030518
-0.05481
0.0495
-0.035583
-0.017639
0.97931
0.10101
-0.017761
-0.090149
0.84698
-0.067139
-0.035278
0.17395
-0.0026245
0.023193
0.012695
-0.03595
-0.0096436
-0.039429
0.036499
0.0062256
0.067566
0.64154
0.011597
0.25122
-0.037781
0.077026
-0.03363
-0.068176
0.99292
-0.02478
-0.020264
0.00067139
0.058533
0.005127
0.017944
-0.012573
0.046021
-0.045898
-0.010498
-0.085999
0.042114
-0.055298
-0.18127
-0.051453
0.11493
0.25696
0.80304
-0.028198
-0.04071
0.2124
0.02771
0.37012
-0.039001
0.42181
0.015137
0.09668
-0.020935
0.11432
-0.080872
0.11957
-0.065979
0.069641
0.07666
0.021484
-0.00012207
0.41968
-0.005127
0.11829
0.31195
-0.047302
0.2688
0.10706
0.23511
0.11646
0.10632
-0.030396
-0.014343
-0.0036621
-0.033203
0.89789
0.070435
-0.013
-0.02063
0.16516
-0.0097656
0.012207
0.020935
-0.024658
0.10248
0.16608
0.062134
0.46478
0.012085
0.15656
-0.0081787
0.018433
-0.019287
0.1131
-0.020386
0.080444
-0.024109
0.041687
0.080994
0.13989
0.09137
0.25397
-0.054138
-0.035767
0.98145
-0.066101
-0.0014648
-0.0046387
0.0081787
0.037476
0.0040894
-0.00018311
-0.021179
0.001709
0.99115
-0.10345
0.0092163
-0.020325
0.019897
-0.041321
0.015991
-0.020142
0.00012207
-0.0064087
-0.01001
0.027893
-0.0064697
-0.084045
0.84772
0.0075684
-0.0099487
-0.05896
0.082397
-0.080994
-0.027832
0.022034
-0.063721
-0.013916
0.16968
0.04541
-0.048218
1.0694
0.02948
0.052368
-0.010132
0.1626
0.016174
-0.06543
-0.028687
0.12183
0.031921
0.18616
0.030823
-0.061401
1.1464
-0.049805
-0.046387
0.035034
0.087708
0.033081
-0.029724
0.0091553
-0.0075684
0.36841
-0.023987
0.42493
0.085999
0.056458
0.075012
0.40479
0.081848
-0.22449
-0.177
0.095886
0.042603
0.26715
0.032288
-0.018677
-0.090576
0.16113
0.086731
0.138
0.078247
0.037964
0.05957
-0.061584
0.0046387
0.043701
0.22198
-0.022705
-0.010864
-0.056946
0.66925
0.78284
0.10046
-0.065125
-0.060486
-0.057434
-0.033264
0.10352
0.010254
-0.059448
0.0026855
0.00085449
-0.061035
0.081848
-0.022522
0.068542
0.27209
0.078857
-0.12653
0.06665
0.83954
-0.11078
-0.0092773
-0.04718
-0.025085
0.13245
0.89203
-0.041138
0.017761
-0.2149
0.069519
0.24042
0.040833
-0.037537
0.80261
-0.099854
0.021973
-0.031738
-0.046875
-0.015076
-0.025208
-0.0045166
-0.076721
-0.12396
-0.03479
0.012512
1.0131
0.13104
0.12439
0.043762
-0.010864
0.88538
0.030823
0.070557
0.050476
-0.078552
0.057861
0.20148
0.028931
-0.064758
-0.076294
0.26733
-0.065918
0.14288
0.053589
-0.0025635
0.16156
0.38458
0.074158
0.066345
-0.030029
-0.058167
-0.040405
-0.1532
-0.11462
-0.014709
0.97662
0.054626
0.14276
-0.094788
0.070435
