0.144531
0.031250
0.015625
0.914062
0.117188
-0.117188
0.082031
0.113281
-0.105469
0.019531
-0.058594
-0.042969
-0.132812
0.027344
-0.035156
0.117188
-0.089844
0.183594
0.531250
0.085938
0.046875
-0.042969
0.554688
0.007812
0.019531
0.019531
0.253906
-0.015625
0.019531
0.066406
-0.058594
-0.015625
-0.054688
-0.039062
0.011719
0.054688
0.066406
0.179688
0.050781
0.789062
1.027344
0.019531
0.035156
-0.015625
-0.140625
0.039062
0.085938
0.042969
-0.011719
0.003906
0.722656
0.046875
0.121094
0.105469
-0.015625
-0.019531
0.257812
0.039062
-0.097656
-0.007812
0.058594
-0.019531
-0.027344
0.007812
0.031250
0.546875
0.023438
0.402344
-0.105469
0.125000
0.003906
-0.015625
0.312500
0.144531
0.265625
-0.050781
0.359375
-0.007812
0.070312
-0.023438
0.484375
0.019531
0.027344
0.109375
0.019531
-0.003906
0.070312
0.007812
-0.023438
0.062500
-0.011719
0.105469
0.320312
0.015625
0.113281
-0.117188
0.187500
0.007812
0.050781
0.085938
0.031250
0.023438
-0.015625
-0.027344
-0.007812
0.144531
0.019531
0.558594
-0.039062
0.371094
0.113281
0.058594
0.039062
0.000000
0.222656
0.093750
0.453125
0.000000
0.132812
0.003906
0.109375
-0.089844
0.042969
0.054688
0.000000
0.300781
0.117188
0.066406
0.378906
-0.039062
-0.046875
0.035156
0.019531
0.003906
0.015625
0.308594
0.160156
0.105469
0.382812
0.023438
0.058594
0.000000
0.500000
0.042969
0.101562
-0.058594
0.109375
-0.144531
0.101562
0.050781
0.746094
0.015625
-0.019531
-0.039062
-0.011719
-0.011719
0.226562
-0.027344
0.003906
0.074219
0.203125
0.113281
0.019531
0.691406
-0.027344
-0.019531
0.097656
0.003906
0.093750
0.000000
0.542969
-0.292969
-0.042969
0.195312
-0.019531
-0.089844
0.394531
0.070312
0.253906
0.066406
0.062500
0.035156
-0.023438
0.031250
-0.015625
0.316406
0.089844
0.824219
0.078125
-0.085938
-0.027344
0.695312
0.050781
0.289062
0.167969
-0.035156
-0.019531
0.000000
-0.085938
0.023438
-0.046875
0.054688
0.078125
0.117188
0.324219
-0.054688
0.062500
-0.023438
0.167969
0.042969
-0.046875
0.003906
-0.027344
-0.050781
0.023438
-0.070312
-0.031250
0.914062
-0.027344
-0.003906
-0.136719
0.105469
0.621094
0.218750
0.226562
0.003906
0.171875
-0.085938
-0.035156
-0.035156
0.125000
-0.042969
0.152344
0.222656
0.109375
-0.023438
0.148438
0.078125
0.117188
0.046875
0.039062
-0.023438
0.003906
0.011719
-0.015625
-0.023438
0.031250
0.285156
0.031250
0.511719
-0.035156
1.054688
-0.042969
-0.089844
0.042969
-0.046875
0.003906
0.039062
-0.027344
-0.058594
0.261719
0.039062
-0.101562
0.308594
0.191406
0.019531
0.132812
0.035156
-0.011719
0.031250
0.085938
-0.027344
-0.113281
0.042969
-0.031250
1.023438
0.000000
0.300781
0.031250
-0.128906
-0.125000
0.007812
0.347656
0.039062
0.449219
0.007812
0.156250
0.027344
-0.035156
-0.042969
0.324219
0.085938
-0.152344
0.285156
0.300781
0.058594
0.183594
0.031250
-0.046875
0.003906
0.027344
-0.039062
-0.023438
0.039062
0.007812
-0.039062
-0.050781
0.031250
0.171875
0.890625
0.007812
0.000000
-0.101562
0.000000
0.054688
0.199219
-0.082031
-0.117188
-0.132812
0.746094
0.046875
-0.023438
0.222656
0.070312
0.093750
-0.042969
0.382812
-0.062500
0.421875
0.035156
0.050781
0.074219
0.074219
0.074219
0.250000
-0.066406
0.007812
0.085938
0.105469
0.046875
0.097656
-0.011719
0.019531
-0.105469
-0.054688
-0.031250
0.097656
0.132812
0.914062
-0.082031
0.089844
0.000000
0.046875
-0.015625
-0.042969
0.160156
0.128906
-0.058594
0.175781
0.007812
0.085938
0.593750
-0.003906
0.308594
0.101562
-0.039062
0.000000
0.035156
-0.031250
0.007812
-0.042969
1.093750
0.011719
0.023438
0.000000
0.058594
-0.035156
-0.054688
0.007812
0.015625
-0.031250
0.019531
-0.031250
-0.035156
0.070312
0.019531
-0.054688
0.148438
0.839844
0.050781
0.179688
0.000000
-0.085938
0.257812
-0.093750
0.234375
0.273438
-0.140625
0.605469
-0.039062
0.050781
0.128906
-0.148438
0.519531
0.160156
0.046875
0.148438
-0.015625
0.136719
-0.082031
-0.070312
0.000000
-0.011719
0.050781
0.011719
0.628906
0.039062
0.304688
0.140625
-0.101562
-0.007812
-0.050781
-0.011719
0.082031
0.023438
0.449219
-0.074219
0.613281
-0.082031
0.054688
-0.046875
-0.007812
0.000000
-0.054688
0.035156
0.265625
0.035156
0.410156
0.222656
0.023438
-0.054688
0.105469
0.332031
0.011719
0.140625
-0.023438
0.183594
-0.062500
0.078125
0.031250
-0.089844
0.003906
0.027344
0.011719
0.015625
0.175781
0.054688
0.195312
0.089844
0.625000
0.003906
-0.015625
0.218750
0.011719
0.648438
-0.035156
0.175781
-0.046875
-0.082031
0.058594
-0.078125
-0.117188
0.105469
1.019531
-0.078125
0.003906
0.007812
-0.027344
0.054688
0.023438
-0.070312
0.039062
-0.003906
0.027344
0.062500
0.078125
0.000000
0.058594
0.093750
0.679688
0.128906
0.132812
-0.042969
0.722656
0.042969
0.000000
0.015625
0.050781
0.000000
-0.031250
-0.070312
0.000000
0.222656
-0.148438
0.136719
0.011719
0.167969
0.125000
0.558594
-0.027344
-0.042969
-0.039062
0.011719
0.019531
0.007812
-0.089844
-0.074219
0.074219
0.074219
1.019531
0.500000
0.039062
-0.070312
0.148438
0.082031
0.035156
0.351562
0.093750
0.078125
-0.042969
0.210938
0.117188
0.394531
-0.085938
0.128906
0.125000
0.269531
0.027344
-0.050781
-0.015625
0.109375
0.296875
0.195312
0.062500
0.054688
0.218750
-0.015625
0.027344
-0.125000
0.011719
0.074219
-0.023438
0.031250
0.042969
0.828125
-0.003906
0.253906
0.140625
-0.070312
0.023438
0.035156
-0.105469
0.066406
-0.117188
-0.019531
0.875000
0.042969
-0.035156
0.160156
-0.082031
0.003906
-0.011719
0.007812
0.015625
0.003906
-0.062500
0.027344
0.386719
0.019531
0.515625
0.707031
0.050781
0.125000
0.042969
0.039062
0.039062
0.207031
0.078125
0.113281
-0.082031
0.023438
-0.027344
0.136719
-0.003906
0.570312
-0.023438
0.195312
0.015625
0.070312
0.027344
0.117188
-0.011719
0.015625
0.539062
0.257812
0.085938
0.160156
0.003906
0.000000
0.046875
-0.027344
-0.039062
-0.003906
0.078125
0.027344
-0.027344
-0.050781
-0.113281
0.000000
0.949219
-0.015625
0.093750
0.019531
-0.093750
-0.023438
0.558594
0.042969
0.460938
0.132812
-0.207031
-0.003906
-0.011719
-0.089844
-0.035156
-0.019531
0.191406
-0.050781
0.570312
-0.074219
0.207031
0.035156
0.035156
0.121094
0.027344
0.378906
-0.003906
0.382812
-0.042969
0.039062
0.015625
0.277344
-0.039062
0.250000
-0.039062
-0.062500
-0.023438
0.328125
0.042969
0.164062
0.011719
-0.046875
-0.007812
0.132812
0.011719
-0.007812
0.960938
0.000000
-0.062500
0.167969
0.066406
-0.062500
0.058594
0.007812
-0.179688
0.246094
0.035156
0.074219
-0.093750
0.875000
0.093750
0.199219
-0.191406
0.023438
1.167969
-0.050781
0.023438
-0.070312
-0.042969
-0.121094
0.035156
-0.011719
0.906250
0.011719
0.000000
0.000000
-0.003906
-0.027344
0.046875
0.007812
-0.031250
0.277344
0.312500
-0.003906
0.464844
0.023438
-0.031250
0.027344
0.058594
0.062500
-0.027344
-0.011719
0.089844
0.031250
0.023438
0.011719
0.472656
-0.003906
0.425781
0.066406
-0.031250
0.011719
0.007812
0.140625
-0.035156
0.710938
0.042969
0.156250
-0.035156
-0.019531
0.000000
-0.046875
0.039062
-0.066406
0.027344
0.039062
0.097656
0.011719
-0.015625
0.105469
0.644531
-0.054688
0.019531
-0.121094
0.253906
0.632812
0.039062
0.253906
-0.027344
0.000000
-0.007812
0.039062
-0.062500
0.050781
0.949219
-0.027344
0.031250
0.003906
0.007812
0.074219
-0.003906
-0.003906
-0.015625
-0.023438
0.027344
-0.054688
0.007812
-0.023438
0.101562
0.207031
0.839844
-0.011719
0.050781
-0.003906
-0.019531
-0.007812
0.296875
0.007812
0.320312
-0.050781
0.324219
0.023438
0.050781
0.460938
0.003906
0.355469
0.027344
0.132812
-0.027344
-0.019531
-0.011719
1.187500
-0.035156
0.078125
-0.136719
-0.230469
0.000000
0.128906
-0.070312
-0.105469
0.000000
-0.023438
-0.031250
0.121094
-0.011719
0.062500
0.304688
0.121094
0.117188
0.445312
-0.042969
0.164062
0.097656
0.195312
0.238281
0.070312
-0.007812
0.222656
-0.011719
0.058594
-0.058594
-0.046875
0.113281
-0.046875
-0.070312
0.074219
0.144531
-0.007812
0.039062
-0.128906
0.941406
0.000000
0.949219
0.003906
0.039062
0.011719
-0.035156
-0.019531
0.035156
0.050781
0.042969
0.015625
-0.027344
0.027344
0.011719
0.050781
-0.011719
0.027344
0.027344
-0.023438
0.968750
-0.007812
0.015625
0.003906
-0.031250
-0.011719
0.199219
-0.027344
0.089844
0.000000
0.703125
0.714844
0.000000
0.031250
-0.203125
-0.109375
-0.062500
0.238281
-0.050781
0.093750
-0.042969
-0.023438
0.000000
0.007812
-0.039062
0.031250
0.023438
-0.039062
0.882812
0.140625
-0.042969
-0.031250
0.824219
-0.066406
0.152344
0.015625
0.039062
-0.015625
0.035156
-0.035156
0.035156
-0.093750
-0.011719
0.347656
0.023438
0.421875
0.007812
0.160156
0.011719
0.015625
-0.050781
0.035156
0.085938
0.085938
0.019531
-0.039062
0.691406
0.031250
0.503906
0.089844
-0.109375
1.277344
-0.089844
-0.039062
0.003906
-0.210938
0.042969
0.199219
0.093750
-0.222656
0.050781
0.316406
0.203125
-0.062500
0.539062
-0.082031
-0.058594
0.050781
-0.070312
0.078125
-0.031250
0.117188
-0.109375
-0.105469
0.609375
-0.156250
0.082031
0.101562
0.027344
0.621094
-0.027344
0.046875
0.050781
-0.011719
-0.007812
0.039062
0.195312
0.058594
0.820312
0.031250
-0.039062
0.027344
-0.023438
0.128906
0.031250
0.589844
-0.054688
0.113281
-0.007812
0.035156
0.011719
0.105469
0.113281
-0.007812
0.160156
0.011719
0.394531
0.050781
0.082031
0.050781
0.128906
-0.015625
-0.011719
-0.078125
0.042969
0.023438
0.964844
0.027344
0.164062
0.031250
-0.042969
-0.105469
0.062500
-0.078125
-0.082031
0.085938
0.136719
-0.019531
0.015625
-0.078125
1.132812
0.144531
0.156250
-0.093750
0.558594
0.125000
0.039062
0.000000
0.062500
-0.035156
0.000000
0.011719
0.066406
0.511719
0.035156
0.140625
0.011719
0.214844
0.000000
0.125000
-0.046875
0.976562
-0.015625
-0.062500
0.058594
0.011719
0.078125
0.078125
-0.007812
-0.035156
0.070312
0.304688
-0.023438
-0.105469
-0.136719
0.066406
-0.011719
0.277344
-0.039062
0.281250
-0.132812
-0.027344
-0.058594
0.058594
-0.011719
-0.167969
0.000000
0.007812
-0.078125
0.117188
1.058594
0.296875
-0.019531
0.023438
-0.062500
0.125000
0.046875
0.128906
-0.031250
0.074219
0.035156
0.082031
-0.113281
0.054688
-0.003906
0.082031
1.117188
0.128906
0.007812
0.000000
-0.097656
0.640625
-0.039062
-0.074219
0.003906
0.023438
0.042969
0.199219
0.042969
-0.027344
-0.003906
-0.003906
0.675781
-0.011719
0.144531
0.031250
0.042969
-0.035156
0.078125
0.023438
0.003906
0.261719
0.042969
-0.054688
0.609375
-0.105469
0.011719
0.097656
-0.011719
-0.066406
0.019531
0.000000
0.023438
-0.039062
0.062500
-0.050781
0.257812
0.011719
0.683594
0.082031
-0.070312
-0.042969
0.007812
-0.136719
0.019531
0.023438
0.503906
-0.101562
-0.027344
-0.195312
0.648438
0.019531
0.968750
0.023438
0.011719
0.101562
-0.050781
-0.007812
0.046875
-0.035156
0.015625
0.070312
-0.007812
-0.011719
-0.054688
0.054688
0.320312
0.062500
0.351562
0.046875
0.335938
-0.015625
-0.015625
-0.035156
-0.023438
0.042969
0.199219
0.035156
0.074219
0.042969
0.761719
0.082031
0.285156
-0.011719
0.496094
0.183594
0.011719
-0.046875
0.007812
-0.074219
0.011719
0.781250
-0.031250
-0.035156
0.058594
-0.042969
-0.027344
0.125000
-0.011719
0.000000
0.015625
0.035156
0.019531
0.019531
0.042969
-0.058594
0.238281
0.000000
-0.031250
0.140625
0.687500
0.011719
0.062500
-0.062500
-0.050781
-0.007812
0.023438
-0.027344
1.156250
-0.140625
-0.054688
0.054688
-0.058594
0.453125
0.136719
0.121094
-0.003906
0.078125
0.023438
-0.074219
0.007812
0.039062
0.023438
-0.003906
0.085938
0.007812
-0.175781
-0.011719
0.214844
0.074219
0.941406
0.085938
0.167969
0.707031
-0.167969
-0.058594
0.031250
0.160156
0.019531
0.000000
-0.035156
-0.031250
1.039062
0.019531
-0.074219
0.023438
0.019531
-0.031250
-0.027344
0.046875
0.050781
0.011719
0.000000
0.519531
0.054688
0.109375
0.027344
0.242188
0.019531
-0.035156
0.000000
-0.023438
0.027344
-0.011719
-0.058594
0.035156
-0.039062
-0.007812
1.109375
0.000000
-0.050781
0.125000
-0.171875
0.078125
0.000000
-0.074219
0.687500
0.074219
0.339844
-0.105469
0.089844
-0.070312
0.839844
-0.023438
-0.035156
0.140625
0.046875
0.089844
0.015625
-0.070312
0.085938
0.925781
0.171875
0.132812
-0.132812
0.000000
0.074219
0.371094
0.054688
-0.191406
-0.023438
0.027344
0.085938
0.015625
0.117188
0.054688
0.363281
-0.023438
0.667969
-0.003906
-0.101562
-0.132812
0.070312
-0.054688
0.773438
0.078125
0.105469
0.015625
0.023438
0.015625
0.011719
0.046875
-0.074219
0.101562
0.101562
0.484375
0.019531
0.320312
0.039062
0.015625
-0.003906
-0.019531
0.019531
-0.082031
-0.015625
0.019531
-0.042969
0.042969
0.656250
-0.035156
0.347656
0.039062
-0.039062
0.339844
-0.101562
0.179688
0.234375
0.398438
-0.050781
0.097656
-0.035156
-0.046875
0.035156
0.375000
0.003906
0.261719
0.000000
0.175781
0.000000
0.070312
-0.007812
0.066406
0.011719
0.105469
0.078125
0.339844
0.000000
0.503906
-0.003906
-0.039062
0.027344
0.039062
-0.019531
-0.039062
0.000000
-0.113281
0.027344
0.031250
-0.042969
0.984375
0.023438
-0.046875
-0.011719
0.031250
0.054688
-0.042969
0.410156
-0.031250
0.082031
0.058594
0.269531
0.007812
-0.027344
0.000000
-0.050781
-0.007812
-0.121094
0.019531
0.460938
0.011719
0.554688
-0.027344
-0.066406
-0.035156
0.031250
-0.007812
-0.078125
0.035156
-0.140625
0.160156
0.761719
-0.027344
0.039062
-0.089844
0.117188
-0.011719
0.828125
-0.042969
0.195312
0.062500
-0.070312
-0.035156
0.039062
0.000000
-0.042969
0.058594
-0.109375
0.070312
1.218750
-0.062500
-0.128906
0.003906
-0.042969
0.093750
0.527344
0.199219
0.027344
0.066406
-0.015625
0.039062
-0.074219
0.117188
0.144531
0.132812
0.277344
0.132812
0.144531
0.136719
0.000000
0.015625
-0.031250
0.039062
-0.023438
-0.066406
1.019531
-0.058594
-0.070312
-0.019531
-0.121094
0.023438
-0.050781
0.011719
0.050781
-0.031250
-0.042969
0.046875
0.167969
-0.031250
0.578125
-0.085938
0.187500
0.195312
0.132812
0.054688
0.339844
0.105469
0.023438
0.089844
0.015625
0.023438
-0.035156
0.113281
0.011719
0.054688
0.382812
0.121094
0.175781
0.152344
-0.097656
0.089844
-0.007812
-0.085938
0.875000
-0.031250
0.152344
-0.007812
0.089844
0.031250
-0.003906
0.007812
0.007812
0.058594
-0.074219
-0.035156
0.105469
-0.007812
0.929688
0.117188
0.050781
-0.058594
-0.136719
0.269531
-0.125000
0.285156
-0.046875
-0.023438
-0.140625
0.191406
-0.039062
0.246094
0.082031
-0.039062
-0.027344
-0.031250
0.003906
-0.007812
0.140625
0.046875
0.207031
0.046875
0.519531
0.000000
-0.007812
0.000000
-0.019531
0.035156
0.183594
-0.066406
0.582031
-0.089844
0.300781
0.027344
0.062500
-0.011719
0.109375
0.351562
0.101562
0.335938
0.042969
-0.019531
-0.058594
0.687500
0.000000
0.007812
-0.023438
0.035156
0.003906
0.156250
0.039062
-0.058594
0.035156
0.316406
-0.011719
0.144531
-0.117188
0.042969
0.222656
0.363281
0.023438
0.257812
-0.121094
0.000000
0.078125
0.058594
0.027344
0.046875
1.132812
0.093750
-0.113281
0.050781
-0.019531
-0.121094
0.003906
0.222656
0.027344
-0.023438
0.273438
0.058594
-0.113281
0.914062
0.011719
1.019531
0.058594
-0.078125
-0.109375
-0.066406
0.101562
0.003906
0.027344
-0.109375
-0.011719
0.039062
0.019531
-0.031250
-0.058594
-0.019531
0.355469
-0.003906
0.757812
0.019531
0.000000
0.007812
-0.015625
-0.031250
0.042969
0.011719
0.304688
0.050781
0.695312
0.023438
-0.031250
0.242188
-0.035156
0.144531
0.468750
0.042969
0.011719
0.058594
0.066406
0.027344
0.000000
-0.011719
0.128906
0.304688
0.035156
0.222656
0.031250
0.167969
0.089844
-0.050781
0.019531
0.660156
0.042969
-0.085938
0.093750
0.054688
0.070312
0.105469
0.015625
0.003906
-0.011719
-0.125000
-0.003906
0.441406
-0.132812
0.406250
0.062500
0.171875
-0.125000
0.003906
0.050781
-0.101562
0.035156
-0.027344
-0.019531
0.011719
0.308594
0.128906
0.000000
0.667969
-0.027344
-0.035156
0.101562
0.507812
0.003906
0.335938
0.031250
0.230469
0.000000
0.035156
-0.027344
0.824219
0.089844
0.000000
0.066406
-0.046875
-0.035156
0.078125
-0.023438
-0.019531
0.023438
0.031250
0.000000
0.218750
0.000000
0.250000
0.027344
0.328125
-0.007812
0.082031
0.011719
0.007812
-0.027344
0.000000
0.042969
-0.007812
-0.191406
-0.003906
0.128906
-0.003906
0.847656
-0.039062
0.062500
0.179688
-0.167969
0.132812
-0.113281
0.285156
0.121094
0.519531
0.023438
0.007812
0.027344
-0.015625
0.039062
0.097656
0.156250
0.023438
-0.062500
0.050781
0.976562
0.398438
0.000000
0.171875
-0.015625
-0.035156
0.039062
0.238281
0.078125
0.054688
-0.054688
-0.093750
-0.042969
0.046875
-0.074219
0.066406
0.839844
0.070312
-0.070312
0.003906
0.242188
0.816406
0.039062
0.042969
0.039062
-0.074219
-0.011719
0.156250
0.078125
0.031250
-0.003906
0.003906
-0.042969
0.058594
0.070312
0.511719
-0.050781
0.320312
-0.027344
0.074219
0.042969
0.738281
0.031250
0.128906
0.152344
-0.089844
-0.070312
0.167969
0.000000
0.046875
0.000000
-0.046875
0.101562
0.339844
0.015625
0.277344
0.113281
0.238281
-0.011719
0.089844
-0.050781
0.195312
0.000000
0.148438
0.238281
0.046875
-0.007812
0.148438
0.167969
0.058594
0.125000
0.121094
0.335938
0.097656
0.566406
-0.027344
0.062500
-0.031250
0.023438
0.140625
-0.066406
0.003906
0.890625
0.003906
0.023438
0.035156
-0.019531
0.000000
0.023438
0.039062
0.011719
-0.046875
0.003906
-0.050781
0.007812
-0.003906
-0.031250
-0.031250
-0.078125
0.789062
0.007812
-0.039062
0.070312
-0.097656
0.062500
0.042969
0.316406
0.093750
0.574219
0.218750
-0.101562
-0.039062
0.105469
0.285156
0.000000
0.398438
0.042969
0.195312
-0.003906
-0.042969
0.015625
-0.074219
0.781250
-0.054688
0.191406
-0.050781
-0.035156
0.000000
0.082031
0.062500
0.015625
-0.007812
-0.035156
0.000000
0.015625
-0.027344
0.093750
-0.011719
-0.140625
-0.039062
1.039062
0.062500
1.035156
-0.074219
-0.093750
0.000000
0.042969
-0.062500
-0.035156
0.011719
0.031250
-0.015625
0.011719
0.542969
0.031250
0.093750
0.046875
0.222656
-0.023438
-0.023438
0.035156
-0.031250
0.031250
0.433594
0.027344
0.117188
-0.054688
0.156250
0.019531
-0.003906
0.023438
0.019531
0.078125
0.031250
0.011719
-0.109375
1.089844
-0.042969
0.003906
0.093750
0.121094
-0.179688
-0.027344
0.351562
0.136719
0.398438
-0.023438
0.082031
-0.113281
0.394531
0.093750
0.363281
0.011719
-0.054688
0.570312
-0.039062
-0.058594
0.199219
-0.093750
0.003906
0.027344
0.230469
0.011719
0.066406
-0.015625
-0.078125
-0.031250
0.082031
-0.011719
0.058594
0.062500
1.019531
0.039062
-0.066406
-0.019531
-0.148438
0.054688
-0.015625
0.035156
-0.062500
0.000000
-0.097656
0.101562
0.265625
-0.023438
0.203125
0.082031
0.214844
-0.023438
0.054688
-0.003906
0.089844
-0.031250
0.039062
0.062500
0.339844
0.000000
0.429688
-0.035156
0.210938
-0.062500
0.230469
0.140625
-0.078125
0.253906
0.113281
-0.062500
0.097656
0.066406
0.058594
0.000000
-0.046875
0.121094
0.000000
-0.019531
0.027344
0.234375
-0.039062
0.902344
0.062500
-0.074219
0.089844
0.042969
0.398438
0.312500
0.089844
-0.050781
0.105469
-0.054688
0.007812
0.023438
-0.027344
0.769531
0.031250
0.066406
0.042969
0.078125
-0.015625
0.015625
0.054688
0.011719
0.035156
0.031250
0.023438
-0.023438
0.003906
-0.015625
0.070312
0.179688
0.761719
0.015625
0.101562
0.058594
0.304688
-0.007812
0.144531
0.253906
0.296875
-0.023438
0.000000
-0.054688
-0.054688
-0.015625
0.027344
-0.058594
0.011719
0.085938
0.031250
0.078125
0.625000
0.011719
-0.039062
-0.019531
0.023438
0.039062
0.023438
0.035156
-0.007812
0.644531
0.039062
0.148438
0.023438
0.027344
-0.011719
0.000000
0.003906
-0.148438
0.019531
-0.136719
-0.250000
1.363281
-0.015625
0.082031
0.335938
0.027344
0.351562
-0.058594
0.203125
0.042969
0.066406
-0.023438
-0.035156
1.078125
0.000000
-0.023438
-0.015625
0.054688
0.011719
0.011719
0.050781
0.003906
-0.003906
0.105469
0.250000
0.152344
0.191406
0.156250
0.187500
0.007812
0.003906
-0.121094
-0.046875
-0.023438
0.054688
0.101562
0.039062
0.714844
-0.054688
0.289062
-0.027344
-0.066406
-0.031250
0.082031
-0.070312
-0.089844
-0.019531
0.207031
0.113281
0.949219
0.066406
-0.109375
-0.019531
0.007812
0.058594
0.070312
0.058594
0.105469
-0.015625
1.019531
0.019531
-0.007812
-0.054688
0.097656
0.058594
0.609375
0.394531
0.015625
0.140625
-0.027344
-0.109375
-0.015625
0.031250
0.082031
0.460938
-0.105469
0.167969
0.000000
0.410156
0.058594
0.140625
-0.015625
-0.042969
-0.039062
0.093750
0.050781
-0.027344
1.042969
0.039062
-0.050781
-0.093750
0.042969
-0.070312
-0.011719
-0.058594
-0.046875
0.046875
0.039062
0.050781
0.281250
0.058594
0.707031
0.179688
0.082031
-0.027344
0.414062
0.203125
0.000000
0.156250
-0.062500
0.031250
-0.007812
0.000000
0.074219
0.183594
0.003906
0.359375
-0.035156
0.425781
-0.019531
0.152344
-0.027344
-0.105469
0.000000
-0.042969
-0.140625
0.050781
0.265625
-0.023438
0.914062
0.046875
-0.003906
0.082031
-0.015625
-0.011719
0.667969
0.089844
0.078125
0.023438
0.035156
0.007812
0.000000
0.027344
0.042969
0.468750
0.011719
0.105469
-0.039062
0.187500
-0.023438
0.101562
0.019531
0.238281
0.085938
0.031250
0.371094
-0.019531
0.011719
0.234375
-0.039062
0.187500
-0.011719
0.027344
-0.019531
0.062500
0.003906
0.031250
-0.175781
0.031250
0.335938
0.066406
0.687500
0.097656
0.054688
0.382812
0.031250
0.136719
-0.039062
0.355469
0.054688
0.050781
0.000000
-0.035156
0.000000
-0.039062
0.027344
0.015625
0.539062
-0.039062
0.542969
0.062500
-0.093750
0.000000
0.078125
0.066406
0.636719
0.281250
0.003906
0.062500
-0.019531
-0.078125
-0.023438
0.042969
0.003906
-0.019531
0.035156
0.000000
-0.097656
0.062500
0.093750
-0.050781
0.882812
0.015625
0.617188
-0.015625
0.312500
0.078125
0.042969
-0.062500
0.007812
-0.031250
0.027344
0.011719
-0.078125
0.593750
0.101562
0.078125
0.027344
0.343750
-0.105469
0.121094
-0.031250
-0.050781
0.687500
-0.101562
0.097656
0.183594
0.070312
0.042969
-0.062500
-0.054688
0.011719
0.011719
-0.082031
0.023438
0.078125
-0.144531
0.062500
-0.078125
-0.070312
0.125000
0.937500
-0.007812
-0.031250
-0.003906
0.003906
-0.011719
0.050781
0.000000
0.941406
0.000000
-0.070312
0.148438
-0.046875
0.343750
-0.011719
0.101562
0.101562
0.285156
-0.074219
0.085938
-0.003906
0.062500
0.093750
-0.070312
0.656250
-0.007812
0.027344
0.003906
-0.035156
0.027344
-0.027344
-0.156250
-0.027344
-0.039062
0.687500
0.320312
0.011719
0.210938
-0.042969
0.003906
-0.066406
-0.027344
-0.046875
0.144531
0.015625
0.054688
0.089844
0.210938
0.078125
0.578125
-0.027344
0.035156
0.917969
-0.046875
0.050781
0.042969
-0.003906
0.027344
0.027344
-0.015625
0.046875
0.167969
0.015625
-0.078125
-0.015625
0.105469
-0.046875
0.113281
0.000000
0.824219
-0.062500
0.117188
-0.109375
0.000000
0.988281
-0.019531
0.003906
0.082031
0.050781
0.054688
-0.007812
0.101562
0.078125
-0.066406
0.035156
-0.039062
0.472656
-0.058594
-0.023438
0.000000
0.570312
0.750000
0.007812
0.023438
0.000000
-0.031250
-0.027344
0.097656
0.027344
0.039062
-0.003906
0.007812
-0.019531
-0.046875
-0.019531
-0.082031
0.503906
0.082031
0.089844
0.257812
0.355469
-0.042969
-0.054688
0.015625
1.148438
-0.117188
0.039062
0.062500
0.000000
-0.023438
0.066406
0.109375
-0.117188
-0.152344
0.406250
-0.093750
-0.031250
0.179688
0.273438
0.699219
0.039062
0.164062
-0.039062
0.207031
0.000000
0.031250
0.000000
0.148438
0.257812
-0.183594
0.476562
0.019531
0.058594
-0.042969
0.046875
0.007812
0.234375
-0.003906
0.375000
0.070312
0.242188
0.058594
0.050781
0.140625
0.054688
0.273438
0.007812
0.359375
0.031250
0.093750
0.023438
-0.074219
0.015625
-0.019531
0.011719
0.078125
-0.011719
-0.109375
0.050781
-0.101562
0.890625
0.742188
0.015625
-0.085938
-0.093750
0.187500
0.023438
0.199219
-0.062500
-0.039062
0.007812
0.515625
-0.128906
-0.007812
0.000000
-0.003906
-0.042969
0.242188
0.042969
0.019531
0.035156
-0.148438
0.132812
0.156250
-0.203125
0.265625
0.136719
0.187500
-0.058594
0.878906
0.015625
0.000000
0.019531
-0.085938
0.382812
0.316406
0.058594
0.191406
0.050781
0.011719
0.042969
0.000000
-0.019531
0.601562
-0.050781
0.199219
-0.003906
0.242188
0.019531
-0.050781
-0.015625
0.128906
-0.035156
0.093750
0.492188
0.179688
0.050781
0.218750
-0.011719
-0.007812
-0.089844
0.132812
-0.105469
0.097656
0.617188
0.140625
-0.011719
0.175781
-0.019531
-0.015625
-0.007812
0.027344
-0.023438
0.027344
0.097656
0.500000
0.000000
0.382812
-0.007812
0.011719
-0.027344
0.136719
-0.031250
0.015625
1.035156
-0.097656
-0.011719
0.003906
-0.027344
-0.023438
0.058594
-0.035156
0.062500
-0.039062
-0.019531
-0.015625
-0.058594
-0.042969
0.914062
0.011719
-0.070312
0.105469
0.007812
0.121094
-0.015625
0.125000
0.023438
0.242188
-0.101562
0.519531
0.015625
-0.003906
-0.023438
0.000000
-0.003906
0.015625
-0.113281
0.007812
0.597656
-0.054688
0.332031
0.039062
0.937500
0.003906
0.058594
0.007812
-0.019531
-0.117188
-0.035156
-0.050781
0.019531
0.070312
0.050781
-0.015625
0.625000
-0.031250
-0.015625
0.062500
-0.101562
0.105469
-0.039062
-0.027344
-0.078125
-0.082031
0.027344
0.050781
-0.234375
0.074219
0.339844
0.050781
0.632812
0.027344
0.011719
0.109375
-0.082031
0.066406
-0.015625
0.148438
0.015625
0.332031
0.101562
-0.027344
-0.062500
-0.035156
-0.105469
0.007812
0.078125
0.074219
0.027344
0.000000
1.035156
-0.058594
-0.035156
-0.089844
-0.121094
0.089844
1.066406
0.031250
0.035156
0.046875
-0.085938
0.039062
-0.035156
-0.105469
0.109375
0.015625
0.828125
-0.062500
0.167969
0.027344
0.058594
0.082031
-0.007812
0.324219
0.015625
0.242188
0.007812
0.152344
-0.003906
0.011719
-0.027344
-0.097656
-0.054688
-0.027344
0.050781
0.703125
0.066406
0.253906
-0.089844
0.105469
0.058594
-0.007812
0.031250
0.253906
0.003906
0.468750
0.000000
0.316406
-0.011719
0.066406
-0.007812
0.042969
0.000000
-0.175781
0.066406
-0.042969
0.902344
0.000000
-0.031250
0.000000
-0.109375
0.984375
0.011719
-0.089844
-0.023438
-0.066406
0.035156
0.101562
0.050781
-0.070312
-0.003906
-0.042969
0.042969
-0.023438
0.085938
0.140625
-0.035156
0.078125
-0.011719
0.835938
-0.011719
0.207031
0.027344
-0.152344
0.375000
0.125000
-0.042969
0.335938
0.042969
0.019531
0.082031
0.429688
0.031250
0.070312
0.164062
-0.050781
0.074219
0.128906
0.003906
-0.023438
-0.046875
0.089844
-0.035156
0.046875
-0.058594
0.441406
0.019531
0.445312
-0.039062
-0.015625
0.058594
0.906250
-0.023438
0.179688
0.007812
-0.062500
0.023438
0.171875
0.000000
-0.089844
0.085938
-0.011719
-0.054688
-0.042969
0.074219
0.027344
-0.007812
-0.054688
0.027344
0.859375
0.003906
-0.031250
-0.152344
-0.093750
0.101562
-0.148438
0.000000
-0.078125
0.191406
1.027344
0.078125
-0.035156
0.039062
0.003906
0.011719
-0.042969
0.031250
0.011719
0.382812
-0.089844
0.558594
-0.011719
-0.015625
0.132812
-0.070312
0.488281
0.039062
0.359375
0.003906
-0.042969
-0.027344
0.007812
0.003906
0.000000
0.011719
-0.031250
0.000000
-0.027344
0.246094
-0.054688
0.621094
-0.019531
1.007812
-0.007812
-0.031250
-0.015625
0.000000
-0.011719
0.023438
0.000000
-0.046875
-0.062500
0.023438
-0.066406
-0.003906
0.011719
1.070312
0.015625
0.011719
0.046875
-0.046875
-0.062500
0.976562
-0.046875
-0.125000
0.039062
0.050781
-0.011719
-0.015625
0.007812
-0.011719
0.070312
-0.039062
0.265625
-0.027344
0.550781
-0.027344
0.257812
-0.011719
0.054688
0.000000
-0.003906
0.941406
0.003906
-0.085938
0.074219
-0.011719
-0.023438
-0.007812
0.011719
0.011719
0.101562
-0.019531
-0.007812
0.332031
0.207031
0.066406
0.156250
0.011719
0.046875
-0.035156
0.148438
-0.050781
0.179688
0.039062
0.058594
0.062500
0.214844
0.058594
0.113281
0.000000
-0.003906
0.125000
0.191406
-0.042969
0.191406
0.273438
0.195312
-0.109375
0.000000
-0.042969
0.101562
0.015625
0.265625
0.015625
0.007812
0.003906
0.148438
0.039062
0.054688
0.054688
0.058594
0.000000
0.195312
-0.066406
0.531250
-0.093750
0.257812
0.011719
0.035156
0.109375
-0.015625
-0.027344
0.015625
-0.089844
0.062500
1.039062
0.085938
0.031250
0.023438
0.140625
0.050781
0.000000
-0.027344
0.093750
-0.023438
0.281250
-0.011719
0.640625
0.015625
-0.027344
-0.085938
-0.121094
-0.058594
0.132812
0.011719
1.117188
0.050781
-0.070312
0.113281
-0.011719
0.042969
-0.054688
0.011719
0.000000
-0.011719
0.031250
-0.109375
0.058594
-0.062500
0.730469
-0.039062
0.011719
0.628906
0.015625
0.113281
-0.035156
0.035156
0.015625
-0.011719
0.003906
0.738281
0.082031
0.050781
0.031250
-0.015625
-0.046875
0.156250
0.031250
-0.015625
-0.027344
-0.101562
0.011719
0.019531
0.046875
-0.031250
0.730469
-0.136719
0.121094
0.140625
0.148438
-0.105469
0.070312
0.078125
0.066406
0.003906
0.257812
-0.101562
0.886719
0.082031
-0.109375
1.011719
-0.007812
-0.101562
-0.035156
-0.164062
0.031250
0.191406
0.039062
0.066406
0.027344
0.003906
0.035156
-0.089844
0.070312
-0.011719
1.019531
-0.050781
-0.125000
-0.054688
-0.058594
0.019531
-0.031250
-0.125000
0.000000
0.648438
-0.015625
0.332031
-0.046875
0.039062
0.011719
-0.066406
-0.042969
0.027344
-0.015625
0.093750
0.890625
0.074219
0.085938
0.003906
-0.109375
0.207031
0.105469
-0.175781
0.234375
0.296875
-0.050781
0.242188
-0.007812
0.054688
-0.070312
0.277344
0.031250
-0.066406
0.214844
0.117188
-0.039062
0.054688
0.007812
0.144531
-0.007812
0.031250
-0.046875
0.015625
-0.035156
0.718750
-0.003906
0.218750
-0.070312
0.125000
0.039062
0.679688
0.070312
0.050781
-0.039062
-0.019531
-0.066406
0.152344
0.035156
-0.027344
-0.031250
0.007812
0.019531
0.000000
0.042969
0.054688
0.625000
-0.015625
0.429688
0.136719
-0.132812
0.101562
0.605469
0.019531
0.066406
0.070312
0.121094
0.000000
-0.058594
-0.058594
0.003906
0.078125
-0.250000
-0.058594
0.160156
-0.023438
0.773438
0.097656
-0.023438
0.089844
-0.078125
0.097656
-0.007812
0.097656
0.035156
0.457031
0.035156
0.300781
0.000000
0.000000
-0.027344
-0.007812
-0.062500
0.031250
0.000000
0.054688
0.144531
0.011719
0.054688
0.054688
0.710938
0.035156
0.050781
0.250000
-0.003906
0.042969
-0.062500
0.175781
0.023438
0.062500
0.031250
0.191406
0.500000
-0.046875
0.218750
0.332031
0.039062
-0.050781
-0.011719
-0.062500
0.027344
0.031250
-0.011719
-0.023438
-0.062500
0.054688
0.300781
0.000000
0.570312
0.000000
0.140625
0.289062
-0.054688
0.000000
0.269531
0.261719
0.007812
0.179688
0.015625
0.007812
-0.023438
0.035156
-0.042969
0.093750
0.082031
0.367188
-0.007812
0.203125
-0.027344
0.136719
-0.019531
0.015625
0.000000
-0.015625
-0.042969
0.500000
0.019531
0.363281
-0.019531
0.042969
0.007812
0.765625
0.035156
0.035156
0.089844
-0.031250
-0.074219
0.128906
0.023438
-0.082031
0.011719
0.039062
0.031250
-0.046875
0.050781
-0.074219
0.152344
0.101562
0.964844
0.050781
-0.195312
0.035156
0.339844
0.144531
0.058594
0.363281
-0.070312
0.035156
0.007812
-0.003906
-0.007812
-0.019531
-0.003906
0.050781
0.023438
0.023438
0.011719
0.046875
-0.015625
0.203125
0.082031
-0.066406
0.015625
0.070312
-0.046875
-0.023438
1.355469
-0.039062
-0.238281
0.054688
0.160156
0.046875
0.035156
-0.015625
0.035156
-0.003906
0.507812
0.031250
0.546875
-0.039062
-0.046875
0.000000
0.070312
0.000000
0.011719
0.023438
0.445312
0.042969
0.050781
0.390625
-0.035156
0.035156
-0.015625
0.027344
-0.011719
0.031250
0.531250
0.203125
0.105469
0.062500
0.250000
-0.136719
0.023438
-0.015625
-0.105469
0.085938
0.890625
0.074219
-0.101562
0.140625
0.027344
-0.031250
0.968750
-0.078125
-0.058594
0.035156
0.042969
0.000000
0.000000
-0.007812
-0.003906
-0.113281
0.000000
-0.066406
-0.011719
0.136719
0.070312
0.023438
0.003906
0.832031
0.097656
0.000000
0.007812
0.062500
-0.015625
0.011719
0.589844
0.019531
0.355469
0.054688
-0.007812
0.031250
-0.066406
0.015625
-0.039062
0.074219
-0.054688
0.031250
0.234375
0.148438
0.621094
-0.015625
0.027344
0.000000
0.027344
0.035156
-0.238281
0.078125
1.269531
-0.058594
-0.031250
-0.066406
-0.023438
-0.007812
-0.031250
0.078125
0.074219
-0.039062
0.863281
-0.089844
-0.054688
-0.039062
-0.050781
0.078125
-0.046875
0.507812
0.011719
0.406250
0.011719
-0.007812
-0.050781
-0.070312
-0.023438
-0.003906
-0.062500
0.039062
1.140625
-0.007812
-0.085938
0.074219
-0.128906
0.046875
0.070312
0.296875
-0.101562
0.378906
0.117188
0.300781
-0.023438
0.003906
-0.019531
-0.078125
-0.050781
0.785156
0.125000
0.230469
-0.050781
0.265625
0.007812
-0.054688
-0.070312
-0.042969
1.230469
-0.074219
-0.109375
0.027344
0.058594
0.023438
-0.042969
0.000000
0.011719
0.128906
0.023438
0.480469
-0.070312
0.152344
-0.054688
0.292969
-0.039062
0.203125
-0.042969
0.046875
0.097656
0.332031
0.078125
0.343750
0.089844
0.140625
0.074219
-0.046875
-0.042969
-0.046875
-0.003906
0.281250
0.074219
0.429688
0.011719
-0.019531
-0.035156
0.003906
0.007812
0.046875
0.910156
-0.042969
0.097656
-0.011719
0.000000
-0.046875
0.003906
-0.035156
-0.035156
0.585938
-0.003906
-0.085938
-0.113281
0.023438
0.000000
0.292969
-0.023438
0.324219
0.093750
0.679688
0.062500
0.074219
0.207031
0.019531
-0.070312
0.253906
0.062500
-0.046875
0.148438
0.093750
0.042969
0.015625
-0.093750
0.082031
-0.164062
0.027344
0.000000
-0.171875
1.093750
0.015625
0.941406
-0.011719
0.027344
0.023438
0.031250
-0.015625
0.039062
0.027344
-0.015625
0.070312
0.015625
-0.113281
0.074219
-0.117188
0.085938
-0.058594
0.074219
1.394531
-0.105469
0.019531
0.054688
0.589844
-0.101562
0.281250
-0.058594
0.281250
0.031250
0.031250
-0.089844
0.289062
-0.003906
-0.132812
0.347656
0.179688
0.257812
0.277344
0.019531
0.195312
-0.128906
0.015625
0.011719
0.000000
-0.015625
0.074219
-0.066406
0.000000
0.707031
0.031250
0.257812
-0.042969
-0.042969
0.000000
0.000000
0.804688
0.031250
0.179688
-0.058594
0.050781
-0.019531
-0.011719
0.003906
0.027344
-0.070312
0.089844
-0.007812
0.027344
-0.078125
-0.144531
1.089844
0.039062
0.128906
-0.003906
0.085938
-0.046875
0.113281
-0.187500
-0.078125
0.132812
0.449219
-0.015625
-0.023438
-0.007812
0.015625
0.015625
0.035156
-0.003906
0.140625
0.175781
0.605469
-0.085938
0.031250
0.148438
-0.085938
0.812500
0.042969
0.238281
0.042969
-0.031250
-0.003906
0.187500
0.125000
-0.046875
0.585938
0.101562
0.011719
0.050781
0.015625
0.011719
0.011719
-0.050781
-0.015625
-0.019531
0.000000
-0.003906
-0.007812
0.000000
0.105469
-0.074219
0.964844
-0.089844
-0.019531
-0.121094
0.054688
0.117188
0.558594
-0.027344
0.300781
0.015625
-0.082031
0.519531
-0.007812
-0.089844
0.144531
0.183594
-0.003906
0.363281
0.011719
0.054688
0.023438
-0.031250
-0.039062
-0.074219
0.089844
0.132812
0.093750
0.152344
0.085938
0.199219
-0.035156
0.027344
0.089844
0.691406
-0.058594
0.031250
-0.019531
0.039062
0.023438
-0.023438
0.031250
0.042969
0.011719
-0.054688
-0.054688
0.066406
0.199219
0.031250
0.597656
-0.003906
0.257812
0.171875
0.054688
0.027344
0.929688
-0.082031
-0.070312
0.066406
-0.031250
-0.007812
0.015625
0.015625
0.031250
-0.066406
0.015625
0.003906
0.023438
-0.039062
-0.054688
0.023438
1.039062
0.406250
0.003906
-0.050781
0.406250
0.015625
0.031250
0.156250
0.011719
-0.007812
-0.015625
0.714844
0.003906
0.011719
0.261719
-0.113281
0.000000
0.054688
0.046875
-0.070312
-0.085938
-0.042969
-0.058594
0.046875
0.007812
-0.089844
0.808594
0.027344
0.066406
0.210938
0.035156
0.015625
0.000000
-0.003906
0.011719
0.000000
-0.027344
-0.039062
0.121094
0.085938
0.968750
0.246094
0.132812
-0.101562
0.460938
0.144531
0.054688
0.011719
-0.007812
-0.035156
0.035156
-0.082031
0.035156
-0.042969
0.089844
-0.019531
-0.031250
-0.062500
-0.125000
0.003906
1.167969
-0.011719
-0.039062
-0.035156
0.050781
0.500000
-0.019531
0.437500
-0.042969
0.082031
-0.015625
0.558594
0.011719
-0.125000
-0.035156
0.132812
-0.027344
0.226562
-0.062500
0.062500
0.089844
0.070312
0.046875
0.238281
-0.207031
0.156250
0.390625
0.312500
-0.015625
0.136719
-0.042969
-0.074219
-0.031250
0.140625
-0.101562
0.050781
1.140625
0.050781
-0.179688
0.160156
-0.140625
-0.027344
-0.042969
-0.089844
-0.011719
0.097656
-0.160156
0.011719
0.492188
0.140625
0.425781
-0.015625
0.863281
-0.003906
0.011719
0.027344
-0.027344
-0.019531
0.085938
-0.027344
0.027344
-0.050781
-0.035156
0.027344
-0.011719
0.648438
0.031250
0.191406
-0.050781
0.085938
0.000000
-0.042969
0.117188
0.000000
0.027344
0.035156
0.785156
-0.031250
0.097656
0.132812
-0.039062
-0.101562
0.109375
0.316406
-0.019531
0.441406
0.000000
0.199219
0.011719
-0.031250
-0.046875
0.816406
0.097656
-0.015625
0.011719
-0.058594
-0.035156
0.117188
-0.019531
0.007812
0.007812
0.214844
0.066406
0.750000
-0.042969
0.078125
-0.015625
0.144531
-0.023438
0.070312
-0.003906
-0.015625
-0.042969
-0.101562
0.570312
0.355469
-0.003906
0.109375
-0.093750
-0.042969
-0.054688
0.035156
0.312500
0.007812
0.644531
0.125000
-0.027344
-0.007812
0.082031
-0.082031
0.000000
-0.046875
0.937500
-0.027344
0.054688
0.035156
-0.003906
0.023438
0.000000
0.003906
0.015625
-0.050781
1.031250
0.003906
0.000000
0.000000
0.000000
-0.039062
0.000000
0.039062
0.015625
0.011719
0.011719
-0.035156
0.027344
0.019531
0.382812
0.078125
0.707031
-0.054688
-0.042969
0.027344
-0.039062
0.011719
-0.031250
0.589844
0.042969
0.421875
-0.039062
0.023438
0.003906
0.027344
0.027344
0.324219
0.035156
0.324219
-0.003906
0.269531
0.003906
-0.046875
-0.011719
-0.070312
0.042969
0.460938
-0.054688
0.070312
0.281250
0.218750
-0.031250
0.109375
-0.003906
0.007812
-0.031250
0.007812
0.000000
-0.054688
1.042969
0.050781
-0.003906
-0.019531
0.078125
-0.035156
0.078125
0.082031
-0.062500
0.058594
-0.003906
0.007812
-0.105469
-0.082031
1.132812
-0.046875
-0.023438
-0.011719
-0.011719
0.070312
0.066406
0.082031
0.054688
0.949219
-0.054688
0.003906
-0.035156
0.000000
-0.031250
0.046875
0.097656
0.003906
0.625000
-0.082031
0.304688
0.007812
0.011719
-0.031250
0.039062
0.019531
0.539062
0.019531
0.164062
-0.031250
0.292969
0.167969
0.203125
0.000000
0.464844
0.070312
0.011719
0.152344
0.066406
-0.003906
-0.011719
0.050781
0.105469
0.214844
0.007812
0.574219
0.027344
0.019531
0.167969
-0.050781
-0.035156
-0.015625
0.003906
0.031250
0.019531
0.031250
-0.003906
-0.015625
1.031250
-0.113281
0.007812
0.015625
-0.003906
0.082031
-0.027344
-0.015625
0.125000
-0.035156
-0.035156
-0.019531
0.878906
0.164062
0.066406
0.191406
0.007812
0.226562
0.121094
0.300781
-0.035156
-0.003906
-0.007812
1.289062
0.031250
-0.062500
-0.027344
-0.218750
0.035156
-0.007812
0.128906
-0.082031
-0.050781
-0.011719
1.121094
-0.078125
-0.105469
0.000000
0.042969
-0.007812
-0.050781
0.007812
0.015625
0.027344
0.753906
-0.023438
0.238281
0.042969
-0.007812
-0.039062
-0.039062
-0.027344
0.015625
-0.066406
1.089844
0.015625
-0.023438
0.000000
-0.007812
0.003906
-0.003906
-0.019531
-0.023438
-0.070312
0.082031
0.035156
-0.007812
0.785156
0.000000
0.187500
-0.070312
-0.046875
0.023438
0.023438
0.015625
-0.121094
-0.132812
0.082031
-0.007812
-0.058594
0.042969
1.191406
0.082031
0.300781
0.136719
0.039062
0.199219
0.093750
0.042969
0.140625
0.000000
0.054688
-0.078125
-0.011719
-0.031250
-0.031250
-0.003906
0.023438
0.066406
0.007812
-0.031250
0.613281
-0.011719
0.601562
0.148438
0.000000
0.121094
0.046875
-0.035156
0.164062
0.000000
0.058594
0.019531
-0.031250
0.027344
0.042969
-0.035156
0.039062
0.242188
-0.035156
-0.011719
0.000000
0.390625
0.015625
0.148438
-0.058594
0.011719
0.027344
0.449219
0.027344
0.398438
0.000000
-0.128906
0.000000
0.101562
0.066406
0.054688
0.273438
0.097656
0.523438
-0.046875
0.125000
-0.015625
0.000000
0.007812
-0.054688
0.000000
-0.003906
-0.074219
0.031250
1.027344
0.011719
-0.027344
0.343750
0.085938
-0.031250
0.042969
0.085938
0.050781
0.328125
0.046875
0.074219
0.015625
-0.066406
0.015625
0.074219
-0.027344
0.019531
0.089844
0.027344
-0.132812
0.984375
0.007812
0.062500
-0.035156
0.617188
0.000000
0.300781
-0.011719
0.093750
0.027344
-0.035156
-0.089844
0.000000
0.035156
0.105469
0.367188
0.445312
0.082031
0.062500
0.027344
-0.035156
-0.054688
0.031250
-0.031250
-0.023438
-0.003906
0.652344
0.003906
0.250000
0.003906
0.058594
0.000000
0.039062
0.011719
0.046875
0.042969
0.605469
-0.011719
0.039062
0.035156
0.039062
-0.007812
0.175781
0.031250
0.531250
-0.093750
0.207031
0.121094
0.363281
-0.007812
0.113281
-0.027344
0.167969
-0.105469
0.371094
0.027344
0.031250
-0.109375
0.332031
0.011719
-0.062500
-0.039062
-0.003906
-0.058594
0.042969
0.000000
-0.066406
0.945312
0.074219
-0.031250
-0.039062
0.167969
-0.011719
0.039062
0.003906
-0.019531
0.003906
0.320312
-0.050781
0.753906
0.062500
-0.054688
-0.003906
0.046875
0.207031
-0.054688
0.542969
-0.058594
0.000000
0.050781
-0.058594
0.039062
0.066406
0.046875
0.000000
-0.121094
-0.007812
0.058594
0.078125
0.058594
-0.046875
0.910156
-0.023438
-0.007812
-0.015625
0.003906
0.003906
0.136719
0.007812
0.390625
0.082031
0.289062
0.015625
0.000000
0.644531
-0.019531
0.234375
0.000000
0.285156
0.027344
-0.019531
-0.042969
0.023438
-0.089844
0.964844
-0.035156
0.042969
0.019531
0.160156
-0.019531
0.007812
0.117188
0.000000
0.042969
0.550781
-0.015625
0.242188
0.011719
0.082031
-0.003906
-0.011719
-0.019531
0.828125
0.148438
0.179688
0.003906
-0.003906
0.042969
0.210938
0.054688
-0.078125
-0.148438
-0.007812
-0.023438
0.011719
0.003906
0.035156
0.027344
0.027344
1.019531
-0.062500
-0.011719
-0.085938
0.007812
0.179688
-0.019531
0.425781
0.035156
0.203125
0.011719
0.003906
-0.023438
0.015625
-0.003906
-0.035156
0.089844
-0.039062
0.988281
-0.023438
-0.078125
-0.105469
-0.039062
0.062500
-0.035156
0.691406
0.167969
-0.023438
-0.046875
0.171875
0.007812
-0.027344
-0.027344
-0.031250
0.074219
0.046875
0.859375
0.050781
0.011719
0.003906
0.039062
-0.027344
-0.011719
0.113281
-0.054688
0.171875
0.269531
0.152344
-0.015625
0.187500
-0.023438
0.082031
-0.066406
-0.011719
0.910156
-0.046875
-0.046875
0.050781
0.031250
0.011719
0.082031
0.000000
0.035156
0.042969
0.101562
-0.011719
0.058594
-0.101562
0.332031
-0.027344
0.203125
-0.011719
0.855469
0.039062
-0.042969
0.125000
0.011719
0.070312
0.085938
0.136719
0.019531
0.773438
0.046875
0.039062
0.691406
0.000000
0.316406
0.078125
0.003906
0.000000
-0.007812
-0.035156
0.078125
0.062500
0.000000
-0.082031
0.031250
-0.148438
0.093750
0.003906
-0.089844
1.039062
-0.011719
0.066406
-0.117188
0.500000
-0.050781
0.320312
0.011719
0.292969
0.097656
0.027344
0.058594
0.011719
0.042969
0.476562
-0.003906
0.082031
0.023438
0.128906
0.000000
0.003906
0.035156
-0.003906
0.019531
0.015625
1.039062
-0.066406
-0.015625
-0.019531
-0.144531
-0.058594
-0.007812
-0.027344
-0.121094
0.058594
-0.039062
-0.023438
0.125000
0.023438
0.050781
0.113281
0.933594
0.156250
0.562500
0.019531
0.089844
0.226562
-0.089844
0.046875
0.046875
0.039062
-0.046875
-0.011719
-0.027344
0.066406
-0.070312
0.011719
0.250000
0.070312
-0.023438
0.117188
0.835938
-0.062500
0.023438
-0.011719
0.000000
0.015625
0.640625
-0.019531
0.445312
0.046875
-0.128906
0.191406
0.015625
0.316406
0.027344
0.132812
0.000000
0.343750
0.000000
0.085938
-0.015625
0.031250
-0.023438
0.035156
0.000000
-0.023438
0.117188
0.054688
0.000000
0.042969
0.949219
0.281250
0.019531
0.167969
0.207031
0.003906
0.121094
0.347656
0.011719
0.070312
-0.097656
0.007812
0.054688
0.000000
-0.128906
0.023438
-0.003906
0.000000
0.109375
-0.113281
1.007812
0.035156
0.054688
-0.019531
0.617188
0.296875
0.007812
0.140625
0.050781
-0.027344
0.023438
1.058594
-0.066406
-0.070312
-0.015625
-0.125000
0.054688
0.007812
0.042969
-0.023438
0.000000
-0.035156
0.132812
0.250000
-0.023438
0.433594
-0.042969
0.281250
0.023438
0.121094
0.019531
0.152344
-0.027344
0.144531
-0.050781
-0.058594
0.000000
0.144531
0.035156
0.214844
-0.007812
0.089844
0.355469
-0.054688
0.152344
0.312500
-0.011719
0.085938
0.089844
0.000000
-0.046875
-0.109375
0.070312
0.050781
0.035156
0.562500
-0.011719
0.218750
-0.089844
0.140625
0.031250
0.039062
0.046875
0.175781
0.027344
0.382812
-0.003906
0.246094
0.031250
0.085938
0.000000
0.675781
0.019531
-0.144531
-0.046875
0.218750
0.140625
0.246094
-0.050781
0.000000
0.000000
-0.019531
-0.031250
-0.046875
0.000000
-0.015625
0.132812
-0.070312
0.152344
0.019531
0.738281
-0.085938
0.027344
0.582031
0.074219
0.226562
0.023438
0.160156
-0.031250
-0.027344
0.000000
-0.023438
1.035156
-0.039062
-0.101562
0.023438
0.078125
-0.015625
-0.046875
0.019531
0.000000
0.050781
0.933594
0.019531
0.070312
0.031250
-0.039062
-0.035156
-0.019531
-0.035156
0.011719
0.906250
-0.007812
-0.035156
-0.027344
-0.011719
0.007812
0.183594
0.015625
-0.039062
0.007812
-0.156250
0.113281
0.023438
-0.046875
-0.015625
0.769531
-0.070312
0.187500
0.007812
0.070312
0.554688
-0.027344
-0.105469
0.062500
0.183594
0.031250
0.328125
-0.031250
0.046875
0.050781
-0.023438
0.000000
0.000000
0.007812
0.046875
0.125000
-0.042969
0.972656
-0.082031
0.066406
1.160156
0.035156
0.054688
-0.003906
-0.109375
0.066406
0.003906
0.003906
-0.066406
0.031250
0.058594
0.156250
-0.121094
0.156250
0.554688
0.000000
0.128906
0.019531
0.050781
0.035156
-0.042969
1.015625
-0.046875
-0.066406
0.039062
0.039062
0.046875
0.011719
0.035156
0.000000
0.031250
1.031250
-0.023438
0.003906
0.031250
-0.011719
0.007812
-0.011719
-0.003906
-0.031250
0.007812
-0.031250
0.019531
-0.015625
-0.003906
0.144531
0.042969
0.441406
0.000000
0.375000
1.003906
0.000000
-0.066406
-0.019531
-0.160156
-0.003906
0.062500
0.007812
-0.046875
-0.035156
0.593750
-0.058594
-0.156250
0.054688
0.148438
0.058594
0.332031
-0.089844
0.078125
0.035156
-0.042969
0.933594
0.000000
-0.019531
0.023438
0.042969
0.000000
0.062500
0.082031
-0.007812
0.019531
0.046875
-0.015625
-0.039062
0.058594
0.078125
0.023438
0.167969
0.000000
0.757812
0.050781
0.023438
-0.027344
0.019531
0.019531
0.015625
0.277344
-0.078125
0.304688
-0.046875
0.000000
0.062500
-0.007812
-0.027344
0.003906
-0.136719
-0.011719
0.597656
0.039062
0.335938
0.152344
0.000000
-0.070312
0.433594
-0.144531
0.281250
0.093750
0.062500
0.160156
-0.070312
0.015625
0.050781
-0.085938
0.085938
-0.050781
0.398438
-0.089844
0.335938
0.082031
0.136719
-0.085938
0.136719
0.144531
-0.242188
0.558594
-0.093750
0.218750
-0.039062
0.089844
-0.019531
0.191406
0.792969
0.019531
-0.011719
0.085938
-0.011719
0.042969
0.097656
-0.011719
-0.050781
0.050781
0.039062
0.390625
0.050781
0.082031
-0.003906
0.234375
0.007812
-0.007812
0.011719
0.386719
0.132812
-0.011719
-0.003906
0.113281
0.085938
0.351562
-0.070312
0.003906
0.000000
-0.062500
0.085938
0.078125
-0.003906
0.300781
-0.011719
0.132812
0.027344
0.593750
0.023438
0.769531
-0.023438
-0.062500
-0.015625
-0.082031
0.035156
0.101562
0.093750
-0.035156
0.011719
-0.144531
-0.042969
-0.136719
0.597656
0.574219
0.019531
0.164062
-0.117188
-0.160156
-0.078125
0.558594
0.207031
-0.078125
-0.082031
0.031250
-0.082031
0.097656
-0.085938
0.085938
0.050781
0.000000
0.039062
0.933594
-0.015625
0.058594
0.023438
0.132812
0.050781
-0.027344
-0.039062
-0.125000
-0.175781
0.042969
0.921875
0.253906
0.101562
0.179688
-0.058594
-0.011719
-0.148438
-0.105469
0.011719
-0.097656
0.015625
0.011719
0.878906
-0.093750
0.238281
0.058594
-0.062500
-0.007812
0.031250
-0.015625
0.023438
-0.027344
0.074219
-0.050781
0.003906
0.015625
0.796875
-0.023438
-0.046875
-0.015625
-0.035156
0.035156
0.640625
-0.035156
0.304688
-0.039062
-0.054688
-0.007812
0.000000
-0.007812
0.000000
0.054688
0.128906
0.058594
-0.085938
0.789062
0.054688
-0.046875
0.015625
-0.011719
-0.027344
0.011719
0.179688
-0.007812
0.109375
0.070312
0.824219
0.148438
-0.085938
-0.003906
1.003906
-0.031250
0.003906
0.074219
0.019531
0.039062
-0.015625
0.175781
0.621094
-0.117188
0.218750
0.089844
0.058594
0.007812
-0.023438
-0.035156
0.003906
0.015625
-0.039062
-0.035156
-0.003906
-0.050781
-0.050781
0.058594
0.847656
-0.074219
0.089844
0.019531
0.046875
-0.007812
0.125000
0.039062
0.023438
-0.011719
0.042969
0.921875
-0.007812
-0.007812
-0.003906
-0.062500
-0.035156
-0.015625
0.109375
-0.031250
-0.007812
-0.070312
0.996094
-0.031250
0.105469
-0.117188
0.207031
0.742188
0.050781
0.074219
0.003906
-0.003906
0.015625
0.054688
1.160156
-0.050781
-0.105469
0.023438
-0.003906
0.039062
-0.078125
0.007812
-0.003906
-0.050781
0.871094
0.027344
-0.074219
0.097656
-0.015625
0.031250
0.011719
-0.058594
0.074219
-0.054688
0.039062
-0.015625
-0.050781
-0.007812
0.277344
0.019531
0.160156
0.070312
0.593750
0.851562
0.082031
0.007812
0.039062
-0.035156
0.011719
0.156250
0.000000
0.058594
-0.023438
0.000000
-0.039062
-0.031250
-0.042969
-0.011719
-0.128906
-0.019531
0.925781
0.000000
0.093750
0.476562
0.074219
0.179688
0.113281
0.109375
0.042969
0.296875
-0.003906
0.011719
-0.109375
0.902344
0.003906
-0.019531
-0.125000
-0.007812
-0.023438
0.113281
0.039062
-0.007812
-0.011719
-0.007812
0.042969
-0.027344
0.039062
0.015625
0.015625
0.023438
0.175781
-0.003906
0.777344
0.222656
0.171875
0.019531
0.210938
0.203125
0.031250
0.109375
0.097656
0.007812
-0.054688
0.875000
0.000000
-0.117188
-0.031250
-0.007812
0.039062
0.175781
0.011719
0.003906
0.007812
-0.046875
0.207031
0.515625
-0.089844
0.714844
-0.027344
0.402344
0.035156
-0.417969
-0.160156
0.003906
-0.039062
0.011719
-0.027344
0.011719
0.281250
0.128906
0.039062
0.160156
0.761719
0.316406
0.023438
0.250000
0.136719
0.156250
0.058594
0.269531
0.085938
-0.042969
-0.058594
