0.29688
0.47955
0.056824
0.13208
0.084534
0.080505
0.16614
0.19562
-0.086304
-0.040344
-0.019165
-0.0031128
-0.0097656
0.83789
0.057312
0.0012207
0.14264
0.015686
0.069153
-0.033875
-0.0043945
0.049988
-0.042114
-0.0042114
-0.0015869
0.81592
0.016357
0.18976
0.086914
0.018433
0.049866
-0.031738
0.070679
-0.01825
0.47101
-0.033325
0.30298
0.058777
0.12079
0.017456
-0.0050659
0.81329
0.00085449
0.22205
0.088928
0.0025635
-0.020142
0.048279
-0.046814
-0.0099487
0.09314
-0.051819
0.0056152
0.064453
-0.10822
0.66718
0.087341
0.15942
0.24591
0.13397
0.0046387
-0.008728
0.32965
0.010986
0.44543
-0.014404
0.31158
0.017578
-0.11871
-0.052429
1.0077
0.055908
0.023804
-0.033447
-0.17828
0.057129
-0.0021362
-0.023193
0.033203
0.048889
0.028564
-0.073303
0.043213
-0.037476
-0.11053
1.0026
0.060303
-0.094971
0.17023
-0.011047
0.055603
0.059326
-0.051025
0.02594
0.019165
0.083069
0.073547
-0.11316
0.87097
-0.010559
0.043213
-0.11096
0.14703
0.095886
0.35309
-0.020874
0.46936
0.010986
0.21014
-0.055725
-0.0063477
0.056335
-0.017334
-0.042542
0.031006
0.043823
0.031189
1.1034
-0.030212
-0.11237
0.80249
-0.033264
-0.03656
-0.042419
0.091064
0.10785
0.17236
0.037292
-0.035767
-0.027588
-0.014771
0.84943
-0.11005
0.15997
0.10626
0.14709
-0.080078
-0.05481
-0.02301
0.016724
0.65277
0.020691
-0.15515
0.0078735
0.19501
0.13788
0.1734
-0.081604
0.045471
-0.001709
0.00012207
-0.055176
0.072388
0.065918
-0.026184
0.79694
0.083923
0.078491
-0.020935
-0.10956
0.095947
-0.1427
0.13708
0.0078735
0.37524
0.054016
0.44513
-0.04364
0.040161
0.00012207
0.052917
0.024292
0.49054
-0.11249
0.19604
0.082336
0.30493
-0.039978
0.066956
-0.025818
-0.032898
1.0237
-0.0089111
-0.051331
0.01178
0.035767
-0.033508
-0.016052
-0.010803
-0.012634
-0.04895
-0.049377
0.12109
0.0095825
0.80994
0.083313
0.1817
0.0074463
-0.040405
-0.030273
0.098511
1.015
-0.052734
0.10004
-0.02179
-0.013184
-0.09314
-0.025757
-0.036621
-0.024475
-0.14709
-0.091858
-0.057617
0.033081
0.068054
0.20313
-0.085144
-0.12909
1.322
0.07074
-0.015076
0.016479
0.0050049
-0.058411
0.047058
-0.13031
0.044312
0.64026
0.036499
0.29572
0.019592
0.043274
-0.029846
-0.023071
0.065918
-0.1217
-0.0075684
0.72577
-0.16925
0.41876
0.014954
-0.048218
0.14368
-0.1322
0.080688
-0.029907
0.18719
-0.052002
-0.13605
0.93359
-0.056763
-0.034058
0.0037231
-0.033203
0.027832
-0.12238
-0.0031128
1.1232
0.046753
-0.037476
-0.011597
0.14294
0.05603
1.1151
-0.09082
0.0089722
-0.068604
-0.010986
-0.00177
-0.027832
-0.039124
-0.030701
0.39801
0.020325
0.13928
0.014099
0.22717
-0.095337
0.21576
0.042542
0.022339
-0.0014648
0.33673
-0.011841
0.27771
0.040833
0.28259
-0.047913
0.051208
0.028625
0.052124
0.052429
0.37402
0.018127
0.30029
-0.020325
0.17975
-0.047852
0.023743
-0.014771
-0.018677
-0.040955
-0.061279
0.077454
0.017822
0.24561
-0.05188
0.80579
-0.014099
0.062866
0.10901
-0.011841
0.15472
0.030701
0.2829
0.0040894
0.31427
0.013855
0.041443
0.010559
-0.068848
-0.097046
-0.005249
0.67334
0.31189
0.03064
0.11688
-0.054565
-0.088196
-0.071289
-0.026184
0.0079956
-0.018372
0.016113
0.053589
0.21863
0.077087
0.099609
-0.04425
0.71417
0.24689
0.0085449
-0.096436
-0.11188
0.22595
0.074951
0.24255
-0.10797
0.14136
-0.13135
0.30438
-0.047913
-0.046509
0.58612
-0.019287
0.066895
0.076599
0.043518
0.0271
-0.0021362
0.034607
0.015564
0.014282
0.058533
-0.035828
0.12012
-0.086426
-0.0050049
0.066772
0.90851
0.037354
0.029785
-0.076477
-0.053223
-0.029663
1.3638
0.024048
-0.13141
-0.1438
0.39246
-0.050171
0.96326
-0.015625
-0.072021
0.068542
0.035461
0.030945
-0.021057
0.00073242
0.025146
0.26569
-0.053833
-0.069153
0.18536
0.075928
0.017639
0.1994
0.029175
0.073914
0.16058
-0.0053711
-0.021912
-0.05603
-0.013916
0.0010376
0.066284
-0.024353
0.39172
-0.044739
0.59509
-0.00079346
-0.02002
0.0026245
0.025146
-0.027527
0.062866
0.21783
0.068542
0.38062
0.050232
-0.0072021
-0.0061035
-0.053223
-0.042236
-0.0065918
-0.018677
-0.035645
0.89124
0.052307
0.057922
-0.093689
0.09137
0.54492
-0.10919
0.16626
0.15936
0.11682
-0.1098
0.00079346
0.084534
0.010193
0.3089
-0.049561
0.61261
0.020874
0.10205
-0.078491
0.026855
0.00054932
0.01532
-0.028625
0.020325
0.049805
0.021179
-0.065186
0.78589
0.0078735
-0.040588
-0.056335
0.17255
-0.0012817
0.094971
-0.015381
0.0048218
-0.055847
0.62555
0.10278
0.33282
0.032349
0.027466
0.013245
-0.032227
0.44574
-0.0023804
0.16364
0.032043
0.24835
0.011047
0.0018921
0.023193
-0.010681
0.012024
-0.052307
-0.0026245
-0.0061035
-0.090149
0.012695
1.0646
0.057068
-0.088684
-0.0054321
0.091064
0.48401
0.051392
0.24658
-0.10791
0.30096
0.07019
0.018372
-0.046631
0.011047
0.01355
-0.075134
0.047974
0.011536
0.031433
-0.03595
-0.098511
0.85974
-0.029907
-0.025208
-0.015503
-0.017151
0.016235
0.025879
0.048889
0.026855
1.0146
0.046997
-0.10577
-0.0097656
0.081787
-0.0091553
-0.075195
0.04364
0.6142
-0.076172
0.41431
0.079834
0.044434
-0.011292
0.045776
0.0036011
0.008606
0.68079
0.067566
0.31409
-0.019043
0.033752
-0.018799
-0.029724
0.069824
-0.15375
0.053345
0.04364
0.33917
-0.14978
-0.048462
-0.11438
0.435
-0.023682
0.062927
0.0271
-0.0046997
-0.008667
-0.14844
-0.050598
0.56036
0.03595
0.45483
-0.019104
0.0012207
0.30737
-0.020874
0.41449
0.052429
0.052429
0.066956
0.23657
0.045471
0.12341
0.041199
-0.072205
0.86694
0.12659
-0.011475
0.019165
-0.047668
-0.051453
0.011536
-0.038391
-0.030823
-0.050171
0.074463
0.03949
0.96008
0.031677
0.094116
-0.090454
-0.097656
0.45496
0.011963
0.34613
0.15265
-0.025452
0.066345
0.17926
0.046753
-0.087524
-0.060181
-0.069702
0.05481
0.79108
0.099915
0.12134
-0.014648
0.21832
0.05072
-0.01123
-0.073669
-0.11823
-0.07782
-0.063599
0.0077515
0.095459
0.39886
-0.041626
0.30774
0.22559
-0.10406
-0.067749
0.015381
0.010742
-0.024658
-0.010132
0.77966
-0.10236
0.08905
0.020691
0.1225
0.23322
0.085938
-0.057922
0.34094
0.12811
0.079346
0.1889
0.11346
0.073853
0.02063
0.16974
0.92163
-0.0849
-0.059265
0.043701
-0.0082397
-0.048767
-0.047241
0.0045776
0.0029297
0.022339
0.070862
0.005127
-0.14172
0.012817
0.026184
0.075806
0.0076904
-0.017761
0.89331
0.1781
-0.046814
0.038208
0.55737
0.17401
-0.065247
0.22064
0.060486
0.054749
0.03595
0.01001
-0.071106
-0.013245
0.037048
-0.0036011
0.23535
0.0271
0.47748
-0.026428
0.22852
0.034607
0.68256
0.077271
0.24341
0.051575
0.01001
-0.08844
-0.032593
-0.010742
0.018005
0.61108
0.09375
0.13251
0.15179
0.0039673
0.019226
0.19989
-0.03064
-0.055054
-0.017456
0.15564
-0.023987
-0.054138
0.61102
-0.00018311
0.046631
0.056946
0.035034
-0.02063
0.12146
0.080322
0.038635
0.12012
-0.023804
0.50854
-0.021362
0.37238
-0.0044556
-0.064514
0.031616
0.041382
0.097229
0.19104
-0.13306
0.2782
0.16913
0.41223
-0.053345
-0.016113
-0.016479
-0.033936
0.056396
0.1803
0.015076
0.51953
-0.053955
0.20984
0.058472
0.037903
-0.028198
0.037964
-0.062622
0.075623
-0.084778
-0.020752
0.82031
0.093018
-0.063049
0.11786
0.1012
0.0097656
0.0067139
-0.013977
-0.035583
0.0097656
0.1463
0.00024414
0.36865
0.0015869
0.46143
-0.072327
-0.026123
0.63538
-0.0058594
-0.047852
-0.0090942
0.024536
-0.17242
0.12158
0.25549
0.0028687
0.69507
-0.064331
0.16675
0.0050659
0.062866
-0.0025635
0.08844
0.021423
-0.00085449
0.085693
1.0913
-0.09021
-0.15588
0.046021
0.083252
0.090149
-0.068909
0.033264
0.083252
-0.00097656
-0.016785
-0.010132
-0.040161
0.046204
0.065613
0.044678
0.51306
-0.012573
0.39117
-0.028137
0.0079956
-0.015686
-0.01886
0.020508
0.018799
0.070923
0.94025
0.074097
-0.042358
0.010559
0.036682
-0.019592
-0.042542
0.012634
0.1355
0.046753
0.70166
-0.050232
0.20099
0.72614
0.10602
-0.0896
-0.0055542
0.10596
0.079468
0.039124
0.049377
0.00177
0.053528
0.18494
0.53259
0.038635
0.072327
0.20636
-0.031738
0.019531
-0.041565
-0.034851
0.027771
0.0055542
-0.010681
-0.10034
-0.059021
0.59863
0.052795
0.39252
-0.017822
0.064026
-0.043396
-0.040894
-0.0048218
0.11469
0.022095
-0.096069
0.16577
-0.036926
-0.17902
0.95282
-0.021606
0.034607
0.033936
0.058655
0.036072
-0.036682
0.52075
-0.055115
0.15668
0.073059
0.1958
-0.056519
-0.074036
0.87024
-0.025879
0.11194
0.10413
-0.054871
0.0039673
0.056152
0.029968
-0.059265
-0.02356
-0.045715
0.054688
-0.055786
0.26495
-0.0098267
0.1604
0.15259
0.039673
0.19843
0.076538
-0.01178
0.083801
0.067566
0.46381
0.14484
0.077454
0.11517
-0.072205
-0.037109
0.042542
-0.013733
-0.040955
0.014099
0.24219
-0.041138
0.73053
0.077576
-0.011169
0.067322
-0.02478
0.069824
0.30066
-0.15369
0.22327
0.096069
-0.11224
0.91168
-0.013184
-0.013062
-0.014404
-0.041565
0.072632
-0.023987
0.15424
0.096069
0.73511
-0.0036621
-0.039673
-0.051575
-0.0036621
-0.056824
0.012024
0.023987
-0.014099
0.061646
0.93762
0.070435
-0.048828
0.89355
0.071594
-0.033386
0.0036621
-0.0028076
0.018616
0.09082
0.00354
-0.036743
0.019653
-0.016602
0.026794
0.21851
-0.031982
-0.020996
0.013428
0.049927
-0.031677
0.20355
0.054199
-0.14246
0.008667
0.07251
-0.1095
-0.024597
0.60596
0.075439
0.10956
0.28345
0.4892
0.38037
0.026917
-0.05426
0.25537
0.02478
-0.0354
0.1424
0.00177
-0.010193
0.099487
0.82269
0.038757
-0.04364
-0.13269
-0.10156
-0.04425
0.12213
0.0401
-0.069092
-0.066406
0.11407
0.0028687
0.012085
0.18225
0.017029
0.599
-0.047058
0.28912
0.10358
-0.088013
-0.022034
-0.0802
-0.041321
0.15308
0.082581
1.0434
-0.013367
0.05896
-0.023621
-0.15021
0.057861
-0.10638
-0.0016479
-0.047607
0.59222
-0.025085
0.4834
-0.018005
0.1123
0.014954
-0.030945
-0.0177
-0.035645
0.0062256
0.062012
0.15491
0.01593
0.8078
-0.02124
0.058044
-0.05304
0.089355
6.1035e-05
-0.050659
0.0011597
0.033813
0.049133
1.0496
0.17041
-0.10083
0.0039673
0.026062
-0.00012207
-0.0036621
-0.003418
0.23584
0.019409
0.315
0.039612
0.52667
-0.044495
0.020996
-0.051697
-0.025879
0.038574
-0.048706
-0.014282
0.97632
0.001709
-0.038208
0.037842
0.90613
-0.046936
-0.06488
0.098206
0.043152
-0.039734
0.014771
0.062805
0.040527
1.2484
-0.022339
-0.022766
0.049133
-0.22687
0.07959
0.034241
0.013367
-0.12219
0.020142
0.8847
-0.029236
0.0015259
0.084229
-0.05896
0.011108
0.093262
-0.035767
-0.01825
0.0016479
-0.017822
-0.0095215
-0.060852
0.015442
-0.013245
0.018921
0.00177
0.0083008
0.29193
-0.03186
0.58118
0.028442
-0.15387
0.067505
0.25946
0.079468
0.28235
-0.03772
0.0098267
0.006958
0.079773
0.10724
0.1684
0.23743
0.38171
0.073547
0.037964
0.036316
-0.047119
0.018738
0.87799
0.037048
0.04126
0.055786
-0.024841
0.00067139
0.12396
0.020569
0.013672
0.011292
0.20648
-0.0094604
0.28125
0.016113
0.13116
0.045715
0.24225
0.11011
-0.052185
-0.11627
-0.04834
0.14001
0.18451
-0.0024414
0.45227
0.019348
0.27466
-0.037781
0.069275
0.024902
0.011292
-0.0025635
-0.11719
0.080322
-0.094604
0.80579
0.14722
-0.10339
0.023743
0.0026245
-0.064209
-0.057251
0.0091553
0.074585
0.0012817
0.65656
-0.010315
0.23157
-0.0053101
-0.030029
1.0248
-0.060181
0.032715
-0.17133
-0.067139
-0.01709
0.19843
0.042358
-0.0037231
-0.021362
0.17749
0.1297
-0.026428
-0.0448
-0.028015
0.40961
0.079285
0.56415
-0.022339
0.014771
0.2149
0.20929
0.019348
0.50555
-0.06012
-0.048828
0.11536
0.041199
0.018494
0.092712
0.11237
0.12842
-0.087219
0.24957
0.04425
0.12238
0.1192
0.091309
0.14697
0.13269
0.12177
0.13007
-0.060913
-0.11432
0.5733
-0.066895
0.23737
0.097778
0.14435
0.091187
-0.08075
-0.029663
-0.02002
-0.0031128
0.0050659
0.59851
-0.075806
0.070557
0.29584
-0.02533
0.40668
0.13379
0.035095
0.098022
0.16016
0.023682
0.33887
0.024109
0.055969
-0.044617
-0.057068
0.011902
-0.074402
-0.015198
0.02002
0.19128
0.029175
0.51318
-0.073547
0.25305
0.23773
0.50262
0.055664
0.083557
0.13269
0.011353
0.069946
-0.063965
0.027405
0.0064087
0.026672
-0.059753
-0.019775
-0.026733
-0.052124
0.032166
0.040527
0.053833
1.0768
-0.053284
-0.091919
0.013489
-0.016907
-0.0066528
-0.023193
0.079956
-0.088562
0.69073
0.12738
0.095154
0.016418
1.0052
-0.013428
-0.033569
0.037048
-0.0053711
0.0062256
0.066833
-0.0077515
-0.037659
0.25519
-0.076294
0.18005
0.17932
0.070862
0.13519
0.29749
-0.061646
0.14148
-0.093628
-0.10901
0.082092
0.96405
-0.00024414
0.12103
0.032166
-0.012817
0.11127
-0.035095
-0.092468
0.38116
-0.02002
-0.17755
0.21307
0.0073242
-0.039307
0.23511
0.057068
0.35376
0.021362
-0.020142
-0.011719
0.0083008
0.013367
0.51453
0.0020752
0.33362
-0.0087891
0.067444
-0.010803
0.07135
0.013733
-0.034729
0.01123
-0.052124
0.66052
0.03595
0.33362
0.17505
-0.0039673
0.13531
-0.0066528
0.020874
0.73529
0.024414
-0.053833
0.097839
-0.052734
-0.054871
0.090698
-0.069275
0.0070801
-0.10669
-0.0020142
0.028931
0.81824
-0.11206
0.34698
0.077698
-0.074951
0.036316
-0.041931
0.26434
-0.039551
0.48779
0.059937
0.27802
0.0050659
0.027832
-0.013916
0.092224
-0.023865
0.10907
0.028748
0.095398
0.24243
0.2063
0.024658
0.5766
0.067322
0.19128
0.034241
0.25116
-0.010254
-0.091125
-0.054932
0.34912
0.065369
0.20392
-0.053528
0.18744
-0.0802
0.0032959
1.0732
0.04248
0.019653
-0.052612
-0.09436
-0.11218
0.015747
-0.031616
-0.10883
-0.052856
0.085754
-0.023926
-0.0015259
0.022949
0.091309
0.15674
0.60358
-0.1264
0.0071411
0.11664
-0.044678
0.76978
0.065735
0.14386
-0.061218
0.027466
0.005249
0.23627
0.060364
-0.087524
0.33472
0.12714
0.013611
0.11096
0.029358
0.034546
0.03717
0.38342
0.031921
-0.11737
0.15375
-0.042603
0.09552
0.20062
-0.0047607
0.1283
-0.00042725
0.63794
0.10748
0.019897
0.090271
0.020569
-0.011047
0.21399
0.010498
-0.0067749
-0.011414
0.011108
0.011108
0.0057373
-0.044312
0.048523
0.06897
0.072693
-0.084595
1.2382
0.04541
0.033813
0.027405
-0.098938
0.072754
-0.008606
-0.096436
0.035828
1.0418
-0.025208
-0.059509
-0.063843
0.22797
0.051575
0.91119
0.045044
-0.014587
-0.10187
0.05426
-0.04248
-0.0061035
0.022583
-0.023071
0.099304
0.87817
0.14813
0.051697
0.10052
-0.050476
-0.027771
-0.017151
1.0745
-0.024414
0.21429
0.023315
-0.090149
0.076355
0.17938
0.050537
-0.24713
0.10669
-0.12646
-0.00067139
0.023193
-0.071167
0.03302
0.75616
-0.076172
0.0041504
0.17731
0.15991
0.24725
0.00073242
0.080688
0.18036
0.25287
0.031555
0.27386
0.044922
0.10602
-0.060486
-0.035522
0.95251
-0.062866
0.030151
0.0046997
0.052429
0.022034
-0.0016479
-0.049072
-0.037231
-0.021545
-0.012207
-0.03418
0.12323
0.060852
0.89709
0.0046997
0.10535
0.038757
0.085266
0.82666
0.071777
-0.022766
-0.049438
-0.076416
0.005127
0.056152
0.0064087
-0.0026855
0.022339
-0.0020752
-0.0057983
0.013306
-0.056396
0.052002
-0.054199
0.014221
-0.015686
-0.057068
1.072
0.032349
-0.078857
-0.033203
0.037659
-0.11047
0.071777
0.039124
-0.1217
0.11475
1.1447
0.065857
0.39978
-0.034668
0.54504
0.1405
-0.030762
0.033875
0.014221
-0.090515
0.086609
-0.025146
0.20026
0.062744
0.83807
0.01825
-0.015259
-0.031982
-0.01239
-0.011292
0.014526
0.26746
0.15973
-0.081482
0.33234
0.18146
-0.027954
0.047974
0.012146
0.032471
-0.017395
0.11652
0.0058594
0.30481
-0.013
0.13959
0.045593
0.42706
-0.042542
0.053223
-0.072205
0.017517
0.86676
0.062439
0.25171
-0.022888
-0.067139
-0.084229
-0.037964
-0.099792
0.006897
-0.062134
0.068115
0.51752
0.0672
0.10852
-0.059082
0.20813
-0.018188
0.048645
0.053589
0.47955
-0.17834
0.01416
-0.01123
-0.093994
0.13
0.26166
-0.096375
0.17786
-0.04895
0.072571
0.067444
-0.1264
0.0050049
-0.028748
0.59381
0.032349
0.32062
0.09967
-0.052979
-0.054749
-0.080872
0.067566
0.14594
0.017273
0.46442
-0.038879
0.5957
-0.03894
-0.0013428
0.062683
0.040771
0.21356
-0.046082
0.15112
0.3457
0.32568
-0.061218
0.23053
-0.13831
-0.12006
-0.036072
0.34088
0.015198
0.44781
-0.051147
0.21161
-0.03949
-0.062927
-0.027832
0.91064
-0.010803
0.051636
-0.015076
-0.080017
0.0177
0.18231
0.013428
-0.042419
-0.036682
-0.046631
-0.010559
-0.029724
-0.023804
-0.0072021
0.078125
-0.040161
0.14294
-0.02887
0.95215
-0.089661
0.11359
0.39856
0.018555
0.34711
0.033325
0.2572
0.00079346
0.0050049
-0.055359
0.25085
0.038452
-0.029114
0.40741
0.17365
-0.077698
0.16858
-0.0048828
0.17755
-0.028076
0.019531
-0.016357
-0.030701
-0.045532
-0.0047607
0.0053101
-0.061218
0.012268
0.44598
0.033691
0.077698
-0.014648
0.24872
-0.021484
0.34436
0.0025635
0.26172
0.024048
0.014587
-0.026428
0.0066528
0.029846
-0.027344
-0.12518
0.00036621
0.067017
-0.016235
0.056702
0.92749
-0.052795
0.12042
-0.059814
0.0089111
0.42358
0.078247
-0.052917
0.083679
0.037598
0.12421
0.020203
-0.10699
-0.062012
0.041077
0.017639
0.061462
0.12231
-0.056152
0.99658
-0.099792
-0.014099
-0.072144
-0.041809
0.0097046
-0.057434
0.056152
0.30511
0.03418
0.56158
0.1676
-0.056396
0.076965
0.046875
-0.063354
0.88171
-0.10919
-0.068115
0.072998
-0.0080566
0.16577
-0.024841
-0.039856
0.021912
0.053955
1.0137
0.046875
0.031921
0.024597
-0.046021
-0.020325
0.023743
0.027527
0.013428
-0.03064
-0.029663
0.078308
-0.15997
0.093018
-0.10779
-0.19513
1.1696
0.020996
-0.096802
-0.077026
0.06012
0.041382
0.99646
0.089417
0.011292
0.026367
-0.0028687
0.046143
0.066833
-0.017639
0.012207
-0.034912
0.35437
0.047791
0.66101
0.036865
-0.11505
0.1861
0.16852
0.081238
0.39063
0.16418
-0.10608
-0.041016
0.15149
-0.13342
0.033264
0.35431
-0.049133
0.041077
0.059814
0.018066
0.041931
0.15271
0.082336
0.23645
-0.046082
0.0032959
-0.0093994
-0.005249
-0.020264
-0.024353
-0.094666
0.02948
0.078003
0.07373
0.8092
-0.14154
0.12823
0.11853
-0.071655
0.7522
0.10419
0.11505
0.0083008
-0.12476
-0.032532
0.038879
0.096985
0.11621
-0.0054321
0.012329
0.38232
0.030884
0.15088
0.30243
0.029602
0.41742
0.071411
-0.049805
0.073608
0.13428
-0.0054932
0.13373
0.0083008
0.16516
-0.022827
-0
-0.0054932
-0.042603
-0.085449
-0.0045776
0.35492
0.011963
0.62103
0.066833
0.01416
0.023621
0.017151
0.63342
0.11188
0.20221
-0.065552
0.21088
-0.0073853
-0.061157
-0.064148
0.020996
0.023743
-0.056458
-0.067383
0.011841
0.26239
-0.019958
-0.092163
-0.066345
0.87891
-0.044128
-0.034973
-0.085205
-0.065125
0.019348
1.0085
0.088684
-0.020874
-0.13525
-0.011658
-0.040161
-0.011841
0.044373
-0.074036
0.052979
0.68762
0.067322
0.19025
-0.00024414
0.011658
0.1192
-0.02771
0.0039673
-0.072815
-0.096558
-0.013123
0.062439
0.076416
0.88257
-0.067688
-0.051208
0.031494
0.10706
-0.1098
0.066162
0.48145
0.046631
0.38953
0.12726
-0.015198
0.045654
0.25732
-0.01532
-0.14111
0.73108
0.0026245
0.026001
0.088318
0.0032959
0.090332
0.065613
0.056641
-0.043518
-0.12158
0.024475
0.038391
0.06665
-0.090759
-0.13342
1.0049
0.13153
-0.072876
0.037659
0.055664
-0.017029
0.34552
0.085815
-0.099121
0.089722
0.62738
0.076599
-0.064209
0.38031
0.076111
0.17303
0.017761
0.3501
0.0072021
0.047058
0.012146
-0.020569
-0.082214
-0.0012207
0.78412
0.11438
0.053711
0.041199
0.036438
0.066772
-0.023315
0.49261
0.046692
0.056458
0.14764
0.13147
-0.11267
0.28497
-0.012573
0.072998
0.013428
0.10571
0.093689
-0.10529
0.52155
0.052185
0.001709
0.093018
-0.03009
0.086304
-0.039795
0.85602
0.055298
-0.04718
-0.01355
0.017273
0.072205
0.18323
0.068359
-0.077332
-0.032227
-0.0048828
-0.038391
0.23218
0.035156
0.51379
-0.032349
0.22089
-0.051147
0.0043335
-0.017822
0.031677
0.049927
0.022156
-0.016541
0.023743
0.085205
0.072327
0.96948
-0.059753
-0.0048828
0.0045776
0.0037842
0.13312
0.018127
0.36664
-0.012268
0.44763
-0.04187
0.12024
0.0042725
-0.053528
0.14209
-0.054382
0.21118
0.62512
0.030518
0.094116
0.055054
-0.065369
-0.0023804
0.19598
-0.0271
0.55707
0.032288
0.059509
0.021912
0.35358
0.13678
0.0354
-0.071533
0.0094604
-0.034485
-0.011902
0.022339
0.090637
0.53845
0.04364
0.18372
0.056396
0.082336
0.0013428
-0.011414
0.48438
0.032043
0.4043
0.047363
0.093384
0.065369
-0.12305
-0.0056763
-0.047791
1.2341
0.0014648
-0.070374
0.046509
0.012817
-0.0012817
-0.065613
0.0083618
0.054199
-0.069824
0.014587
0.088806
0.023743
-0.050903
0.64264
0.061951
0.091553
0.18121
0.17175
-0.05481
0.072144
-0.044495
-0.08197
0.033752
0.063171
0.0098267
0.95758
-0.052734
-0.068665
0.035889
0.010132
0.038696
0.051025
0.03656
-0.065674
0.050598
0.06134
0.066345
0.87115
-0.013062
0.045715
-0.036743
0.055359
-0.025696
0.34003
0.046265
0.25696
0.19794
0.33551
0.019592
0.012512
-0.097473
0.97131
0.042725
0.079956
0.10864
-0.034241
0.038269
-0.0064087
-0.031555
-0.044617
0.054138
-0.013184
0.097717
0.15814
0.051025
0.17438
0.1062
0.50574
0.0016479
0.02301
-0.034546
-0.033508
0.16156
-0.032959
0.07428
0.098572
0.81287
-0.044128
0.020447
-0.0056763
0.015686
-0.020813
-0.00061035
-0.020081
0.034851
0.022888
0.086365
0.029114
-0.074402
-0.0031128
-0.042603
0.092896
0.062744
0.98047
-0.050232
0.11566
-0.034912
-0.06958
0.058838
0.98676
-0.078979
0.019043
0.010925
0.026245
-0.026367
-0.033325
-0.032959
-0.082214
0.014282
0.040649
0.0058594
-0.062012
-0.074219
0.29352
0.081238
-0.047485
0.023193
0.81519
0.24951
0.056763
-0.087097
0.34198
0.17297
-0.077515
0.15338
0.043457
0.050415
0.011719
0.27057
0.25897
0.041016
0.09967
0.11316
0.0041504
0.074341
0.017029
-0.0072021
-0.00085449
0.66296
0.040344
0.0053101
6.1035e-05
-0.020142
0.080505
0.27441
-0.0095215
-0.0046387
-0.019287
0.040649
0.081482
0.010864
-0.089355
0.44214
0.0064087
0.43579
-0.060059
0.15918
0.047119
0.084412
0.03894
-0.094971
0.02124
-0.07666
0.040466
-0.095703
0.047607
0.94672
0.042236
0.48132
0.093506
0.12439
0.036438
-0.022766
0.085083
0.14227
0.10175
-0.03479
0.0079956
0.057251
-0.016663
-0.12598
-0.047119
0.029297
0.336
0.028809
0.45447
-0.085266
0.13367
0.47589
-0.031738
-0.0089111
-0.07373
0.18866
-0.095337
0.27655
-0.015259
0.23816
-0.017212
0.0091553
0.062195
-0.095825
-0.03717
0.089844
0.014709
-0.053772
-0.21466
-0.17847
1.3193
0.10907
0.036926
0.049744
-0.061951
0.033386
0.14825
0.15338
0.086548
0.5105
0.0015869
0.0055542
-0.017639
0.025208
-0.010254
-0.024292
0.19086
0.046875
0.0044556
0.37408
-0.012329
-0.093689
0.038147
-0.11444
0.40991
0.4613
0.021301
0.16498
-0.043091
-0.066467
0.058838
-0.16211
-0.031555
0
0.60156
0.45764
0.046143
0.091858
-0.0011597
-0.027954
-0.090637
0.062561
0.19446
-0.080566
0.24829
0.32367
0.02478
0.15344
0.037109
0.050964
-0.0095825
0.046936
0.70221
0.015015
0.093689
0.0090332
0.064514
0.07782
0.014954
0.074585
0.01062
-0.030945
0.0084839
-0.030151
-0.039795
0.065063
0.076416
0.013733
1.1366
-0.0079346
-0.029602
-0.051697
0.077148
-0.028564
-0.066833
0.030212
0.38489
0.10114
0.901
0.054138
-0.10968
-0.068176
0.75354
-0.06543
0.09906
0.10211
0.11652
-0.0059204
0.0095825
0.015808
0.042725
0.020386
0.15961
0.36487
-0.10107
0.22754
0.06134
0.17877
0.0082397
-0.095703
-0.0092163
0.080627
-0.046509
0.10266
-0.013794
0.34424
-0.0089111
0.42285
-0.0099487
0.098999
0.00067139
-0.056946
0.059814
-0.042053
-0.11938
0.025879
-0.059204
0.00048828
1.0538
-0.019287
-0.080872
0.86761
0.043701
-0.037292
-0.086304
-0.015808
-0.0064087
0.16443
0.021912
-0.11542
0.041809
0.26141
-0.16248
-0.069214
0.85419
0.020325
0.03479
0.035217
-0.067505
-0.10168
0.0062256
0.016174
0.040649
0.59229
-0.035583
0.25006
-0.056641
0.22986
-0.047607
0.072815
-0.0020752
0.061157
0.053467
-0.14294
0.021118
-0.035217
-0.018677
-0.0092163
-0.027039
1.0195
-0.047791
-0.0067139
0.014465
0.012146
0.073608
0.023438
-0.15546
0.086243
1.1074
-0.035339
-0.022644
0.023682
0.047668
0.0065308
-0.0041504
0.068604
0.0082397
-0.023132
-0.0021362
0.80487
0.0177
0.03595
-0.0031738
0.014038
0.0049438
0.0019531
0.23096
0.079895
0.4433
-0.057007
0.24561
0.016785
-0.02002
-0.06427
-0.025391
0.024963
0.03479
-0.013184
0.17694
0.10449
0.47919
0.016785
0.8949
0.0059814
0.1098
0.031006
0.006897
-0.041687
0.053345
0.057129
-0.039734
-0.044739
1.0627
-0.066589
-0.058594
0.011292
-0.00012207
0.014099
0.0064697
0.00097656
-0.05658
-0.062378
0.026306
0.065063
0.94299
-0.015442
0.040955
-0.080017
0.0045166
0.054565
-0.056519
0.034851
0.03186
0.079102
0.036255
-0.025696
-0.015381
0.042725
-0.07666
0.64233
0.010742
-0.076843
-0.024963
-0.027405
0.0021973
0.038818
0.0096436
0.0065918
0.90094
0.042969
0.082642
0.11993
0.028442
0.067444
-0.16235
0.034912
0.28198
0.044983
0.15424
0.054749
0.30286
0.089172
-0.0061646
0.099915
-0.030762
-0.031677
0.065186
0.0578
0.06543
-0.064453
0.86304
0.01001
0.99585
-0.078857
-0.0045166
0.035767
0.033936
-0.0043335
0.014954
0.033936
-0.012512
0.43073
0.24304
0.084717
0.10583
0.040161
0.082947
0.1203
-0.021484
0.055786
-0.069397
0.15002
-0.0097046
0.10291
-0.054199
0.032227
0.021362
0.34796
0.0025635
0.41479
-0.018311
0.08728
0.032715
0.037354
0.5246
0.31451
0.068665
0.049255
0.080139
-0.014709
-0.058105
-0.092468
-0.065308
0.12561
0.043213
0.75635
0.074951
0.2467
-0.032776
0.0048218
-0.040649
-0.14331
0.085388
-0.10016
0.17108
0.5473
-0.021179
0.21497
0.013916
0.072632
0.013306
-0.029602
0.14087
0.13165
-0.052551
0.59528
-0.05481
0.19067
0.040039
-0.060974
-0.01709
-0.052734
0.053528
-0.008606
0.01001
0.067932
0.19446
-0.015686
0.93701
0.014893
-0.033752
0.064575
1.0333
-0.0043335
-0.096619
0.12085
0.0088501
-0.029419
0.017395
-0.042542
-0.055908
0.14331
0.15985
0.02771
0.0014038
0.38892
-0.059814
0.30975
0.072449
0.011353
0.025269
1.095
0.05011
-0.036499
-0.05603
-0.17664
-0.023987
0.10358
-0.013794
-0.050781
-0.022705
-0.016541
0.99036
-0.064392
-0.12531
0.15356
0.035156
0.13214
-0.10553
0.044373
0.084534
-0.093933
0.05188
-0.014526
-0.1076
-0.051758
0.76935
-0.01355
0.36731
-0.0045166
-0.034912
0.11377
0.016968
0.04071
0.13641
0.25848
-0.039063
0.066589
0.11426
0.16028
-0.023193
-0.0089722
0.037476
0.21332
-0.019836
0.52087
0.085144
0.12054
0.022949
0.0401
0.057861
0.052917
0.046997
0.084656
0.0075073
0.027893
0.0072632
0.095276
-0.02655
0.11566
0.76129
0.053772
-0.0015259
0.28278
0.040161
0.070068
0.039368
0.17322
-0.037781
-0.0096436
0.038269
-0.045593
0.02948
0.044983
-0.039856
0.75885
0.069092
0.19421
0.020508
-0.061707
-0.0080566
-0.0080566
-0.098816
0.41388
0.075073
0.36078
-0.048279
0.1228
0.0029297
0.1062
0.036865
-0.05072
0.10876
0.34155
0.016357
0.62366
-0.039734
0.10706
0.056335
-0.10138
0.031128
0.52783
0.00012207
-0.055054
0.11237
0.033325
-0.063477
0.23712
0.049988
0.25714
-0.060974
-0.024353
0.026855
-0.016785
-0.0089111
0.040649
0.13995
-0.029236
0.85846
-0.044128
-0.11383
0.07019
-0.03186
-0.037354
0.054871
0.041687
-0.21332
0.081482
0.21686
0.16351
0.72644
-0.038086
-0.017517
0.20331
-0.026794
0.43573
-0.058655
0.34637
-0.036743
0.14526
0.056519
-0.038147
0.069336
-0.0080566
-0.069153
0.043518
0.17773
-0.066345
0.84259
0.074951
-0.038757
-0.005249
0.73389
-0.12494
0.092346
0.13031
0.066223
0.05835
-0.026855
-0.057373
0.047302
-0.069275
0.20215
0.12421
-0.050171
0.48535
0.10602
0.29352
0.12317
0.0023193
0.0077515
1.018
0.0672
-0.046082
0.023804
-0.13177
-0.012024
0.091064
0.030273
-0.070007
-0.039795
0.041748
-0.10944
0.0098267
-0.023621
-0.24341
-0.081299
-0.038513
-0.042297
1.1848
0.056152
-0.048706
0.047852
-0.13495
0.97736
0.048584
0.0014038
0.085388
0.037415
0.0401
0.025879
0.097717
-0.008667
0.0068359
0.7951
-0.072815
-0.07196
0.043152
-0.074951
0.013428
0.0082397
-0.050781
0.0032959
-0.14136
0.1311
-0.049438
0.89026
-0.073425
0.13489
0.0048218
-0.063965
0.076538
0.032593
0.1618
-0.023315
0.11731
0.020874
0.26605
-0.0045776
0.16516
0.085632
0.95209
-0.0044556
0.021423
-0.064514
0.024475
0.016602
0.21228
-0.018982
-0.06897
-0.015381
-0.15765
0.061462
0.25098
0.10571
0.011414
0.15613
0.098022
-0.097168
0.69788
-0.044739
0.10388
0.14478
0.090271
0.48645
0.29028
-0.035767
0.20325
-0.10193
-0.035339
0.010986
0.26831
0.27039
-0.076599
0.27014
0.17511
-0.076538
0.34222
0.087158
-0.043518
0.068665
0.059204
-0.00097656
0.13458
0.036133
0.3952
-0.012756
0.30127
0.006897
0.024658
0.015442
0.99139
-0.051025
0.086304
0.20905
0.008728
-0.081116
0.14893
0.087158
-0.059387
-0.058594
0.033569
0.71863
-0.10602
0.0040283
0.1156
0.0014038
0.071777
0.014404
0.02533
-0.052246
0.079956
-0.018738
0.026794
0.025757
-0.036926
0.15448
-0.15155
0.057556
1.1313
0.11053
-0.14764
0.11206
0.62268
-0.11859
0.2738
-0.0048218
0.34222
-0.0057373
0.062073
-0.059448
0.55151
-0.15527
-0.041016
0.47626
-0.063049
0.031677
0.11652
0.018982
-0.05835
0.01062
0.08374
0.038879
0.68713
0.070923
0.2251
0.010681
-0.065674
0.032043
-0.11597
0.026062
0.066895
-0.024231
-0.0087891
-0.015564
0.039124
-0.01355
0.027405
0.61475
-0.08844
0.33325
0.067993
0.024719
-0.087036
0.10931
0.030884
0.73438
-0.049866
0.20837
0.03125
-0.023438
-0.058105
0.047852
0.18335
-0.021729
0.42175
-0.016846
0.2829
0.059021
0.06012
-0.052307
0.024597
0.037292
-0.037109
0.32977
0.23621
0.0063477
0.30188
0.0802
0.096802
0.01825
-0.16412
0.025208
0.041504
-0.087341
0.054199
0.57617
0.012939
0.22131
0.27277
0.14178
0.037354
-0.0061646
0.63776
-0.075439
0.37817
0.028992
0.26361
0.03833
-0.041992
-0.073181
0.010254
0.95282
-0.056702
0.0029297
0.046387
0.033325
-0.018433
0.024963
0.040161
-0.033142
0.43262
0.008728
-0.060913
0.1687
0.18219
-0.050903
0.35089
-0.015808
0.078247
-0.0012207
-0.042603
-0.069092
0.10754
-0.020325
0.8772
0.026428
0.20374
-0.080383
0.057922
-0.043945
-0.08551
-0.028198
0.37482
0.11646
0.4115
0.06012
0.17828
0.015137
-0.15649
-0.070007
-0.083191
0.0095825
-0.12042
0.027466
0.021179
0.82416
-0.034973
0.19177
-0.012756
-0.092102
0.012512
-0.045471
0.022949
-0.1098
0.098267
-0.0015259
0.20245
-0.059143
0.44287
0.13654
0.52728
-0.020691
-0.22144
-0.060181
0.36963
0.08374
0.29932
-0.052185
-0.097534
0.005127
0.0040283
-0.041077
-0.035217
0.025574
0.0023804
-0.0031738
0.013977
1.0014
-0.067932
-0.0077515
0.0088501
0.085083
-0.14465
0.80573
0.032349
0.0021973
0.033752
0.086304
-0.029663
0.08667
0.21887
0.039551
0.25079
-0.051697
-0.041931
-0.10406
0.21497
0.047729
0.088562
0.069153
-0.0043945
0.045715
0.15552
0.06604
0.33502
-0.031799
0.37549
-0.064026
0.13495
-0.015015
0.023376
0.051331
-0.051331
-0.02832
-0.023682
-0.014587
-0.043335
0.74384
0.05188
0.049255
-0.11884
0.013245
0.36725
-0.049011
0.27631
0.05249
0.25751
0.0080566
0.27002
-0.044128
0.05835
0.0026245
0.40204
0.033569
0.019958
0.034851
0.13708
0.039063
0.12384
-0.0010376
-0.0059814
0.11261
0.02478
0.81897
0.031494
-0.0026855
0.033875
0.03717
-0.036926
0.003479
0.10431
-0.086121
0.13916
-0.024048
0.55261
-0.008606
0.28571
0.028625
0.033081
-0.033997
0.10065
-0.0048218
-0.033508
0.12286
0.47485
-0.031128
0.065308
0.027039
0.070801
0.0045166
0.068237
0.041077
0.21484
0.10327
0.76709
-0.013428
-0.090881
0.097534
-0.17932
0.055908
0.31055
0.057312
-0.067566
0.099121
0.12128
0.19159
0.46436
0.053101
-0.031677
-0.022705
0.15753
0.11017
-0.016235
0.55975
-0.087952
0.16779
0.098999
-0.0042114
0.16168
-0.023987
-0.1333
0.16327
-0.087402
0.18207
0.67828
0.094299
0.24847
-0.17548
0.35382
-0.07489
-0.046082
0.11035
-0.013916
0.054688
-0.0032349
0.61151
-0.032654
0.49042
0.081482
0.12054
-0.015869
0.81464
-0.053772
0.027588
-0.00085449
0.080688
0.0092773
0.10449
0.070923
-0.018555
-0.035156
0.067444
-0.05127
-0.03772
0.018982
0.03009
-0.017334
0.90271
0.045837
-0.0098267
-0.026062
-0.069336
-0.13641
0.15039
0.096802
0.45081
0.047974
0.21887
0.067322
0.21765
-0.051575
0.067871
0.38171
-0.032532
0.39471
0.035767
0.27441
0.046631
0.010681
-0.058228
0.034668
-0.031006
0.0224
0.041626
0.029724
0.51086
0.046082
0.23352
0.13708
-0.01416
-0.0010986
-0.047302
-0.0578
0.055481
0.016663
-0.016235
-0.070557
0.91803
0.10297
-0.064392
0.0053711
-0.007019
-0.02533
0.042114
0.016235
-0.065735
0.036316
0.38519
-0.0078125
0.5752
0.022644
0.013062
0.021606
-0.057434
-0.10712
0.11401
-0.02002
-0.025085
-0.10724
1.0981
0.069946
0.011169
0.057251
0.021729
0.029053
0.13922
0.030396
-0.031433
0.055603
0.6828
-0.05072
0.022339
0.024658
0.049438
-0.0062866
-0.030579
-0.15662
-0.015076
0.029236
1.0386
0.16455
-0.00054932
0.68091
0.017761
0.10132
-0.13013
0.20618
-0.024902
0.019226
-0.026245
0.6098
-0.041138
-0.15698
-0.046265
0.19556
0.057861
0.32123
-0.066589
0.010498
0.035828
-0.0075073
-0.0059814
-0.024902
0.045349
-0.082703
-0.029907
-0.12146
0.051331
0.10052
0.78479
-0.052551
-0.089478
0.41229
0.12103
0.46863
-0.036194
0.070923
-0.059021
-0.095825
-0.011108
0.65149
-0.041565
-0.18903
-0.13177
0.14514
0.060425
0.30322
-0.083618
0.068909
0.0039673
0.15784
-0.011658
-0.046082
0.019531
0.018555
0.81134
0.0039063
0.20367
0.034424
-0.12457
-0.019958
0.030457
0.21393
-0.12512
0.00030518
0.93073
0.071411
0.058777
-0.051453
-0.089355
0.05835
-0.075317
-0.02417
0.012939
0.018677
0.67865
0.021667
0.37396
-0.082886
0.017822
1.0424
0.029114
-0.12793
-0.032959
0.039673
0.10364
0.32642
-0.015869
-0.1532
-0.047546
0.016846
0.029602
-0.11444
-0.15076
0.042236
1.2709
0.13037
-0.047913
-0.11401
0.22705
0.3515
-0.054382
0.11237
0.20044
0.096375
0.046631
0.30865
0.012329
-0.0056763
-0.035095
0.48639
-0.05603
0.10785
0.061646
0.011292
-0.04364
0.11432
0.00030518
0.19073
-0.015991
0.5827
0.047424
0.22778
-0.13782
0.084839
0.011169
0.19464
0.061951
-0.030457
-0.10315
0.68042
-0.024597
-0.06366
0.016907
0.21588
0.041931
0.33673
-0.0031128
-0.025513
-0.0092773
-0.016418
0.0092163
0.3067
0.058044
0.50989
-0.042297
0.35602
0.029297
-0.10278
-0.046021
0.087585
-0.0049438
-0.0037231
-0.0078125
-0.0023193
-0.0097656
-0.013672
-0.061279
-0.0045776
1.0313
0.033447
0.021667
0.0094604
0.079529
-0.043945
-0.024475
0.027039
0.15649
0.092773
0.99182
-0.00097656
0.055176
0.087891
-0.016113
0.12817
0.16925
0.28876
0.0033569
0.04425
-0.050598
0.0849
0.224
-0.014648
0.31128
0.18451
0.027893
0.17249
0.063171
0.045288
0.08905
-0.016479
-0.11206
-0.14252
-0.00085449
-0.13403
0.84637
0.017212
0.080139
0.10901
-0.023438
-0.030518
-0.039795
0.066284
0.021545
0.56305
0.051819
0.18341
-0.0025024
0.085205
-0.058167
0.61761
-0.030701
-0.15631
0.041931
0.15845
0.094299
0.27197
-0.090149
0.055237
0.0053711
-0.025024
0.78937
-0.012756
0.10803
0.062195
-0.011108
0.025513
0.037964
-0.015808
-0.01178
0.98083
-0.12378
-0.092407
-0.034607
-0.11816
0.067871
0.085327
0.031067
-0.010925
0.036865
0.10632
-0.062927
-0.045288
0.0025635
-0.045593
-0.091614
0.049011
0.058594
0.98639
-0.017517
0.0090332
0.024231
0.036865
0.14471
-0.031311
-0.18451
-0.082825
-0.17529
0.034363
1.0966
0.055298
-0.072021
-0.16852
0.10352
-0.054871
0.79889
0.020081
0.064026
-0.051331
0.050171
-0.071167
-0.030579
-0.065063
-0.093567
0.048828
0.12146
-0.02771
0.89008
0.030334
-0.01355
0.055969
0.17157
0.0054932
0.56927
0.071899
0.022766
-0.020569
0.0849
0.082397
-0.033569
0.29553
0.079163
-0.028992
0.35858
0.14185
0.024536
0.044556
0.027466
-0.017273
-0.0063477
-0.043152
0.053711
0.38391
-0.036072
0.20618
-0.022888
0.17725
0.018494
-0.021362
0.0067139
-0.036377
-0.039978
0.15503
0.054016
0.75946
0.013
0.29321
0.011475
0.024353
-0.049255
-0.0076294
0.83612
0.011475
0.085327
0.044373
-0.0072632
-0.065552
0.057556
0.013367
0.019897
0.25641
0.088379
0.23956
0.047546
0.15863
-0.0031128
0.23853
0.038269
0.061096
-0.042542
0.12262
-0.032288
-0.068237
-0.019958
-0.083496
-0.040527
-0.089172
0.14941
1.3525
-0.071228
-0.040344
1.1639
-0.025452
-0.13397
-0.019043
-0.033936
0.058533
0.003479
-0.0099487
-0.011353
0.024109
0.023865
-0.035095
0.011414
0.05127
0.034668
-0.088318
-0.10339
1.3141
0.044556
-0.065308
0.062073
0.30786
0.081116
0.48065
-0.017151
0.12897
0.030518
-0.053101
-0.031921
0.18182
-0.099426
0.2417
0.033325
-0.013855
0.211
0.26599
0.062012
0.25568
-0.14716
0.075256
-0.022949
0.12415
0.12103
0.27997
0.13928
0.4939
0.005127
0.014099
-0.04895
-0.09137
0.082642
-0.019104
0.013123
-0.025269
0.42224
-0.081665
-0.0070801
-0.083313
0.52454
0.05127
-0.0055542
-0.068237
0.0064697
-0.032166
0.15131
0.04425
0.05127
1.1854
-0.037354
0.014587
-0.0092163
0.011108
-0.067871
0.028381
0.8941
-0.034485
0.27283
-0.0013428
0.045837
0.054871
0.7533
0.0050659
0.083496
0.065857
0.030884
0.0039673
-0.016663
-0.01355
-0.00177
0.0018921
0.042908
0.24493
0.042297
0.51471
-0.00024414
0.2597
-0.067322
-0.10101
0.023621
-0.027527
0.040466
0.40704
-0.035706
0.40051
-0.008667
0.30164
0.035583
-0.018127
-0.062195
0.80121
0.021179
-0.058655
0.10547
-0.13782
-0.028687
0.038086
0.033569
-0.014587
0.011536
-0.0014038
-0.0076294
0.025269
0.0177
-0.066162
-0.01593
-0.076538
0.082703
0.075684
0.78387
0.23175
-0.010132
0.005249
-0.038208
0.040283
-0.047729
0.17303
0.1181
0.23932
-0.10895
-0.074646
0.067383
0.10205
0.033936
0.052917
0.40497
0.07428
0.13654
0.24408
-0.11304
-0.0027466
-0.051758
-0.17389
0.0026245
-0.043884
0.12329
0.047546
0.26416
0.61212
-0.05426
1.0146
-0.092957
-0.0066528
-0.0063477
-0.15497
0.00036621
0.17694
0.021118
-0.13733
-0.048462
0.033081
0.0354
-0.0083618
0.01123
0.035461
0.30243
0.043091
0.67419
0.016479
-0.076233
0.22211
0.10083
0.01709
0.47491
0.036621
0.0022583
0.018494
0.044983
0.14209
-0.038757
0.064941
-0.12946
0.12158
0.020325
0.38
0.019958
0.48779
-0.026489
0.080139
-0.0084839
-0.040222
0.01178
-0.001709
0.028137
0.0067139
0.31366
0.01123
0.0043335
0.0023804
0.44617
0.025513
-0.045349
0.011841
0.029358
-0.0020752
0.18732
0.10962
0.13403
0.37531
0.099731
0.019226
-0.0040894
-0.019531
-0.00354
0.035339
0.063843
-0.039063
0.044983
0.0099487
0.68549
0.0083008
-0.063171
-0.040833
0.060181
-0.015503
-0.037292
-0.021484
-0.036255
0.12616
0.91791
0.068359
-0.052063
0.088318
0.013611
0.37805
-0.062378
0.44611
-0.050964
0.054932
0.028259
0.027588
-0.093323
-0.050049
0.18042
-0.040222
-0.30652
-0.12048
0.082397
-0.069519
1.2205
-0.032349
-0.011047
-0.02124
-0.0014648
0.54102
0.0090332
0.38196
0.026489
0.07959
-0.036438
0.16345
0.098145
0.012207
0.62292
-0.057068
0.18542
0.063904
0.0046997
0.15521
-0.11237
0.008606
-0.0092163
-0.10339
1.0535
-0.020386
0.014893
0.041382
-0.00091553
0.087158
0.023254
-0.0092163
-0.013
0.34436
0.047485
0.57806
-0.012939
0.14618
-0.00024414
-0.06427
-0.021545
0.093201
-0.077026
0.027588
0.1084
0.062927
0.13269
0.13068
0.068481
-0.020325
0.43817
0.72699
0.0082397
-0.096191
-0.066101
0.097839
0.06311
0.20062
-0.040649
-0.030762
0.0448
0.097046
-0.0025024
-0.06781
0.085632
-0.012085
-0.0049438
-0.075684
0.025085
0.91339
0.0075684
0.47534
0.10577
0.056458
0.085632
0.03064
0.059204
0.29089
0.010681
0.013855
-0.030762
0.035278
0.075317
0.23279
-0.038513
0.60529
0.035522
-0.11395
0.086914
-0.003479
-0.01239
0.29694
-0.0015869
0.34106
0.035706
0.011963
0.039246
0.26917
0.012329
-0.05011
-0.0078125
0.11121
-0.0092163
0.0082397
0.91754
0.018921
0.041443
-0.0046387
0.0090942
-0.031006
-0.01709
0.66937
0.017761
-0.042725
-0.043335
-0.0010376
0.0083008
0.1676
0.015076
-0.058411
-0.022949
0.74121
0.020081
-0.11389
-0.10205
0.12842
0.097107
0.18707
-0.051514
-0.0094604
0.055603
0.79071
0.020752
-0.16296
-0.11444
0.15753
0.11212
0.19653
-0.071411
-0.024719
-0.0061035
-0.024719
0.11584
-0.037231
0.74292
0.073669
0.062256
0.013855
0.058228
-0.06604
-0.010315
0.24078
-0.067261
-0.022339
0.91461
-0.087402
-0.020874
0.07843
-0.022522
0.057129
0.026917
-0.017944
0.020142
0.013184
0.059753
-0.0057983
0.80054
-0.024109
0.15253
-0.073303
0.14746
-0.075134
-0.02417
-0.069519
0.076538
0.008606
-0.18292
-0.031372
0.074829
0.00054932
1.0892
0.023254
0.032532
0.28217
-0.091064
0.46503
0.069092
0.22327
0.059387
-0.028625
0.003479
0.10254
0.0032959
-0.02002
-0.013489
0.010742
0.11975
0.0067139
0.89056
-0.0896
0.087097
0.03064
1.1078
-0.070618
0.03241
-0.10266
0.0059204
-0.071289
0.014343
-0.041443
-0.047424
-0.021362
-0.036377
-0.059631
0.104
0.051453
0.78363
0.044495
0.28766
0.049927
-0.052185
0.076965
0.14673
-0.13385
0.10162
0.45361
-0.06543
0.26117
0.046753
0.1084
0.045593
0.07074
0.64038
-0.054688
0.24207
0.064026
-0.0088501
-0.021729
0.098755
-0.093079
0.0896
-0.12201
0.026184
0.151
0.059631
0.5379
0.016541
0.34509
-0.023499
0.10687
-0.062012
0.17279
0.83765
-0.045532
-0.09259
0.25861
-0.048218
0.043213
-0.043335
-0.025696
0.0028076
-0.019714
0.042297
-0.003418
0.042969
0.080383
0.090942
0.038513
0.99231
-0.040222
-0.068604
-0.021484
-0.042847
0.018616
0.0401
-0.056458
0.03125
-0.02948
0.29175
-0.075012
0.6355
-0.064026
-0.021729
0.25397
-0.029297
0.47308
0.053406
0.25104
-0.034668
-0.014587
0.0043945
0.36426
0.0032349
0.16205
0.13727
0.027649
-0.016418
0.21924
-0.071289
-0.023254
0.072876
0.04248
-0.0056152
0.1665
0.016357
0.68231
-0.05896
0.060852
-0.046082
-0.00054932
0.068665
-0.041382
0.12396
0.17328
-0.096741
0.029358
0.81824
0.11969
0.12378
0.029053
0.0041504
0.01062
0.073792
0.22894
0.044922
0.20148
0.0031738
0.27545
-0.0053711
0.0040894
0.021179
0.016785
-0.052979
-0.033081
0.037415
0.046387
-0.081604
-0.05188
0.00018311
-0.0043945
0.96954
-0.062744
0.056641
0.23975
-0.036438
0.60437
0.028198
0.058411
0.052979
0.055176
-0.022705
0.032288
0.043396
-0.085083
-0.036133
0.0027466
0.11609
-0.021973
-0.061646
-0.073059
0.77441
0.059387
0.074219
-0.0025635
-0.029297
0.041382
-0.048157
0.066162
0.0093994
0.82971
0.061768
0.005249
0.010986
0.033264
-0.053101
0.036072
0.16266
0.091125
0.0076904
0.60004
-0.036438
-0.018372
0.017212
-0.027893
0.057251
0.029968
0.20996
-0.034058
0.9328
0.028564
-0.067749
-0.028564
0.039246
0.25885
-0.019775
0.27509
0.048706
0.41144
-0.045959
0.053528
-0.027588
-0.016602
0.0040894
0.56519
-0.07019
0.10913
0.090881
0.19867
-0.03363
0.16205
0.008667
0.053894
0.15076
0.17767
0.60565
0.14294
0.0077515
-0.015869
0.024597
-0.040649
0.050232
0.012146
-0.00054932
-0.011963
-0.027893
0.097046
0.28363
-0.011841
0.088013
-0.12317
0.65961
0.18805
-0.13232
0.034607
0.95416
-0.0896
0.031128
-0.058716
0.0078125
-0.024902
-0.00085449
0.11292
0.014954
0.17456
0.21448
0.21271
0.13019
0.39752
0.11578
-0.11737
-0.051208
-0.056641
0.015503
-0.022278
0.0011597
0.026245
0.14917
-0.0087891
0.82098
0.0061035
-0.019775
0.55896
0.16376
0.088501
0.09845
0.053101
-0.030273
0.16064
0.049438
-0.028442
-0.021973
0.051636
0.06958
0.55688
-0.016968
0.21167
-0.0021362
0.17328
-0.0059814
0.11346
0.080688
-0.060242
-0.04718
-0.016602
0.046265
0.11713
0.49414
0.014832
0.32715
0.012451
0.090637
0.73053
-0.0045166
-0.082703
0.080383
0.16235
0.12427
0.18988
-0.016418
0.037781
0.020203
-0.038574
-0.019531
0.2309
0.026245
0.080078
0.051941
0.1579
-0.025757
0.034912
-0.0062866
0.036987
1.1363
-0.07135
-0.12268
-0.0019531
-0.049805
-0.016907
0.036194
-0.037842
-0.015015
0.89087
0.068298
-0.10754
0.033691
-0.034058
-0.0090942
0.13934
-0.069153
-0.01239
0.027405
-0.036621
-0.030334
0.01947
0.032227
0.006897
0.86499
0.02417
0.10345
0.039795
0.0024414
-0.041626
0.030701
0.050293
-0.016724
0.068787
0.041931
-0.0089111
0.82953
-0.046265
-0.012024
0.24554
0.13617
-0.033142
0.47089
-0.027832
0.033386
0.12201
0.020996
0.23199
0.0015869
0.0039063
0.047363
-0.047791
-0.012085
0.030457
1.1796
0.099304
0.12
-0.018433
-0.066528
-0.028748
0.01532
-0.046265
0.021667
0.043335
0.27704
0.030579
0.090515
-0.026245
0.74677
0.10107
0.13336
0.15546
-0.010986
0.21228
0.27283
0.38904
0.03009
-0.064514
-0.08551
0.19183
0.14728
-0.04657
0.59039
0.06842
0.030029
0.0092163
0.026855
0.0015869
0.0072021
-0.012329
-0.058167
0.33276
0.037476
0.67841
-0.032837
0.13824
-0.023193
0.035889
0.051025
-0.025879
-0.020691
0.016296
0.050964
0.10492
0.090393
0.022278
-0.057251
0.98193
0.0032349
0.049133
0.038391
-0.012451
-0.0098267
-0.016296
0.69611
0.033203
0.13696
0.017944
-0.010437
0.11237
0.052246
-0.06427
-0.0083008
-0.062439
-0.04657
-0.059448
0.07666
1.3922
-0.11292
0.014954
0.72913
0.008667
0.10132
0.065979
0.018372
-0.018616
0.073975
-0.016052
0.07019
0.052063
-0.037415
-0.021851
0.065186
0.013611
0.48883
-0.012329
0.29932
0.022705
0.34113
-0.045349
0.050293
0.66425
0.087341
0.13739
-0.10455
0.30908
-0.019348
0.15979
0.094482
-0.008667
0.021667
-0.017395
0.080383
0.041382
0.067566
0.074585
1.0014
-0.046997
-0.093018
0.11963
-0.00073242
-0.025635
-0.075806
-0.023987
-0.017761
0.11121
-0.032166
0.271
-0.096863
-0.048645
0.04071
0.040222
-0.005127
0.018616
0.096985
-0.052307
0.91553
-0.0098877
0.040771
-0.096313
0.045959
-0.025208
0.89722
0.058777
0.076416
0.023499
0.014954
-0.054382
-0.038818
0.3443
0.16241
0.029907
0.26044
0.13867
0.089966
0.29541
-0.02655
-0.16638
-0.016357
0.059143
0.096436
0.35992
-0.029358
0.061401
-0.16858
0.22632
0.16278
0.14893
0.022278
0.064209
0.024231
-0.12994
-0.071838
0.14105
0.89124
0.017761
0.24805
0.076233
0.14935
0.097107
0.02594
0.12543
-0.10297
0.017395
0.12421
0.20135
0.010376
0.46661
0.018799
0.15216
-0.028381
-0.11554
0.25159
-0.026306
0.025818
0.15991
0.017761
0.64764
-0.0056152
0.054626
0.045898
-0.046753
0.02655
0.098328
0.14905
0.1507
-0.12311
0.76965
-0.020325
0.087952
-0.042908
0.045837
-0.081604
0.021851
0.15625
0.11389
0.096497
0.40277
-0.036499
-0.026001
-0.0018921
-0.03418
-0.045166
-0.013
0.26074
0.020813
0.41711
0.01062
0.18628
0.019958
-0.00018311
0.20844
0.0039063
0.73102
0.046631
0.035339
-0.0013428
-0.017761
0.091064
0.5791
0.0271
0.017334
0.053833
0.14429
-0.0088501
0.26709
0.038452
0.040588
0.022827
-0.06842
0.019531
-0.05304
-0.0026855
0.0054932
0.85919
0.038208
-0.11151
0.022095
0.19739
0.044983
0.9845
-0.020142
0.014954
0.037537
-0.013062
0.007019
0.0042725
-0.027649
0.028809
0.14746
-0.058777
-0.063782
-0.089478
-0.034973
0.41052
0.07019
0.27087
-0.10388
0.31519
0.0067139
0.095825
-0.02655
-0.064026
0.064087
0.060852
0.014099
-0.019409
-0.1037
0.9256
0.056702
-0.025635
0.32361
0.055786
0.25214
0.1059
0.44629
-0.00030518
0.048462
-0.044373
0.31256
0.16614
-0.065552
0.34473
-0.0013428
-0.056885
0.10095
0.064026
0.045288
0.017578
0.010925
0.015564
-0.028931
0.032837
-0.036804
0.19128
-0.041016
0.003479
0.020752
0.88654
0.013489
0.0625
0.049316
-0.024902
-0.10602
0.99786
0.020264
0.022766
0.061951
0.1676
-0.02948
0.033264
0.017639
-0.06134
0.073486
0.054871
0.12469
-0.039001
0.77148
-0.00036621
-0.044739
-0.063232
-0.064087
0.0032959
0.0089722
0.76489
0.034851
0.11603
0.18756
-0.034424
-0.0044556
0.026611
-0.018005
-0.034058
0.044678
-0.043884
0.027649
1.2095
-0.054871
-0.10046
-0.081665
-0.026611
-0.041077
0.49438
0.36133
-0.018555
0.13898
-0.080933
-0.022949
-0.058533
0.13373
-0.12952
0.095276
0.096741
-0.010986
-0.0038452
-0.036926
-0.067749
-0.087036
0.59741
0.057373
-0.03833
-0.018738
0.060608
0.080078
0.011536
0.037903
-0.023499
0.87628
0.022522
-0.036011
0.077637
-0.0036011
1.0434
-0.0053711
0.019897
-0.0046387
-0.08667
-0.037598
-0.062439
-0.031067
0.066711
0.15216
0.057861
0.5589
-0.01593
0.048279
0.029663
-0.0023193
-0.012817
0.15558
-0.015991
0.091919
-0.096069
-0.036987
0.11414
0.16254
0.0045776
0.12347
-0.02124
0.031616
-0.019775
-0.0045776
0.071899
-0.080872
0.98389
-0.031372
0.11603
0.036072
-0.0097046
-0.12213
0.021362
0.054382
-0.046753
0.13123
-0.023682
0.067383
0.76062
0.13806
-0.091919
0.040894
-0.034546
-0.0045166
-0.032959
0.095703
0.75873
0.24756
0.024536
-0.038208
0.20258
0.11761
0.74866
0.020691
0.091064
0.043579
-0.00036621
0.022034
0.046631
0.0054932
-0.012268
-0.072876
0.67664
-0.10211
0.098999
0.16699
0.12299
-0.010498
0.010986
-0.03418
0.052551
-0.042664
0.10229
-0.052429
0.073425
0.03064
0.5816
-0.016418
0.35962
0.017395
-0.080872
-0.12988
0.098755
0.14221
-0.10834
0.56097
-0.0064697
0.27966
-0.012939
0.047913
0.090027
-0.02356
0.49213
-0.020508
0.078918
0.081421
0.21881
0.11914
0.01947
0.029236
0.019897
0.015259
0.040771
0.082886
0.032043
0.31482
-0.0061035
0.12115
-0.041321
0.49384
0.091614
0.047241
0.046082
-0.031311
0.053101
0.0055542
0.47986
0.078796
-0.18268
0.16199
0.45697
0.15295
-0.027771
-0.018494
0.044922
-0.11462
0.074951
0.12567
-0.055115
1.0253
-0.054382
0.048157
-0.008667
0.13574
0.11621
0.26855
0.084351
0.21991
0.015747
0.071167
-0.07196
