-0.003906
0.003906
0.019531
0.011719
0.035156
0.089844
0.046875
0.000000
-0.015625
1.003906
0.292969
-0.109375
0.273438
0.089844
0.121094
-0.054688
0.320312
0.042969
0.031250
-0.058594
0.074219
0.148438
-0.046875
0.750000
0.054688
-0.066406
-0.011719
0.023438
-0.011719
0.082031
0.250000
0.019531
-0.078125
0.816406
-0.074219
0.031250
0.019531
-0.007812
-0.039062
-0.046875
-0.109375
0.214844
-0.015625
0.007812
0.437500
0.019531
0.164062
-0.066406
-0.035156
0.011719
0.343750
0.054688
-0.031250
0.210938
0.046875
0.261719
0.335938
0.011719
0.007812
-0.070312
0.050781
0.066406
0.359375
0.078125
0.070312
0.019531
0.164062
-0.015625
-0.078125
0.042969
-0.023438
0.000000
0.375000
0.152344
0.437500
-0.015625
0.300781
0.042969
-0.203125
-0.054688
0.007812
0.730469
0.003906
0.062500
0.101562
0.019531
0.082031
0.027344
-0.046875
0.031250
-0.011719
0.695312
-0.027344
0.273438
0.062500
0.000000
-0.011719
0.023438
-0.050781
0.015625
0.074219
0.105469
-0.050781
0.058594
0.679688
0.007812
-0.003906
0.085938
0.042969
0.015625
-0.019531
-0.027344
0.023438
-0.046875
0.027344
-0.082031
0.042969
0.542969
-0.023438
0.273438
0.207031
-0.089844
0.121094
0.292969
-0.019531
-0.097656
0.332031
-0.121094
0.464844
-0.027344
-0.015625
0.035156
-0.003906
-0.019531
-0.003906
0.117188
-0.078125
0.589844
0.171875
0.167969
1.121094
0.039062
-0.097656
-0.058594
-0.164062
0.000000
0.085938
0.007812
-0.023438
-0.089844
0.140625
0.039062
0.570312
0.042969
0.375000
-0.007812
0.195312
-0.007812
0.011719
-0.027344
0.078125
-0.035156
0.179688
-0.007812
0.066406
0.023438
0.273438
0.058594
0.234375
0.023438
0.066406
0.105469
-0.003906
-0.062500
0.078125
0.039062
0.222656
-0.031250
0.656250
0.000000
0.105469
-0.007812
0.242188
-0.132812
-0.125000
-0.089844
0.171875
0.039062
0.699219
0.085938
0.070312
-0.031250
0.015625
-0.023438
-0.011719
0.089844
0.093750
-0.027344
0.234375
0.039062
-0.027344
-0.023438
-0.011719
0.019531
-0.011719
0.230469
-0.011719
0.769531
0.066406
-0.074219
0.011719
0.015625
0.000000
-0.011719
0.007812
-0.023438
-0.015625
0.457031
-0.039062
0.523438
0.070312
0.378906
0.078125
0.050781
0.414062
0.015625
0.058594
0.027344
-0.109375
0.000000
-0.015625
0.054688
0.781250
0.074219
0.230469
-0.031250
-0.058594
0.070312
-0.128906
-0.023438
0.382812
-0.031250
-0.125000
0.097656
0.164062
-0.003906
0.429688
-0.046875
0.007812
0.054688
0.000000
-0.089844
0.519531
-0.027344
0.417969
0.031250
0.074219
-0.074219
-0.082031
0.046875
-0.023438
0.539062
0.000000
-0.042969
0.058594
0.128906
0.105469
0.031250
0.097656
0.031250
0.042969
-0.031250
0.121094
0.039062
0.226562
-0.039062
0.339844
-0.035156
0.078125
0.031250
0.628906
0.015625
0.140625
0.093750
0.011719
0.007812
0.289062
0.035156
0.054688
-0.066406
0.132812
0.101562
0.425781
0.027344
0.089844
0.152344
0.171875
-0.105469
0.132812
0.062500
0.007812
-0.042969
-0.011719
-0.027344
-0.015625
0.632812
0.070312
0.230469
-0.003906
0.007812
-0.160156
0.000000
-0.113281
0.050781
0.144531
0.128906
-0.144531
-0.257812
0.976562
0.023438
0.140625
-0.039062
0.625000
0.007812
0.027344
-0.050781
0.160156
-0.023438
0.054688
0.015625
-0.058594
0.031250
-0.015625
-0.019531
0.570312
0.074219
0.218750
-0.019531
0.082031
0.000000
0.140625
-0.015625
0.343750
0.019531
0.062500
0.175781
0.222656
-0.062500
0.140625
-0.062500
0.144531
-0.136719
0.179688
0.441406
0.175781
0.082031
0.277344
-0.011719
-0.039062
-0.074219
-0.003906
0.960938
-0.085938
0.027344
0.078125
0.054688
-0.019531
-0.070312
-0.058594
-0.007812
0.023438
0.148438
-0.023438
-0.058594
-0.007812
0.464844
-0.042969
0.359375
0.054688
-0.027344
0.039062
0.042969
-0.042969
0.019531
0.011719
0.664062
0.031250
0.281250
0.062500
-0.066406
-0.042969
0.148438
0.203125
-0.082031
0.765625
0.019531
-0.039062
0.023438
-0.125000
0.027344
-0.093750
0.039062
0.242188
-0.027344
0.464844
-0.058594
0.226562
0.003906
-0.066406
-0.011719
0.996094
-0.015625
-0.023438
0.089844
-0.167969
0.023438
0.011719
0.027344
-0.062500
0.011719
-0.058594
-0.003906
-0.074219
0.054688
0.003906
0.812500
-0.054688
0.179688
0.113281
-0.039062
0.039062
-0.054688
-0.070312
-0.031250
0.445312
-0.035156
0.335938
0.058594
0.187500
-0.042969
-0.003906
0.113281
0.074219
0.062500
0.000000
0.144531
0.031250
0.617188
0.113281
-0.105469
0.898438
-0.074219
0.042969
0.046875
-0.082031
0.093750
0.109375
0.089844
-0.082031
0.039062
0.089844
0.015625
0.011719
0.835938
0.019531
0.000000
0.082031
0.027344
0.101562
-0.019531
-0.070312
0.136719
0.394531
0.113281
0.425781
-0.128906
0.093750
0.015625
-0.023438
-0.019531
-0.003906
0.023438
-0.058594
-0.054688
-0.058594
1.242188
-0.050781
-0.257812
0.015625
0.113281
0.035156
-0.019531
0.101562
-0.015625
-0.007812
0.582031
-0.058594
0.160156
0.019531
0.011719
-0.011719
0.035156
-0.003906
-0.007812
0.019531
0.101562
-0.023438
0.906250
-0.039062
-0.027344
-0.042969
0.035156
0.074219
-0.140625
0.097656
0.980469
0.140625
-0.183594
0.039062
0.289062
-0.058594
0.023438
-0.011719
-0.023438
0.015625
0.054688
0.035156
0.945312
0.035156
-0.015625
0.644531
0.070312
0.125000
0.015625
0.058594
-0.003906
0.195312
0.046875
-0.042969
-0.003906
-0.011719
1.152344
-0.011719
-0.125000
-0.011719
0.019531
0.000000
0.000000
0.097656
0.027344
0.003906
0.824219
0.003906
0.066406
0.011719
0.085938
0.003906
0.062500
0.082031
0.007812
0.019531
0.000000
-0.003906
-0.066406
-0.031250
0.136719
0.054688
-0.023438
0.027344
0.832031
0.003906
-0.003906
-0.007812
0.050781
-0.015625
0.171875
-0.015625
0.953125
-0.078125
-0.058594
0.000000
-0.050781
-0.003906
-0.019531
0.003906
0.503906
-0.019531
0.238281
0.281250
0.042969
0.566406
0.070312
-0.039062
0.050781
0.191406
0.019531
0.300781
0.023438
-0.003906
0.027344
0.078125
0.652344
0.000000
0.136719
0.074219
0.054688
-0.011719
-0.054688
-0.007812
-0.023438
-0.046875
0.054688
-0.019531
0.000000
0.023438
0.132812
0.000000
-0.070312
-0.050781
0.972656
0.019531
0.019531
0.066406
0.035156
0.402344
0.011719
0.445312
-0.019531
0.062500
-0.031250
-0.011719
0.031250
-0.023438
0.906250
-0.003906
0.042969
0.027344
0.039062
0.019531
-0.015625
0.007812
0.035156
0.281250
0.054688
0.195312
0.070312
0.363281
-0.007812
0.062500
-0.027344
0.093750
-0.121094
-0.035156
0.132812
-0.042969
0.546875
0.167969
0.101562
0.140625
0.132812
0.027344
0.121094
0.148438
-0.089844
0.675781
-0.078125
-0.019531
0.078125
-0.011719
0.027344
0.500000
-0.011719
-0.164062
0.226562
0.089844
0.015625
0.199219
-0.007812
0.039062
-0.015625
0.042969
-0.011719
0.035156
-0.035156
0.824219
0.027344
0.121094
-0.035156
-0.011719
0.062500
0.054688
-0.050781
-0.066406
0.050781
-0.109375
0.992188
0.015625
-0.121094
-0.027344
0.062500
-0.054688
-0.015625
-0.054688
-0.058594
0.035156
0.109375
-0.007812
0.960938
-0.101562
-0.117188
-0.007812
-0.050781
0.832031
0.023438
-0.042969
0.000000
0.125000
0.058594
0.046875
0.035156
0.128906
-0.039062
0.613281
-0.003906
0.265625
0.000000
0.167969
0.035156
-0.023438
-0.054688
0.000000
-0.050781
0.945312
0.000000
-0.128906
0.066406
0.140625
-0.050781
-0.003906
0.054688
0.117188
0.101562
0.105469
0.425781
0.144531
-0.058594
0.203125
-0.062500
0.035156
-0.117188
-0.089844
-0.121094
-0.078125
0.082031
0.007812
0.683594
-0.058594
0.265625
-0.035156
-0.007812
0.125000
-0.007812
0.417969
0.128906
0.019531
0.023438
0.285156
-0.019531
0.093750
-0.011719
0.035156
-0.062500
0.160156
-0.019531
0.500000
0.000000
0.273438
-0.019531
0.039062
-0.015625
0.019531
0.222656
-0.074219
0.738281
-0.093750
0.003906
0.027344
-0.074219
0.054688
0.062500
-0.066406
0.070312
0.011719
0.058594
-0.031250
0.093750
-0.003906
0.925781
0.007812
-0.148438
0.109375
0.015625
-0.039062
-0.046875
0.070312
-0.035156
0.023438
0.039062
0.863281
0.070312
0.117188
0.074219
0.031250
0.367188
0.191406
-0.023438
0.183594
0.027344
0.066406
-0.007812
-0.082031
0.078125
0.257812
0.027344
0.441406
-0.027344
0.121094
0.015625
-0.031250
-0.015625
0.031250
0.031250
0.472656
0.054688
0.203125
-0.046875
0.320312
0.003906
0.031250
0.000000
-0.031250
0.925781
-0.023438
0.007812
0.070312
0.027344
-0.054688
-0.031250
-0.015625
0.042969
0.097656
0.484375
-0.007812
0.226562
0.222656
-0.003906
-0.011719
0.011719
-0.066406
0.066406
-0.015625
0.007812
-0.046875
-0.011719
-0.015625
0.300781
0.046875
0.417969
0.164062
0.085938
0.011719
0.035156
0.101562
-0.003906
-0.097656
0.222656
0.085938
0.035156
0.441406
0.238281
-0.062500
-0.042969
0.253906
0.039062
0.542969
-0.062500
0.160156
-0.023438
-0.039062
-0.003906
-0.050781
0.000000
0.074219
-0.117188
0.019531
0.703125
0.007812
0.000000
0.113281
0.105469
0.042969
-0.070312
-0.007812
0.601562
0.347656
0.066406
0.062500
0.011719
-0.054688
-0.070312
-0.042969
-0.019531
-0.050781
0.054688
0.558594
0.011719
0.425781
-0.007812
0.085938
-0.039062
-0.035156
-0.070312
-0.058594
0.011719
-0.101562
0.050781
-0.121094
0.000000
0.972656
0.062500
-0.054688
-0.089844
0.000000
-0.003906
0.054688
0.835938
0.085938
0.164062
0.007812
-0.050781
0.175781
0.003906
-0.046875
0.148438
-0.050781
-0.062500
0.027344
0.085938
0.828125
-0.023438
0.113281
0.042969
0.058594
-0.132812
0.136719
-0.011719
0.300781
0.046875
0.210938
-0.027344
-0.031250
-0.019531
0.164062
0.019531
0.539062
-0.035156
0.242188
-0.027344
-0.007812
-0.031250
-0.003906
0.832031
0.003906
0.050781
0.046875
0.050781
-0.019531
0.011719
0.015625
0.019531
-0.007812
0.023438
0.105469
0.042969
0.570312
-0.042969
0.039062
0.027344
-0.007812
0.011719
0.156250
-0.054688
0.058594
0.878906
-0.027344
-0.019531
0.000000
-0.054688
-0.054688
0.015625
-0.074219
0.078125
0.031250
0.031250
0.042969
0.187500
-0.074219
0.804688
0.089844
-0.117188
-0.023438
0.019531
0.621094
0.070312
0.070312
0.035156
0.246094
-0.066406
0.089844
0.101562
0.035156
-0.066406
-0.066406
-0.082031
-0.054688
-0.078125
-0.074219
0.085938
0.015625
1.066406
0.593750
0.011719
0.261719
0.144531
0.000000
-0.035156
0.183594
0.046875
0.078125
-0.015625
-0.058594
0.085938
0.183594
-0.066406
0.675781
-0.046875
0.023438
-0.035156
0.070312
-0.003906
0.000000
0.066406
0.046875
0.039062
-0.054688
0.437500
0.066406
0.410156
0.164062
-0.039062
0.089844
0.054688
0.582031
-0.039062
0.156250
-0.066406
0.230469
0.000000
0.097656
-0.019531
0.046875
0.148438
0.058594
0.835938
0.000000
0.023438
0.000000
-0.007812
0.050781
-0.011719
-0.093750
0.031250
0.136719
0.113281
0.558594
0.046875
0.250000
-0.015625
0.320312
0.019531
-0.007812
-0.011719
-0.070312
0.019531
-0.070312
-0.062500
-0.074219
-0.042969
0.042969
1.062500
0.039062
0.054688
-0.050781
-0.015625
0.089844
0.851562
0.027344
0.136719
0.085938
0.117188
0.023438
0.050781
0.000000
-0.027344
0.015625
0.667969
0.089844
0.187500
0.003906
-0.058594
-0.070312
0.039062
-0.117188
0.042969
0.019531
0.085938
-0.011719
0.105469
0.195312
0.789062
-0.082031
0.078125
-0.156250
0.019531
0.714844
0.003906
0.316406
-0.089844
0.148438
-0.082031
0.265625
0.078125
0.054688
0.210938
0.097656
0.062500
0.195312
0.007812
0.027344
-0.019531
-0.003906
0.000000
-0.105469
0.167969
0.625000
0.074219
0.214844
-0.011719
-0.019531
-0.003906
0.078125
0.886719
-0.078125
-0.015625
0.195312
0.039062
0.003906
0.074219
-0.074219
-0.035156
0.000000
0.800781
-0.031250
0.000000
0.058594
0.015625
0.039062
0.101562
0.000000
0.019531
-0.042969
0.035156
-0.078125
-0.003906
-0.019531
-0.007812
-0.046875
0.011719
0.906250
0.000000
-0.054688
0.015625
0.066406
0.074219
0.027344
0.066406
-0.136719
-0.082031
0.167969
1.027344
0.062500
-0.011719
0.140625
0.074219
0.335938
-0.027344
0.304688
-0.039062
-0.003906
0.000000
-0.031250
-0.007812
0.167969
-0.121094
0.765625
0.058594
0.066406
0.019531
0.019531
0.054688
-0.082031
0.000000
0.554688
0.011719
0.132812
0.125000
0.187500
-0.035156
0.019531
0.003906
-0.039062
0.011719
-0.054688
1.242188
-0.085938
-0.027344
-0.113281
-0.066406
-0.101562
-0.007812
-0.144531
-0.019531
-0.167969
1.078125
0.101562
-0.003906
0.078125
-0.003906
0.000000
0.062500
0.238281
-0.015625
-0.023438
0.472656
0.093750
0.003906
0.195312
0.011719
0.062500
-0.027344
-0.035156
0.000000
0.027344
0.023438
0.023438
0.000000
-0.031250
1.089844
-0.035156
0.011719
-0.066406
0.863281
-0.039062
0.113281
0.046875
0.007812
0.019531
0.035156
0.039062
-0.015625
-0.003906
-0.019531
0.085938
-0.039062
-0.046875
0.113281
0.046875
0.046875
0.644531
0.000000
0.027344
-0.011719
0.015625
-0.035156
-0.042969
0.070312
0.054688
0.105469
0.183594
0.019531
-0.027344
0.000000
-0.003906
0.007812
0.015625
0.468750
-0.070312
0.214844
0.015625
0.343750
0.343750
0.105469
0.007812
0.371094
0.039062
-0.003906
0.109375
0.050781
0.023438
0.003906
0.113281
-0.046875
0.023438
0.511719
0.304688
0.093750
0.234375
-0.015625
-0.070312
-0.011719
-0.027344
0.050781
0.023438
0.011719
-0.031250
-0.039062
-0.035156
0.574219
0.312500
-0.015625
-0.007812
0.027344
-0.039062
0.078125
0.035156
0.238281
-0.007812
0.753906
0.023438
-0.054688
-0.066406
1.179688
-0.003906
-0.085938
0.003906
0.015625
-0.011719
-0.011719
-0.027344
0.019531
0.562500
0.066406
0.085938
0.085938
-0.003906
0.042969
0.128906
-0.042969
0.046875
-0.011719
-0.011719
0.703125
0.066406
0.253906
0.105469
-0.007812
-0.039062
0.058594
-0.027344
-0.015625
-0.066406
0.074219
0.382812
-0.093750
0.757812
0.000000
0.035156
0.121094
0.050781
0.027344
0.113281
0.781250
-0.066406
-0.078125
0.113281
0.023438
0.023438
0.019531
-0.046875
-0.054688
-0.050781
-0.007812
0.152344
-0.113281
0.011719
0.156250
-0.046875
0.042969
-0.140625
1.039062
0.871094
0.019531
0.046875
0.031250
-0.023438
0.039062
0.054688
0.007812
-0.023438
0.015625
-0.097656
0.066406
0.207031
-0.105469
0.496094
0.031250
0.289062
0.007812
-0.046875
-0.011719
0.187500
0.675781
-0.003906
-0.019531
0.156250
-0.027344
0.121094
0.074219
0.058594
-0.062500
0.203125
0.523438
-0.046875
0.042969
0.187500
-0.035156
0.070312
-0.039062
-0.007812
0.000000
0.882812
0.000000
0.007812
-0.101562
0.015625
0.003906
0.183594
-0.031250
-0.011719
-0.011719
-0.011719
0.000000
-0.023438
0.019531
-0.007812
-0.011719
0.031250
0.316406
0.097656
0.441406
0.175781
0.167969
0.007812
0.406250
0.082031
0.023438
0.082031
0.011719
0.066406
-0.035156
0.000000
0.015625
-0.074219
-0.050781
0.085938
0.031250
0.085938
0.683594
-0.082031
0.265625
0.031250
0.078125
0.218750
0.222656
0.242188
0.011719
0.238281
-0.027344
0.097656
-0.003906
0.117188
-0.183594
0.156250
-0.039062
0.039062
0.078125
0.039062
0.218750
-0.097656
0.894531
0.839844
0.003906
0.000000
0.023438
-0.007812
0.062500
0.136719
0.027344
-0.031250
0.015625
0.011719
0.855469
0.011719
-0.046875
0.035156
0.000000
0.000000
0.062500
0.027344
-0.011719
0.000000
0.011719
-0.164062
0.066406
0.007812
0.007812
-0.046875
0.027344
0.980469
0.007812
-0.058594
-0.039062
-0.035156
-0.007812
-0.046875
0.007812
-0.066406
0.046875
0.050781
0.851562
0.500000
0.019531
0.218750
0.066406
-0.066406
0.027344
0.246094
0.089844
0.078125
-0.042969
0.500000
-0.007812
0.117188
-0.058594
0.054688
0.011719
0.363281
-0.031250
-0.015625
-0.078125
0.000000
-0.058594
-0.007812
0.027344
0.523438
-0.050781
0.398438
-0.070312
0.066406
0.035156
0.914062
0.046875
0.031250
-0.074219
-0.050781
-0.011719
0.144531
0.000000
-0.019531
-0.046875
-0.027344
0.011719
-0.003906
-0.007812
0.007812
0.070312
-0.031250
0.054688
0.015625
0.824219
0.078125
0.781250
-0.031250
0.066406
0.046875
-0.031250
-0.019531
0.039062
-0.003906
0.050781
0.195312
0.082031
-0.078125
0.328125
0.300781
0.000000
0.132812
0.023438
0.019531
0.050781
-0.003906
1.125000
-0.046875
-0.101562
0.011719
-0.027344
0.054688
0.015625
0.003906
-0.042969
0.039062
0.050781
0.566406
-0.042969
0.238281
0.000000
0.042969
0.019531
0.042969
0.000000
-0.031250
0.054688
-0.058594
-0.066406
0.042969
0.269531
0.007812
0.753906
0.015625
-0.058594
0.054688
-0.035156
0.089844
0.035156
0.058594
-0.070312
0.250000
-0.007812
0.304688
0.019531
0.730469
-0.019531
0.011719
0.078125
0.015625
0.035156
0.078125
0.035156
0.023438
-0.027344
0.027344
0.007812
-0.097656
0.070312
-0.062500
0.765625
-0.078125
-0.078125
-0.031250
0.007812
0.156250
0.062500
0.035156
0.269531
0.273438
-0.031250
0.082031
0.031250
-0.027344
0.074219
0.062500
-0.011719
0.011719
0.023438
-0.125000
0.031250
-0.070312
0.074219
1.402344
-0.062500
0.019531
-0.003906
0.671875
-0.035156
0.250000
-0.007812
0.230469
0.035156
0.000000
-0.015625
-0.078125
0.007812
0.074219
-0.105469
0.046875
0.402344
0.003906
0.031250
0.035156
0.246094
-0.070312
-0.003906
-0.039062
-0.035156
-0.085938
1.132812
0.050781
0.019531
-0.074219
0.031250
-0.054688
0.457031
-0.015625
0.671875
0.089844
0.027344
0.082031
0.000000
0.027344
-0.039062
0.023438
-0.046875
-0.035156
-0.113281
0.046875
1.257812
0.089844
-0.054688
0.000000
-0.042969
-0.042969
0.015625
-0.019531
-0.019531
0.042969
-0.074219
0.000000
0.183594
-0.015625
0.921875
0.046875
0.937500
-0.042969
-0.066406
0.066406
0.058594
-0.050781
-0.046875
0.015625
0.042969
0.121094
-0.015625
0.078125
0.007812
0.019531
-0.007812
0.074219
-0.027344
0.925781
0.011719
0.054688
-0.035156
0.000000
0.003906
0.000000
0.789062
0.027344
0.058594
-0.035156
0.046875
0.410156
-0.085938
0.132812
0.550781
0.101562
0.066406
0.152344
0.101562
-0.039062
-0.027344
-0.046875
0.875000
0.000000
0.187500
0.000000
0.050781
-0.082031
0.031250
-0.023438
0.042969
0.183594
0.023438
0.707031
0.019531
0.058594
0.000000
0.261719
-0.031250
0.109375
0.046875
-0.062500
0.062500
0.503906
0.035156
0.402344
0.007812
0.203125
-0.027344
-0.074219
0.000000
0.394531
0.160156
-0.187500
0.625000
0.054688
-0.039062
0.203125
-0.097656
-0.007812
0.007812
-0.054688
0.066406
-0.042969
0.039062
0.035156
0.156250
0.019531
0.593750
0.000000
-0.023438
0.117188
0.000000
0.136719
0.546875
0.105469
0.046875
0.078125
0.015625
0.039062
0.042969
-0.070312
0.074219
-0.003906
0.019531
-0.035156
0.750000
0.007812
0.128906
-0.007812
0.015625
-0.046875
0.000000
0.226562
0.250000
0.253906
0.042969
0.269531
0.054688
-0.035156
-0.070312
0.023438
0.027344
-0.164062
-0.050781
0.156250
-0.031250
0.023438
0.042969
1.355469
-0.011719
0.906250
-0.125000
0.167969
-0.023438
-0.066406
-0.007812
0.238281
0.011719
-0.132812
0.054688
0.027344
-0.007812
0.003906
-0.015625
-0.007812
0.093750
0.046875
0.398438
0.050781
0.515625
0.097656
0.679688
0.015625
0.078125
0.140625
-0.039062
0.031250
0.031250
0.000000
-0.003906
-0.031250
0.050781
0.339844
0.019531
0.105469
0.050781
0.167969
-0.070312
0.167969
0.121094
0.132812
0.085938
-0.070312
0.664062
0.058594
-0.015625
-0.019531
0.015625
0.156250
-0.125000
0.046875
-0.054688
0.000000
0.011719
0.000000
0.113281
0.050781
-0.066406
-0.035156
0.964844
-0.019531
0.070312
-0.105469
0.031250
0.035156
0.019531
-0.171875
0.066406
1.343750
0.050781
0.105469
-0.074219
-0.035156
0.937500
-0.050781
0.082031
0.070312
0.019531
0.015625
-0.039062
-0.050781
0.019531
0.085938
-0.078125
0.003906
0.160156
0.089844
0.035156
0.722656
-0.089844
0.031250
-0.054688
-0.058594
-0.070312
-0.003906
0.214844
0.027344
0.746094
0.039062
-0.046875
-0.007812
0.019531
-0.046875
0.039062
0.003906
0.042969
0.031250
1.058594
-0.011719
-0.042969
-0.019531
0.003906
-0.003906
-0.015625
0.011719
0.171875
0.054688
0.070312
0.070312
0.652344
-0.035156
0.000000
0.000000
-0.015625
0.003906
0.175781
0.023438
0.773438
0.121094
-0.027344
1.058594
0.089844
0.074219
0.062500
-0.285156
-0.027344
0.035156
0.058594
0.046875
-0.062500
-0.058594
0.089844
-0.078125
-0.089844
0.082031
0.062500
-0.054688
0.015625
-0.128906
0.886719
-0.023438
0.007812
0.398438
0.019531
0.535156
0.007812
0.171875
-0.011719
-0.070312
-0.039062
0.437500
-0.003906
-0.019531
0.261719
-0.023438
0.183594
0.132812
0.011719
0.144531
0.011719
-0.039062
0.050781
-0.054688
0.015625
0.042969
0.136719
-0.027344
-0.011719
0.097656
0.750000
0.125000
-0.042969
0.000000
0.144531
0.312500
0.082031
0.421875
-0.054688
0.144531
-0.023438
-0.027344
1.058594
-0.093750
-0.082031
0.082031
0.058594
0.082031
-0.035156
-0.050781
0.015625
0.023438
-0.003906
0.003906
-0.046875
-0.007812
0.000000
-0.078125
-0.003906
0.000000
0.843750
0.050781
-0.066406
0.011719
-0.042969
-0.082031
0.125000
-0.039062
0.207031
0.988281
0.003906
0.050781
0.027344
0.113281
0.113281
0.234375
0.136719
0.457031
0.000000
0.027344
-0.003906
-0.039062
0.007812
0.082031
0.710938
0.070312
-0.046875
0.167969
0.023438
0.015625
0.027344
0.007812
-0.046875
-0.054688
-0.027344
0.035156
-0.066406
0.000000
0.257812
0.078125
0.656250
0.109375
-0.019531
0.296875
0.011719
0.281250
0.003906
0.347656
-0.023438
0.000000
0.019531
-0.023438
-0.011719
0.050781
-0.019531
-0.031250
0.082031
0.003906
-0.136719
-0.003906
1.050781
-0.011719
0.078125
-0.027344
0.042969
0.062500
0.988281
0.000000
0.070312
-0.007812
-0.054688
-0.058594
0.007812
0.074219
0.054688
0.843750
-0.003906
0.195312
-0.093750
0.031250
-0.011719
-0.046875
-0.011719
-0.019531
0.015625
0.011719
0.285156
0.000000
0.605469
-0.042969
-0.027344
0.011719
0.886719
0.007812
0.027344
0.082031
-0.031250
-0.046875
-0.078125
0.007812
0.074219
0.300781
-0.035156
0.335938
-0.011719
0.042969
-0.003906
0.289062
0.050781
0.035156
0.035156
0.019531
0.800781
0.003906
0.132812
0.039062
0.000000
-0.031250
0.000000
0.042969
0.019531
0.089844
0.109375
0.257812
-0.140625
0.187500
0.367188
0.320312
-0.070312
0.015625
-0.058594
0.179688
0.085938
-0.035156
0.503906
0.171875
-0.058594
0.148438
0.007812
0.000000
0.031250
-0.035156
0.074219
-0.027344
-0.007812
-0.003906
0.097656
-0.078125
0.054688
-0.007812
0.859375
-0.082031
0.054688
0.222656
0.074219
0.421875
0.121094
0.281250
-0.070312
-0.015625
-0.089844
0.953125
-0.066406
-0.011719
0.042969
-0.054688
-0.007812
0.167969
0.007812
0.105469
0.023438
-0.175781
-0.054688
-0.007812
0.003906
0.070312
0.320312
0.015625
0.578125
0.050781
-0.066406
0.214844
-0.042969
0.128906
0.113281
0.152344
0.070312
0.191406
-0.050781
-0.015625
-0.101562
0.671875
0.066406
0.148438
0.093750
-0.046875
0.000000
0.140625
-0.019531
0.015625
-0.019531
-0.058594
0.042969
0.023438
0.011719
0.101562
0.933594
-0.070312
0.203125
0.023438
-0.132812
-0.070312
0.054688
0.007812
0.136719
-0.003906
0.554688
-0.007812
0.097656
-0.023438
0.074219
-0.082031
0.042969
0.210938
0.000000
0.718750
0.046875
0.121094
0.042969
-0.125000
0.042969
0.394531
0.070312
-0.089844
0.195312
0.089844
-0.007812
0.148438
0.078125
-0.042969
0.011719
0.031250
0.000000
0.019531
0.085938
0.003906
-0.152344
-0.039062
-0.062500
0.105469
1.050781
0.070312
0.019531
-0.050781
-0.144531
0.136719
-0.097656
-0.003906
-0.156250
-0.191406
1.027344
0.042969
0.937500
-0.062500
-0.109375
0.066406
-0.058594
0.070312
0.078125
-0.035156
0.011719
0.464844
-0.035156
0.210938
0.121094
0.078125
-0.089844
0.316406
-0.062500
0.125000
-0.003906
0.031250
0.050781
-0.027344
-0.003906
-0.003906
0.218750
0.003906
0.976562
-0.015625
-0.054688
-0.003906
0.023438
-0.003906
-0.046875
0.035156
0.195312
0.054688
0.609375
-0.058594
0.363281
-0.003906
0.066406
0.000000
0.023438
0.058594
0.054688
0.027344
1.011719
0.042969
-0.023438
-0.046875
0.039062
0.113281
-0.078125
0.593750
0.042969
0.324219
0.019531
-0.042969
-0.042969
-0.042969
0.035156
-0.058594
0.156250
-0.121094
1.105469
-0.132812
0.074219
0.128906
-0.140625
-0.007812
1.019531
0.019531
0.039062
-0.019531
-0.015625
-0.035156
-0.011719
0.000000
-0.003906
-0.191406
0.046875
0.246094
0.070312
0.667969
0.023438
-0.078125
-0.046875
0.050781
0.023438
0.621094
0.007812
-0.113281
0.007812
0.167969
0.070312
0.281250
-0.054688
0.011719
0.011719
-0.007812
0.031250
0.078125
-0.054688
0.605469
-0.019531
0.347656
-0.003906
0.054688
0.007812
-0.035156
-0.074219
0.000000
0.964844
-0.066406
0.042969
0.023438
-0.011719
0.101562
0.042969
0.074219
-0.062500
-0.003906
-0.097656
-0.062500
0.062500
-0.007812
0.226562
1.152344
-0.027344
0.035156
-0.035156
-0.003906
-0.140625
0.011719
0.257812
0.152344
0.382812
0.140625
0.453125
-0.003906
-0.085938
-0.156250
-0.128906
0.175781
0.027344
0.011719
-0.082031
0.960938
0.066406
-0.046875
0.058594
0.144531
0.035156
0.531250
-0.007812
0.082031
-0.007812
0.121094
-0.003906
0.000000
0.707031
0.011719
0.238281
0.058594
-0.070312
0.000000
0.062500
-0.035156
0.011719
0.816406
0.105469
0.042969
0.207031
-0.066406
-0.027344
0.007812
0.035156
-0.054688
0.011719
0.062500
0.019531
0.039062
0.031250
0.015625
-0.019531
0.000000
0.066406
1.093750
-0.007812
0.238281
0.121094
0.082031
0.589844
-0.023438
0.066406
0.101562
-0.097656
0.015625
-0.105469
-0.011719
0.007812
0.058594
0.039062
-0.066406
0.050781
-0.023438
-0.074219
0.109375
0.882812
0.121094
0.011719
-0.171875
-0.003906
-0.015625
0.000000
-0.093750
0.054688
1.324219
-0.082031
-0.003906
0.000000
-0.007812
-0.039062
0.007812
0.000000
0.003906
0.000000
0.375000
0.011719
-0.085938
-0.011719
0.011719
-0.035156
-0.031250
-0.027344
0.078125
0.878906
0.074219
-0.089844
-0.054688
-0.023438
0.093750
-0.066406
0.144531
-0.019531
0.171875
0.000000
0.765625
-0.027344
0.070312
0.007812
0.031250
0.664062
0.070312
-0.015625
0.054688
0.054688
0.023438
-0.011719
0.246094
-0.027344
0.039062
0.082031
0.242188
-0.027344
0.343750
-0.011719
-0.039062
0.000000
0.968750
-0.046875
-0.105469
-0.070312
-0.062500
-0.023438
0.375000
-0.152344
-0.210938
-0.031250
0.000000
0.035156
0.011719
0.074219
-0.003906
0.187500
0.015625
0.843750
0.031250
-0.035156
0.062500
-0.082031
-0.054688
-0.113281
0.546875
0.023438
0.390625
0.050781
0.054688
-0.046875
-0.089844
0.097656
-0.101562
-0.082031
0.070312
0.039062
-0.015625
-0.003906
1.187500
-0.003906
0.566406
-0.046875
-0.160156
0.027344
0.191406
0.121094
0.238281
-0.050781
0.050781
0.046875
-0.023438
-0.035156
-0.003906
0.054688
-0.062500
-0.031250
-0.125000
0.136719
-0.015625
1.109375
-0.058594
-0.062500
0.000000
-0.003906
-0.023438
-0.042969
0.011719
-0.046875
-0.054688
1.265625
0.070312
-0.109375
0.289062
-0.050781
0.414062
0.003906
0.457031
0.003906
0.050781
0.000000
0.011719
-0.035156
0.015625
0.074219
-0.039062
0.164062
-0.031250
0.632812
-0.011719
0.000000
0.011719
-0.042969
0.000000
0.050781
-0.003906
-0.007812
-0.027344
1.011719
0.027344
-0.054688
0.074219
-0.019531
0.445312
-0.089844
0.238281
0.097656
0.300781
0.000000
0.074219
0.000000
-0.066406
0.093750
0.582031
0.003906
0.136719
-0.058594
0.175781
0.089844
0.085938
0.050781
-0.023438
0.679688
-0.093750
0.175781
0.039062
0.058594
0.027344
0.015625
-0.042969
0.070312
0.058594
-0.011719
-0.042969
0.058594
-0.117188
0.726562
-0.082031
-0.042969
0.105469
0.277344
0.183594
-0.023438
-0.074219
0.417969
0.351562
0.085938
0.261719
0.023438
0.011719
-0.054688
0.050781
-0.011719
0.132812
-0.039062
0.683594
0.054688
0.085938
-0.039062
0.027344
0.039062
0.125000
0.144531
-0.097656
0.453125
0.113281
0.035156
0.039062
-0.003906
-0.023438
0.007812
0.023438
-0.035156
-0.015625
-0.007812
0.035156
0.800781
0.039062
0.179688
-0.050781
-0.050781
-0.031250
0.019531
0.003906
0.121094
0.062500
0.937500
0.007812
0.167969
0.089844
-0.121094
0.652344
-0.035156
-0.113281
-0.007812
0.105469
-0.031250
0.359375
-0.066406
0.070312
0.035156
-0.070312
0.054688
-0.039062
-0.046875
0.164062
0.128906
0.156250
-0.019531
0.562500
0.054688
-0.003906
-0.039062
0.449219
0.003906
0.503906
0.003906
0.246094
0.000000
0.148438
0.058594
0.007812
-0.007812
-0.066406
-0.042969
0.058594
-0.050781
0.011719
0.441406
0.070312
0.570312
0.031250
-0.003906
-0.003906
-0.085938
0.039062
0.027344
0.062500
0.019531
0.898438
-0.070312
-0.035156
-0.039062
0.000000
0.019531
-0.007812
-0.093750
-0.003906
-0.054688
-0.039062
1.089844
-0.027344
0.039062
0.019531
0.089844
0.683594
0.031250
0.125000
0.089844
-0.023438
-0.058594
0.000000
-0.003906
0.843750
0.007812
0.101562
-0.117188
0.195312
-0.023438
0.042969
-0.015625
0.031250
0.847656
0.011719
0.101562
0.035156
0.003906
-0.023438
-0.050781
0.031250
0.023438
-0.015625
-0.046875
0.027344
0.015625
0.023438
0.058594
0.003906
0.382812
-0.007812
0.605469
-0.050781
0.035156
0.078125
-0.023438
0.703125
-0.027344
0.242188
-0.066406
0.015625
0.058594
-0.113281
-0.109375
0.343750
-0.097656
0.363281
-0.062500
0.261719
-0.019531
0.496094
0.031250
-0.058594
0.000000
0.242188
-0.066406
0.457031
-0.039062
0.316406
0.027344
0.054688
-0.023438
0.015625
0.050781
-0.003906
-0.003906
0.023438
0.234375
-0.042969
0.351562
-0.070312
0.515625
-0.039062
0.097656
0.066406
0.031250
0.730469
0.058594
0.078125
0.039062
-0.070312
0.000000
0.078125
0.082031
-0.054688
1.039062
-0.113281
-0.015625
-0.046875
-0.039062
-0.105469
0.000000
-0.117188
-0.007812
0.316406
0.015625
0.375000
0.031250
0.433594
0.070312
0.062500
0.003906
0.933594
0.031250
-0.062500
0.058594
-0.042969
0.011719
0.167969
0.058594
0.027344
-0.015625
-0.031250
0.019531
-0.046875
-0.078125
0.011719
0.078125
0.031250
0.496094
-0.144531
0.515625
-0.078125
-0.031250
-0.042969
0.031250
0.031250
0.457031
-0.046875
0.640625
0.070312
-0.085938
0.027344
-0.031250
0.011719
0.007812
-0.054688
0.187500
0.039062
-0.082031
0.316406
-0.015625
0.687500
0.031250
-0.062500
-0.046875
-0.085938
0.050781
0.027344
-0.031250
-0.058594
0.039062
0.042969
-0.035156
0.027344
0.000000
0.050781
-0.074219
0.058594
-0.089844
-0.019531
1.144531
0.140625
0.558594
-0.007812
0.003906
0.332031
-0.109375
0.171875
0.007812
-0.019531
0.000000
0.132812
-0.007812
0.859375
-0.007812
0.074219
0.000000
0.093750
0.003906
-0.050781
-0.058594
0.125000
0.019531
0.160156
0.027344
0.191406
0.101562
0.468750
-0.031250
0.148438
-0.031250
0.070312
-0.035156
0.871094
-0.050781
0.175781
0.042969
0.003906
0.000000
-0.050781
0.000000
-0.015625
-0.011719
-0.003906
-0.042969
0.023438
0.179688
0.050781
0.152344
0.085938
0.480469
0.000000
-0.011719
0.019531
-0.066406
-0.054688
-0.078125
0.000000
0.542969
-0.039062
0.363281
-0.035156
1.085938
0.035156
-0.046875
-0.023438
0.011719
-0.074219
0.035156
0.082031
-0.019531
-0.003906
0.000000
-0.054688
0.105469
0.011719
0.441406
-0.031250
0.144531
0.082031
0.332031
0.035156
-0.027344
-0.042969
-0.023438
0.019531
-0.042969
0.011719
0.203125
0.046875
0.718750
0.167969
0.117188
-0.050781
0.855469
-0.019531
0.109375
-0.031250
0.000000
0.046875
-0.082031
-0.035156
-0.019531
0.042969
1.035156
0.000000
0.039062
-0.042969
0.066406
0.023438
-0.039062
-0.007812
1.046875
-0.015625
-0.097656
0.031250
0.027344
0.089844
0.007812
0.027344
0.054688
-0.039062
-0.015625
0.515625
-0.011719
0.195312
0.000000
0.222656
0.031250
0.128906
-0.042969
0.203125
0.113281
-0.015625
0.390625
-0.019531
-0.003906
0.121094
0.136719
0.171875
-0.011719
-0.027344
0.015625
0.082031
0.000000
0.011719
0.726562
0.085938
0.007812
-0.105469
0.113281
0.195312
-0.066406
0.132812
0.207031
0.281250
0.042969
0.132812
0.035156
-0.054688
0.000000
-0.144531
0.011719
-0.007812
0.503906
0.339844
0.039062
0.121094
0.003906
0.019531
-0.062500
0.003906
0.031250
-0.035156
-0.078125
0.035156
-0.035156
-0.023438
0.808594
-0.046875
0.292969
-0.078125
0.054688
0.156250
0.011719
0.578125
-0.015625
0.089844
0.050781
0.035156
-0.023438
0.003906
1.035156
0.027344
0.035156
-0.007812
-0.023438
-0.070312
0.023438
0.042969
-0.015625
-0.039062
-0.011719
0.121094
0.011719
0.542969
0.035156
0.300781
-0.011719
0.039062
-0.070312
-0.023438
0.007812
0.171875
-0.042969
0.488281
0.050781
0.355469
-0.019531
0.015625
-0.031250
0.066406
-0.101562
0.429688
-0.027344
0.078125
0.277344
0.292969
-0.093750
0.113281
-0.078125
-0.011719
0.027344
-0.019531
0.000000
-0.011719
0.109375
-0.003906
0.855469
-0.082031
-0.093750
0.031250
-0.042969
-0.023438
0.105469
0.031250
0.613281
-0.019531
0.136719
-0.078125
0.109375
-0.015625
0.042969
0.085938
0.031250
0.609375
-0.070312
0.148438
0.000000
0.039062
0.003906
-0.039062
-0.015625
0.152344
0.019531
0.417969
-0.027344
0.460938
-0.093750
0.058594
0.003906
-0.003906
-0.035156
-0.027344
0.000000
0.105469
0.093750
-0.015625
0.863281
-0.082031
0.164062
-0.019531
0.015625
-0.019531
-0.007812
-0.011719
0.027344
-0.011719
0.558594
0.062500
0.324219
-0.078125
0.027344
-0.023438
0.093750
0.011719
0.074219
-0.050781
0.054688
0.894531
0.042969
0.132812
0.699219
0.023438
0.183594
0.042969
0.000000
-0.066406
0.003906
-0.019531
0.054688
-0.031250
-0.003906
0.074219
-0.019531
0.113281
-0.066406
0.171875
-0.003906
0.792969
0.035156
0.160156
1.031250
-0.062500
-0.011719
0.042969
-0.003906
-0.066406
-0.035156
-0.015625
-0.031250
0.207031
0.121094
0.367188
-0.097656
0.015625
0.140625
0.308594
-0.121094
0.199219
-0.007812
-0.046875
0.078125
0.457031
0.183594
0.289062
-0.046875
0.054688
0.000000
-0.046875
-0.066406
-0.187500
-0.035156
0.015625
0.050781
0.097656
0.398438
-0.082031
0.601562
0.046875
-0.046875
-0.128906
0.031250
0.046875
0.035156
-0.062500
0.500000
0.121094
0.238281
0.253906
0.238281
0.207031
0.003906
-0.070312
0.242188
0.234375
-0.035156
0.179688
-0.015625
0.097656
-0.019531
-0.042969
1.187500
0.000000
-0.046875
-0.011719
-0.015625
0.035156
0.000000
0.019531
-0.046875
0.070312
0.019531
0.148438
0.046875
0.671875
0.015625
0.000000
0.085938
-0.015625
-0.011719
-0.003906
-0.011719
0.554688
0.042969
0.222656
-0.062500
0.246094
-0.015625
0.042969
0.027344
0.453125
-0.054688
0.128906
0.042969
0.011719
-0.007812
0.238281
-0.031250
0.054688
-0.027344
-0.070312
1.261719
0.003906
-0.160156
-0.019531
-0.050781
0.070312
-0.011719
0.011719
0.027344
-0.066406
0.027344
0.281250
0.039062
0.457031
-0.003906
0.281250
0.011719
0.070312
-0.070312
0.765625
-0.023438
0.015625
0.050781
-0.093750
-0.042969
0.074219
0.003906
0.007812
0.019531
0.003906
0.000000
0.015625
0.000000
0.031250
-0.023438
0.035156
1.109375
-0.128906
-0.089844
0.019531
-0.101562
0.085938
0.054688
0.378906
-0.007812
0.457031
-0.046875
0.074219
-0.019531
-0.125000
0.031250
0.203125
-0.042969
0.023438
0.355469
0.144531
0.050781
0.437500
-0.074219
-0.039062
0.023438
-0.078125
-0.042969
-0.039062
0.261719
-0.082031
-0.132812
0.410156
0.066406
0.000000
-0.011719
0.800781
-0.062500
0.207031
0.078125
0.058594
-0.023438
0.042969
0.078125
0.023438
-0.031250
0.000000
0.050781
0.015625
0.027344
0.062500
0.003906
1.078125
0.003906
-0.046875
0.183594
0.285156
-0.179688
0.531250
0.054688
0.218750
0.074219
-0.015625
-0.011719
-0.027344
-0.011719
0.062500
0.050781
0.039062
1.234375
-0.074219
-0.101562
0.019531
-0.097656
0.960938
0.078125
0.000000
0.046875
-0.015625
0.000000
0.121094
0.058594
-0.042969
-0.015625
0.710938
0.121094
-0.046875
-0.148438
0.164062
0.066406
0.097656
0.046875
0.050781
0.003906
0.000000
0.777344
0.000000
0.042969
0.035156
0.097656
0.003906
0.050781
-0.027344
-0.011719
-0.062500
0.000000
-0.011719
-0.050781
0.042969
0.113281
0.011719
0.730469
-0.113281
0.238281
-0.011719
0.003906
-0.015625
-0.019531
0.011719
0.292969
0.062500
0.148438
-0.085938
0.507812
0.042969
0.082031
-0.039062
0.007812
0.007812
0.582031
0.000000
0.453125
0.023438
-0.070312
0.046875
0.019531
-0.046875
0.625000
0.312500
0.031250
0.128906
-0.023438
-0.046875
0.023438
0.046875
-0.085938
0.015625
-0.113281
0.093750
0.585938
0.062500
0.007812
0.031250
0.339844
-0.031250
0.066406
0.175781
-0.054688
0.597656
0.062500
0.308594
0.000000
-0.039062
0.050781
0.746094
0.011719
-0.175781
-0.046875
0.156250
0.117188
0.148438
-0.027344
-0.046875
0.019531
-0.027344
-0.019531
0.136719
-0.011719
0.785156
0.011719
0.042969
-0.066406
0.050781
0.046875
0.066406
-0.015625
-0.031250
0.085938
0.007812
-0.039062
-0.070312
0.042969
1.101562
-0.019531
-0.058594
0.066406
-0.019531
-0.097656
0.019531
0.027344
0.019531
0.835938
-0.019531
-0.097656
-0.050781
0.929688
-0.007812
0.085938
0.042969
0.019531
-0.039062
0.023438
0.046875
0.000000
0.441406
-0.082031
-0.082031
0.058594
0.203125
0.042969
0.351562
-0.019531
0.015625
-0.015625
0.035156
0.027344
-0.093750
-0.179688
-0.140625
0.015625
-0.082031
0.113281
1.039062
0.027344
0.031250
0.007812
-0.007812
-0.046875
0.015625
-0.105469
0.000000
0.339844
0.023438
0.664062
0.015625
0.019531
0.062500
-0.035156
-0.015625
0.000000
0.085938
0.019531
0.105469
0.011719
0.164062
0.000000
0.312500
0.019531
-0.035156
-0.039062
0.125000
-0.007812
0.000000
0.019531
-0.039062
0.000000
0.160156
0.000000
0.597656
0.046875
0.195312
0.015625
-0.035156
0.003906
-0.062500
0.035156
0.019531
0.011719
0.074219
0.085938
-0.121094
-0.003906
1.027344
0.128906
0.140625
0.000000
0.359375
0.003906
0.281250
0.000000
0.074219
0.011719
0.011719
0.058594
-0.023438
0.050781
-0.093750
0.000000
0.082031
0.078125
0.066406
-0.054688
0.535156
-0.007812
0.980469
0.042969
0.015625
-0.023438
-0.117188
0.023438
0.039062
0.039062
-0.007812
0.035156
-0.054688
1.160156
-0.007812
-0.105469
-0.007812
-0.042969
0.085938
0.011719
-0.003906
-0.023438
-0.113281
-0.011719
-0.007812
0.074219
0.035156
0.554688
0.011719
0.261719
0.183594
-0.082031
0.101562
-0.003906
0.015625
0.750000
-0.015625
0.046875
0.000000
-0.015625
0.140625
-0.058594
0.035156
-0.042969
-0.039062
0.000000
0.046875
0.085938
0.085938
-0.144531
1.183594
0.031250
0.007812
0.843750
-0.023438
0.000000
0.031250
0.000000
0.027344
0.089844
0.007812
-0.023438
0.003906
0.019531
-0.039062
-0.035156
0.003906
-0.011719
-0.003906
0.867188
0.144531
0.023438
-0.054688
0.011719
0.546875
0.000000
0.148438
0.007812
0.082031
0.019531
0.093750
0.078125
0.031250
-0.023438
-0.035156
0.015625
-0.125000
0.082031
-0.015625
-0.101562
0.070312
0.839844
0.246094
0.011719
0.011719
0.546875
0.203125
0.085938
0.000000
0.070312
0.050781
0.019531
-0.019531
-0.035156
-0.019531
0.035156
0.027344
-0.054688
-0.046875
1.023438
-0.015625
-0.042969
-0.027344
-0.027344
-0.003906
0.125000
0.039062
-0.167969
-0.144531
0.000000
-0.117188
0.937500
-0.093750
0.023438
-0.101562
0.035156
0.097656
0.640625
-0.027344
0.324219
0.011719
-0.074219
-0.054688
0.988281
0.000000
0.019531
-0.011719
0.035156
0.050781
0.015625
0.050781
-0.027344
0.058594
0.046875
-0.136719
-0.019531
0.000000
0.074219
0.070312
-0.085938
1.011719
-0.027344
0.234375
0.191406
0.031250
0.425781
0.023438
0.027344
0.156250
0.050781
-0.003906
0.000000
0.832031
0.035156
0.089844
0.031250
-0.140625
0.042969
0.136719
0.000000
-0.007812
0.015625
-0.019531
0.000000
0.015625
0.019531
-0.015625
-0.046875
-0.011719
0.074219
-0.066406
1.054688
0.328125
-0.050781
-0.082031
0.175781
0.019531
0.152344
0.152344
-0.027344
0.000000
0.000000
0.265625
-0.144531
-0.042969
0.308594
0.015625
-0.007812
0.183594
-0.011719
0.222656
-0.058594
0.003906
-0.078125
0.539062
0.050781
0.164062
0.082031
0.398438
-0.113281
0.089844
-0.070312
-0.085938
0.187500
-0.132812
0.199219
0.777344
0.023438
0.109375
0.015625
-0.015625
0.054688
0.128906
0.039062
0.679688
0.089844
0.031250
-0.078125
0.070312
0.039062
0.023438
0.000000
-0.027344
0.019531
0.035156
-0.023438
-0.058594
0.109375
0.074219
0.628906
0.207031
0.074219
0.312500
0.011719
-0.109375
0.183594
0.136719
0.035156
0.406250
-0.023438
0.023438
0.046875
0.714844
-0.019531
0.308594
0.046875
-0.082031
0.000000
0.304688
0.019531
-0.015625
0.027344
-0.101562
0.082031
-0.054688
0.019531
-0.007812
-0.011719
-0.003906
-0.160156
0.015625
1.089844
0.019531
0.023438
-0.015625
0.035156
0.035156
0.050781
-0.035156
-0.148438
1.144531
-0.019531
0.003906
0.007812
-0.066406
-0.035156
-0.031250
0.113281
-0.015625
-0.078125
1.230469
-0.035156
-0.011719
1.085938
0.027344
-0.015625
0.023438
-0.003906
-0.070312
-0.054688
0.011719
0.062500
-0.125000
0.054688
0.019531
-0.105469
0.101562
1.234375
-0.035156
-0.089844
-0.042969
-0.082031
0.000000
-0.027344
-0.023438
0.027344
-0.039062
0.097656
-0.007812
0.871094
0.054688
-0.070312
0.027344
0.066406
-0.058594
0.011719
0.011719
0.015625
0.058594
1.093750
-0.019531
-0.070312
0.195312
0.542969
0.070312
0.109375
-0.003906
0.074219
0.050781
0.035156
0.058594
-0.031250
-0.019531
0.000000
0.003906
-0.066406
0.000000
-0.054688
-0.050781
0.585938
-0.023438
0.421875
0.015625
0.011719
-0.074219
-0.039062
0.062500
1.148438
0.035156
-0.031250
-0.027344
-0.101562
0.011719
0.171875
-0.164062
0.312500
0.441406
0.070312
0.167969
-0.015625
0.031250
0.000000
0.175781
0.203125
0.093750
0.085938
0.203125
0.027344
0.199219
0.046875
-0.093750
0.031250
0.867188
0.000000
-0.058594
-0.035156
-0.003906
0.097656
0.128906
0.093750
-0.035156
-0.042969
-0.058594
0.003906
-0.019531
0.035156
0.050781
0.296875
-0.019531
0.882812
0.011719
-0.078125
-0.003906
-0.003906
-0.007812
0.000000
0.000000
0.101562
0.066406
-0.011719
1.328125
-0.035156
0.015625
0.070312
0.078125
-0.027344
0.085938
0.003906
0.109375
0.890625
-0.011719
-0.101562
0.085938
0.128906
-0.050781
0.765625
0.105469
-0.007812
-0.054688
-0.019531
-0.039062
-0.019531
-0.035156
0.015625
0.015625
0.089844
0.078125
-0.152344
0.046875
1.179688
-0.042969
-0.062500
0.187500
0.203125
0.066406
0.417969
0.171875
-0.074219
-0.082031
0.042969
-0.062500
-0.035156
-0.078125
0.097656
0.199219
-0.109375
0.117188
0.421875
0.347656
0.074219
0.253906
-0.027344
-0.113281
-0.011719
0.132812
0.039062
0.015625
0.968750
-0.003906
-0.136719
0.000000
-0.046875
-0.011719
-0.027344
0.089844
0.046875
0.046875
1.082031
-0.019531
0.023438
0.046875
-0.027344
0.007812
0.132812
0.230469
0.050781
0.316406
-0.027344
-0.062500
-0.003906
-0.039062
0.007812
0.136719
0.023438
0.156250
-0.023438
0.160156
0.027344
0.414062
-0.011719
0.230469
-0.027344
-0.023438
0.031250
0.003906
0.054688
-0.003906
0.429688
0.000000
0.523438
0.207031
-0.117188
0.128906
0.265625
0.097656
0.105469
0.152344
0.117188
0.300781
0.046875
0.132812
-0.027344
0.582031
0.003906
-0.007812
0.035156
0.160156
-0.058594
0.386719
-0.015625
0.039062
0.003906
0.019531
0.117188
-0.003906
0.496094
0.054688
0.296875
0.093750
-0.039062
0.003906
0.031250
-0.078125
0.117188
0.351562
0.027344
0.257812
0.074219
0.328125
0.042969
0.027344
-0.027344
0.878906
-0.015625
-0.082031
0.046875
-0.007812
0.097656
0.191406
-0.015625
-0.101562
-0.019531
0.000000
-0.023438
0.128906
-0.003906
0.585938
0.050781
0.167969
-0.023438
-0.007812
0.035156
-0.132812
0.164062
0.007812
-0.144531
0.042969
0.453125
-0.019531
0.871094
0.042969
-0.156250
0.042969
-0.070312
0.214844
0.179688
0.000000
0.257812
0.183594
-0.117188
0.507812
-0.105469
0.062500
-0.058594
0.417969
0.097656
0.121094
0.031250
0.328125
-0.007812
0.261719
-0.058594
0.136719
-0.031250
0.203125
0.125000
0.125000
0.062500
0.238281
-0.074219
0.136719
-0.058594
0.226562
0.203125
0.035156
0.402344
0.132812
-0.023438
0.062500
0.093750
0.000000
0.031250
-0.062500
1.046875
-0.035156
-0.101562
0.019531
-0.015625
0.000000
0.007812
-0.027344
-0.031250
0.097656
-0.011719
-0.070312
0.093750
0.070312
0.960938
0.039062
-0.199219
-0.195312
0.187500
-0.121094
0.031250
0.015625
1.023438
-0.074219
0.011719
0.000000
-0.027344
0.093750
-0.035156
0.039062
-0.003906
0.050781
-0.148438
-0.015625
0.011719
0.101562
0.042969
0.703125
-0.035156
0.152344
-0.007812
-0.031250
0.574219
0.000000
0.031250
0.031250
0.035156
0.078125
-0.031250
-0.011719
-0.019531
-0.050781
-0.011719
0.000000
-0.109375
-0.027344
0.093750
0.074219
1.183594
-0.054688
0.019531
-0.039062
0.035156
-0.054688
0.074219
-0.050781
0.898438
0.015625
0.023438
-0.031250
0.863281
0.000000
0.000000
0.097656
0.046875
-0.007812
0.039062
0.023438
0.007812
0.039062
0.082031
-0.054688
-0.089844
-0.105469
0.109375
0.019531
0.625000
-0.031250
0.164062
0.082031
0.703125
0.000000
0.109375
0.054688
0.007812
0.015625
0.007812
-0.011719
0.046875
0.285156
0.218750
0.054688
0.355469
0.148438
-0.039062
0.093750
0.015625
0.050781
-0.035156
0.117188
0.117188
-0.031250
0.257812
0.191406
0.121094
0.230469
0.082031
0.046875
0.027344
0.046875
0.023438
0.000000
-0.054688
0.164062
-0.062500
0.140625
-0.031250
0.792969
-0.054688
-0.062500
-0.050781
-0.136719
-0.035156
0.031250
1.015625
-0.035156
0.199219
0.097656
-0.070312
0.585938
-0.070312
-0.042969
0.035156
-0.078125
-0.046875
0.136719
-0.007812
0.042969
0.035156
1.019531
0.058594
-0.015625
0.085938
-0.148438
0.011719
-0.050781
0.042969
-0.078125
-0.050781
0.000000
-0.007812
0.171875
-0.015625
0.402344
-0.035156
0.425781
0.003906
0.125000
-0.019531
-0.035156
0.035156
0.000000
-0.046875
0.644531
-0.027344
0.285156
-0.003906
-0.039062
0.011719
0.152344
0.855469
-0.054688
0.042969
-0.039062
-0.019531
-0.007812
0.000000
-0.011719
-0.042969
-0.027344
0.753906
0.007812
0.238281
0.023438
0.039062
-0.066406
0.058594
-0.007812
0.007812
-0.023438
0.125000
0.617188
-0.082031
0.140625
0.062500
0.156250
-0.015625
-0.031250
-0.019531
-0.015625
-0.066406
-0.085938
-0.011719
0.066406
0.039062
0.042969
0.042969
-0.089844
0.906250
0.812500
-0.031250
0.121094
0.070312
-0.132812
0.031250
0.046875
-0.011719
0.019531
0.007812
0.121094
0.003906
-0.097656
0.175781
0.292969
-0.007812
0.082031
0.039062
0.175781
0.035156
0.074219
0.000000
0.273438
0.089844
0.082031
0.074219
0.218750
0.000000
0.101562
0.023438
-0.015625
0.949219
-0.046875
0.039062
0.000000
-0.011719
0.019531
-0.027344
0.023438
-0.003906
0.031250
-0.105469
0.082031
1.066406
-0.011719
0.007812
0.054688
-0.011719
0.031250
-0.039062
-0.042969
0.109375
0.433594
0.078125
0.296875
0.000000
0.222656
0.000000
0.031250
-0.070312
-0.027344
0.011719
-0.015625
-0.011719
0.031250
0.000000
0.015625
0.976562
-0.003906
0.042969
0.246094
0.160156
-0.046875
0.429688
0.105469
0.031250
-0.003906
0.027344
-0.050781
0.050781
-0.007812
1.140625
-0.042969
-0.152344
0.031250
0.031250
0.074219
-0.046875
0.019531
0.039062
-0.015625
-0.015625
-0.070312
-0.007812
0.011719
0.031250
-0.042969
-0.070312
0.960938
0.000000
0.046875
-0.031250
-0.109375
0.039062
0.007812
0.652344
0.023438
0.265625
0.105469
-0.050781
-0.011719
-0.015625
-0.023438
0.039062
0.046875
0.097656
0.007812
0.949219
-0.089844
-0.050781
0.210938
0.203125
-0.054688
0.503906
0.175781
-0.027344
0.035156
0.046875
-0.050781
0.023438
0.683594
0.054688
-0.144531
0.039062
0.152344
0.015625
0.277344
0.000000
-0.007812
0.015625
0.070312
0.027344
0.007812
0.035156
-0.148438
1.253906
0.042969
-0.171875
0.093750
0.281250
0.632812
-0.007812
-0.144531
0.031250
0.210938
0.058594
0.335938
-0.031250
0.054688
-0.019531
-0.152344
0.031250
0.042969
-0.042969
0.761719
0.007812
0.152344
-0.015625
-0.117188
0.050781
0.066406
0.000000
0.125000
0.023438
0.179688
0.355469
0.460938
0.003906
-0.011719
-0.031250
0.050781
0.042969
0.074219
-0.011719
0.191406
0.128906
0.308594
0.085938
0.003906
-0.078125
-0.070312
0.000000
0.863281
0.070312
0.089844
0.015625
0.007812
-0.027344
-0.023438
0.039062
0.066406
-0.042969
0.035156
0.035156
0.023438
1.074219
0.023438
-0.093750
0.062500
-0.191406
0.085938
0.007812
0.312500
0.062500
0.308594
-0.035156
0.320312
-0.035156
0.042969
0.000000
-0.003906
0.765625
-0.042969
0.027344
0.078125
0.054688
0.050781
0.019531
-0.035156
0.046875
-0.003906
0.011719
-0.027344
-0.011719
-0.042969
0.085938
-0.007812
-0.066406
1.128906
-0.015625
0.007812
0.035156
0.570312
-0.031250
0.191406
0.011719
0.167969
0.000000
0.031250
-0.027344
0.000000
1.070312
-0.007812
-0.039062
0.035156
-0.027344
0.027344
0.050781
-0.007812
0.015625
-0.031250
0.046875
0.011719
-0.015625
0.019531
0.316406
-0.050781
0.632812
0.125000
0.097656
0.214844
0.125000
-0.082031
0.761719
0.027344
0.039062
0.085938
0.066406
-0.070312
-0.066406
-0.035156
-0.015625
0.136719
0.000000
-0.015625
-0.031250
0.058594
0.035156
0.144531
0.097656
0.054688
0.019531
-0.058594
-0.101562
0.058594
-0.011719
0.125000
0.019531
0.886719
0.011719
-0.007812
0.007812
0.015625
-0.023438
0.050781
0.238281
0.000000
0.156250
0.015625
0.582031
0.019531
0.074219
0.093750
-0.011719
-0.105469
0.445312
0.003906
0.273438
0.242188
0.449219
0.468750
0.113281
-0.015625
0.085938
0.015625
0.089844
0.273438
0.070312
0.015625
-0.035156
0.156250
0.769531
-0.078125
0.003906
0.312500
0.007812
0.042969
-0.050781
0.000000
0.031250
-0.011719
0.007812
0.062500
0.027344
0.117188
0.023438
0.128906
-0.031250
0.558594
0.070312
0.019531
1.187500
-0.070312
-0.054688
-0.062500
-0.011719
0.054688
-0.082031
-0.011719
0.015625
-0.070312
0.105469
0.269531
-0.148438
0.699219
0.050781
-0.031250
0.050781
-0.078125
0.023438
-0.101562
-0.074219
0.015625
0.093750
-0.035156
0.000000
-0.101562
-0.062500
-0.023438
1.214844
0.425781
0.046875
-0.066406
-0.164062
0.156250
0.023438
0.195312
-0.175781
0.378906
0.031250
0.000000
0.046875
-0.027344
0.765625
0.031250
0.031250
0.003906
-0.074219
-0.015625
0.011719
-0.042969
0.875000
-0.015625
0.097656
0.093750
-0.011719
0.042969
-0.058594
-0.035156
0.058594
-0.062500
1.011719
0.011719
-0.011719
-0.007812
0.003906
-0.011719
0.011719
0.000000
-0.003906
-0.042969
-0.011719
0.062500
-0.023438
0.765625
0.042969
0.195312
-0.035156
0.035156
0.003906
0.011719
-0.003906
-0.023438
0.000000
0.003906
-0.062500
-0.042969
0.992188
0.125000
-0.078125
-0.085938
-0.050781
0.039062
-0.085938
0.074219
0.035156
0.027344
-0.015625
0.996094
-0.007812
0.117188
-0.089844
0.097656
0.683594
0.101562
0.089844
0.070312
0.093750
-0.070312
-0.066406
-0.050781
0.015625
0.031250
-0.058594
0.757812
0.039062
0.214844
-0.011719
-0.015625
-0.007812
