0.081787
0.66742
0.0053711
0.052063
0.0672
0.066772
0.020508
0.015625
0.028015
-0.023865
0.37988
0.18201
0.10828
-0.0448
0.23578
-0.15808
0.09967
-0.2832
0.20148
-0.0075684
0.011902
1.072
-0.099731
-0.047119
0.058411
0.081726
0.074646
-0.056458
-0.013977
0.044556
0.023865
-0.022888
-0.0062256
0.0271
0.47418
-0.029114
0.33862
0.0025635
0.052429
-0.0042114
-0.098083
0.098389
-0.057251
0.019287
0.11798
0.097473
0.016968
0.026184
0.80743
-0.013489
0.051453
0.020691
0.021484
0.014893
-0.13818
0.67511
-0.10205
-0.21594
0.029114
0.17786
0.062439
-0.028625
0.14471
0.17133
0.41431
0.050598
0.39124
0.060547
-0.070557
-0.049927
0.70129
-0.016541
-0.17035
-0.055359
0.18549
0.084656
0.27747
-0.033325
-0.014404
-0.0028076
-0.021118
0.014954
0.24866
0.035339
0.5705
0.017944
-0.0094604
0.0091553
-0.032837
0.015808
0.83014
-0.018982
-0.12378
-0.19904
0.17224
0.050293
0.26093
-0.067322
-0.018005
0.012329
-0.095337
-0.006897
0.14087
0.0080566
0.82855
0.055115
0.21161
0.022949
-0.012939
-0.0079956
-0.055725
0.022766
-0.012268
0.050537
0.055725
0.03772
-0.017578
0.041992
0.10309
0.77881
0.017212
0.16718
0.033508
0.85028
-0.082031
0.0061646
-0.075256
-0.0043335
0.038452
-0.029114
-0.08313
-0.0059204
0.17902
-0.076904
0.058899
0.032715
0.11194
0.12543
0.67908
0.0095825
-0.13416
0.044678
-0.054688
0.015259
0.028198
0.79724
-0.086792
0.25708
0.0028076
-0.060425
-0.030518
0.14264
0.30316
-0.098389
0.60724
-0.048523
0.05542
0.07959
-0.13196
0.028564
0.10016
-0.013367
0.024292
0.0074463
0.032593
0.10742
0.13409
0.051819
0.49365
0.021606
0.11462
-0.083435
0.20691
0.051392
0.20251
0.16772
0.50012
-0.008728
0.064575
-0.031067
0.027893
0.068726
0.72925
-0.08551
0.2439
-0.016846
0.27313
0.1142
0.014221
-0.077209
-0.023499
0.00354
0.13055
0.09314
-0.060791
0.05426
-0.045105
0.055359
0.60126
-0.11847
0.080444
0.28894
-0.073181
-0.028625
0.60297
-0.14441
0.11578
-0.0059814
0.034607
-0.021057
-0.036743
-0.0097046
0.25183
-0.019653
0.5517
0.022705
0.19489
0.025269
-0.05719
0.020752
0.063538
0.016785
-0.0082397
-0.094666
0.68347
0.0042114
0.2149
0.010803
-0.0097046
0.0026855
0.2915
0.12109
-0.088318
0.28705
-0.033936
0.026917
0.1264
0.038574
0.21423
-0.026245
0.060303
0.046204
0.0046997
0.0082397
0.06012
0.0067139
0.059875
-0.026489
0.63531
-0.011719
-0.0043335
0.01178
-0.032654
-0.053467
0.057251
0.14014
0.00067139
0.51288
-0.010437
0.21344
-0.085205
-0.069397
-0.051453
0.012024
0.074036
0.784
0.086731
0.22632
0.0094604
-0.057251
-0.018433
0.03064
0.93079
-0.054138
0.26575
-0.064636
0.71295
0.11249
-0.3197
-0.12762
0.047424
0.073059
-0.25787
0.045898
0.069214
-0.093872
-0.045227
-0.12994
1.3275
-0.030945
0.031006
0.017456
-0.028931
0.03479
-0.0040283
0.1861
0.025452
0.14551
0.016846
0.5979
0.026917
0.019043
0.5155
0.060913
0.24377
-0.03479
0.25122
0.029846
-0.039001
-0.066956
0.063171
0.029236
-0.019348
-0.10437
0.019592
0.16333
-0.02948
-0.0046387
-0.015625
0.74121
-0.062378
-0.068176
0.084656
0.029541
0.085449
0.98822
0.019043
0.17627
-0.02124
-0.10034
0.019226
0.059448
-0.05188
-0.099365
0.039734
0.065247
-0.042786
-0.003479
-0.037354
0.64252
0.021545
-0.029602
0.48389
-0.074158
0.38562
-0.039185
0.39862
0.084167
-0.0061035
-0.084106
0.18945
0.51086
0.0060425
0.057983
0.2041
-0.051208
0.088623
0.059082
0.022217
-0.073547
0.53192
0.11853
-0.011292
0.10681
-0.084167
0.16174
0.16803
0.042358
0.064941
-0.010132
0.016541
-0.044006
0.2439
-0.083069
0.49548
0.049072
0.19067
0.0063477
0.056152
-0.06543
0.14984
0.81213
-0.036804
0.08551
0.087341
-0.0057983
0.0018921
-0.021118
-0.0059814
-0.01593
0.0059814
-0.00024414
-0.017578
-0.015015
0.035461
0.062622
0.055054
0.46423
-0.013123
0.42059
-0.006897
0.026794
-0.056641
-0.010376
-0.015686
-0.05481
0.039673
1.0874
0.034424
-0.080811
-0.035217
1.1307
-0.056213
-0.13647
0.093994
0.073059
0.058167
-0.086304
0.030884
0.053345
-0.03009
-0.0037842
-0.0097656
-0.020081
0.016602
0.18604
0.036987
0.81476
0.11102
-0.085205
-0.092468
0.050354
0.019348
0.93402
-0.0060425
0.012451
0.0010376
-0.00354
0.04364
-0.041321
0.015686
-0.070007
-0.014099
0.13434
-0.18341
0.89838
-0.10944
-0.028931
0.22864
-0.065674
0.0048218
-0.017639
-0.033264
0.0031738
0.065735
0.035522
0.11646
-0.028625
0.7558
0.042236
-0.038574
-0.022339
-0.049133
0.0028687
0.05072
0.031006
-0.026245
1.0722
0.027954
-0.054749
-0.029968
0.062195
0.53107
0.023743
0.24115
0.008606
0.23279
-0.030334
0.077881
-0.029724
-0.026794
0.076538
0.23309
-0.084412
0.003418
0.57983
-0.038696
0.0054932
-0.070068
0.35144
-0.015686
0.72833
-0.083252
0.11658
0.060974
0.021362
-0.020325
0.09137
-0.028198
0.042175
0.039673
-0.0073853
-0.055847
0.0064087
0.017151
0.92535
0.10132
-0.071899
0.030334
0
0.045105
-0.022156
0.38904
-0.038696
0.083252
0.11542
0.26459
-0.0010376
0.2182
-0.031067
1.0493
-0.081421
0.022644
-0.016235
-0.17621
0.0075684
0.17792
-0.02124
0.040283
0.063416
0.54523
0.043518
-0.02478
0.096863
0.15808
-0.028564
0.3335
-0.0078735
0.10706
-0.003418
1.1144
0.067566
-0.096313
-0.0022583
-0.049255
0.065369
0.029663
-0.03717
-0.14978
0.052612
-0.15344
0.80115
-0.10883
0.085327
0.15863
0.080872
0.033752
-0.035828
-0.055603
0.024536
0.14606
-0.0075073
0.2832
-0.045654
0.27454
0.008606
0.28339
0.073181
-0.0094604
-0.011597
-0.010071
-0.038635
0.18628
-0.044983
0.68915
0.077698
0.25055
-0.020386
0.00018311
-0.0031738
0.077393
0.032471
0.065125
0.082703
0.62103
0.04071
0.2262
-0.021362
0.019104
0.05365
-0.005188
0.025269
-0.066162
-0.020569
-0.012634
0.1618
0.011292
-0.11365
0.80579
0.0054932
0.86292
-0.017578
0.0087891
-0.019958
-0.055847
0.00048828
0.12402
-0.018616
-0.036499
0.015198
0.18738
0.060364
-0.049683
0.64514
-0.084045
0.049438
0.0048218
0.033813
0.17914
-0.0578
0.081848
-0.0048218
0.49365
0.044312
0.10034
0.018494
0.16602
0.038025
-0.0094604
-0.034851
0.12445
-0.023132
0.049072
-0.035522
0.059753
-0.024048
0.15753
0.084778
0.65656
-0.1026
0.12537
0.11121
0.013855
0.99103
-0.091736
-0.10974
-0.11139
0.0027466
0.025879
0.053894
0.044006
0.055176
-0.037354
0.070129
0.034851
0.56775
-0.016052
0.16193
-0.031128
0.20184
-0.070679
0.4281
0.21991
-0.11877
0.51556
0.029541
0.054749
0.0031128
-0.11353
0.028748
0.11627
-0.050171
0.21265
0.40198
0.13232
0.061951
0.29675
-0.040894
0.0010986
0.03656
0.021729
-0.1925
0.018066
1.0504
-0.069946
-0.01593
0.052185
-0.052795
0.028137
-0.019653
0.22119
0.03595
0.16187
0.17999
0.096741
0.026306
0.29761
0.018921
0.0088501
-0.0081787
0.012817
-0.039917
-0.047302
0.19952
-0.0010986
0.64917
0.13074
-0.065308
0.080383
0.41339
0.048035
0.53864
0.026062
0.1875
0.10785
0.015076
0.044861
0.033264
0.04248
0.043152
-0.019043
0.14551
-0.023865
0.12817
0.22058
0.11969
-0.077393
-0.13287
0.9942
0.0672
0.092529
0.15741
-0.010803
0.94604
0.031677
0.03418
-0.089111
-0.024536
-0.093445
0.0057373
0.0059814
1.0687
-0.027161
-0.14215
0.036438
-0.056641
-0.0046997
0.031555
-0.00067139
-0.042358
-0.056519
-0.00061035
0.15326
-0.041687
0.080566
-0.02179
0.16016
-0.024292
0.55939
-0.06842
0.051514
-0.021179
0.011597
0.018799
-0.020935
0.83423
0.018982
0.10944
0.092957
-0.035156
0.17584
-0.051941
0.079895
0.21838
-0.19019
0.11267
0.04071
-0.20056
1.0745
0.014526
-0.095886
0.088379
0.37854
0.084717
0.43292
0.038757
0.19769
-0.023132
0.093506
0.0076294
0.0087891
-0.019165
0.27246
0.087463
0.49591
-0.044861
0.080017
-0.046204
0.058594
-0.042969
1.0608
0.055725
0.045044
0.00073242
-0.17792
0.0082397
0.0048218
0.035461
-0.0025024
0.090759
0.086975
0.2265
-0.058777
0.56177
0.078613
0.013977
0.0043945
0.003418
0.0062256
-0.022339
-0.0081177
0.025269
-0.050598
0.020264
-0.048035
-0.20593
-0.023193
1.0584
0.0067749
0.02417
0.073486
-0.0095215
-0.038025
-0.061279
-0.021484
0.0062256
0.031555
0.007019
0.78864
-0.0089111
-0.028015
1.0297
-0.072144
-0.020935
0.07196
0.085876
0.072632
-0.024963
0.060547
0.022644
0.19373
0.10162
-0.10468
0.34308
0.3465
0.019592
0.055664
0.11853
-0.0032959
-0.0042725
-0.062134
0.036255
0.017151
-0.047546
0.13043
0.055359
-0.0057373
-0.038208
-0.043213
1.1693
0.67572
-0.0043945
0.055054
0.086853
0.05481
-0.0023193
0.21753
0.063904
-0.022217
-0.031555
-0.012756
0.13678
0.599
-0.022034
0.0578
0.099487
0.22675
-0.093567
0.014404
-0.0083008
0.13538
0.078613
0.054871
-0.047913
-0.050232
0.12982
0.1275
0.036133
0.94647
0.013367
-0.021118
1.0477
0.024292
-0.091064
-0.010254
-0.019104
-0.015381
0.06189
0.02533
0.027039
0.099854
0.066956
0.11237
0.079773
0.42877
0.055298
0.1134
0.054077
0.0019531
-0.013062
0.015808
0.057434
-0.0067749
0.043579
0.058044
-0.0059814
0.1084
-0.014465
0.57953
0.021729
0.017334
-0.071228
-0.083862
0.0046387
0.10376
-0.026978
0.005188
-0.035828
1.0992
-0.096924
-0.021118
0.13495
0.060913
0.91632
0.08606
-0.037659
0.043518
0.011475
-0.13483
-0.06781
0.52844
0.12091
0.15515
0.015198
-0.0096436
-0.019287
0.055481
-0.0063477
0.050964
0.0224
0.00012207
-0.01416
0.038086
-0.062683
0.030396
0.11365
0.090637
0.054321
0.96283
-0.07782
-0.15369
-0.013
-0.02533
0.052917
0.059692
0.41632
-0.047791
0.46234
0.13593
0.00073242
-0.032043
-0.037781
0.016479
0.0028687
0.019104
0.4209
-0.024048
0.62714
0.11646
-0.051697
-0.11292
0.013916
-0.0080566
-0.13257
0.079651
0.99451
0.052063
0.057434
-0.021301
-0.0050049
-0.065186
0.0072021
0.22479
-0.0065918
0.82513
0.063171
0.0054321
0.054199
-0.071289
-0.029968
-0.001709
0.029114
-0.04303
-0.020203
-0.026001
0.24121
0.0016479
0.88147
0.057312
-0.045715
-0.067139
0.036743
-0.013184
-0.013245
0.0010986
-0.073608
-0.063416
0.97009
0.065552
0.082275
0.71643
0.046143
-0.14972
0.00048828
0.23535
0.089233
0.30304
-0.031006
-0.031433
-0.023865
0.1026
0.62805
-0.11017
0.1557
0.22137
0.11432
-0.029419
-0.055237
-0.06134
0.036682
0.021179
-0.10889
0.12103
0.013489
-0.036072
0.11682
0.12317
0.037048
0.59784
0.027527
0.15833
0.84399
-0.058655
0.047241
0.067444
0.016174
-0.0043945
-0.014954
0.033264
-0.054199
-0.00012207
-0.015137
-0.013794
-0.080261
0.063049
-0.055054
-0.01825
0.4975
-0.036865
0.64227
0.031738
0.053833
-0.034607
-0.076477
0.090515
0.0090332
0.042664
0.60846
-0.099976
0.39117
0.90051
0.0057373
-0.042725
0.028381
-0.066589
0.02655
0.10889
0.051208
-0.092651
0.065308
-0.057739
0.23792
0.0048828
0.84937
-0.017456
0.023071
-0.093079
0.040588
0.020081
-0.075256
0.02417
0.76093
0.015625
0.27289
0.033508
-0.11066
-0.011963
-0.0023193
-0.045837
0.060669
0.14844
-0.031006
0.24426
0.11829
0.17603
0.0014038
0.36908
0.042358
0.14594
-0.0023193
0.0026245
-0.020081
-0.0057983
0.17786
0.023926
0.66669
0.051025
0.29846
0.062683
0.19543
-0.12256
-0.0042114
-0.078918
-0.033569
0.056091
0.98193
0.1156
-0.054749
-0.056396
-0.050476
-0.013306
0.033936
-0.03064
0.79169
-0.019775
0.12128
0.052734
-0.067322
0.10632
0.027954
-0.012695
0.036987
-0.029846
0.052551
-0.028687
0.088562
-0.005188
-0.12494
0.70728
0.064819
-0.0014648
-0.037109
0.071838
0.081726
0.011414
-0.17206
-0.055115
-0.074707
0.061523
1.1584
0.065857
0.12579
-0.13263
0.14117
0.41779
-0.026672
0.25024
0.071655
0.072876
0.00091553
0.50604
0.19128
0.10815
0.18103
0.035767
0.020386
0.24469
0.032104
-0.046753
-0.027405
-0.026917
0.036194
0.018433
-0.11713
0.085388
0.0098267
-0.023743
-0.11389
-0.13843
1.1365
0.024048
0.032776
-0.037598
-0.0064087
-0.005188
1.2849
-0.015198
-0.24841
-0.067139
0.30438
-0.018738
0.60016
-0.039978
0.2583
0.075073
0.045044
-0.04895
0.043701
0.041077
0.012451
-0.058533
-0.017151
-0.038757
0.038086
0.0040894
-0.1344
-0.0094604
1.2337
0.011963
-0.045715
0.0401
-0.14642
0.43915
0.23273
0.073914
0.17456
0.29102
-0.084717
0.16205
-0.079651
-0.059143
0.76465
-0.049561
0.19208
0.035828
0.088745
-0.05542
-0.013916
-0.01239
0.029663
-0.026489
0.052551
-0.075134
0.02301
-0.01532
0.70673
-0.049988
0.21387
0.11517
-0.032654
0.14771
-0.023743
0.26624
0.11932
0.19238
-0.0011597
0.21204
0.056763
0.10913
-0.023926
0.17517
-0.022888
-0.034363
-0.066162
-0.050964
0.1095
0.14319
-0.10083
0.32916
-0.090332
0.073181
0.18353
-0.13782
0.52325
0.04303
0.16071
0.10809
0.011414
0.045532
0.12146
-0.16211
-0.020508
0.0896
0.75378
0.30255
-0.00012207
0.15686
-0.061768
-0.056946
-0.092896
0.11084
0.17584
-0.030518
0.013184
0.059875
0.45923
0.20404
0.0043945
0.061646
-0.05481
0.020325
0.014832
-0.021179
0.0096436
-0.038696
0.17029
0.024109
0.44757
-0.15222
0.34467
0.030762
0.76355
-0.031433
0.042847
0.050293
-0.10876
0.035828
-0.005188
-0.018982
0.026062
0.14661
0.25421
-0.020203
0.47925
0.063416
-0.057434
-0.029907
0.045227
0.013916
0.075195
-0.027588
0.066528
0.18805
0.070801
0.54095
-0.017944
0.09375
0.062073
0.012146
0.010376
-0.019348
0.087219
-0.078369
0.16272
0.6554
0.013916
0.080872
0.051392
-0.072021
0.045776
0.042786
0.023193
-0.046021
-0.068604
-0.062317
0.44403
0.027161
0.29657
0.046082
0.20178
0.018127
0.044922
0.0090942
0.046387
-0.035217
0.55829
-0.0084229
0.53986
0.12048
-0.03656
0.15173
0.2702
-0.08429
0.44427
0.096252
0.059265
-0.055847
-0.0040894
-0.075684
0.020935
0.053955
-0.073425
0.4021
0.11554
0.16589
-0.047546
0.20386
0.042664
-0.049561
0.026672
0.01178
0.015015
0.017517
-0.020813
0.073059
-0.020081
0.014587
1.2337
-0.050049
0.021729
-0.14551
0.062012
0.019043
0.90002
0.011292
0.034485
-0.028015
0.055908
0.019897
0.021301
-0.11633
0.082947
-0.058472
1.0162
0.028748
0.051392
0.025024
-0.028503
-0.00085449
-0.063049
-0.082275
-0.0046387
0.020691
0.10468
0.044128
0.16089
-0.092163
1.1044
-0.10272
0.050903
0.020874
-0.05896
-0.0010986
-0.16577
-0.0049438
0.0082397
-0.018616
0.037598
0.76233
0.065186
-0.027222
-0.056213
-0.03125
0.057556
0.13177
0.0026855
-0.062866
0.032349
1.1945
-0.043579
-0.040527
0.023926
0.43188
-0.031982
0.40106
-0.034546
0.24365
0.082581
-0.030151
-0.03894
0.06134
0.013672
0.037964
-0.15973
-0.033081
0.69916
0.14087
0.12207
0.23248
0.098267
-0.038635
-0.0095825
0.12103
0.010559
0.43494
-0.038513
0.49298
-0.025208
0.14648
-0.026672
-0.051208
0.0075684
0.06189
0.094666
0.0023804
-0.037231
0.016052
0.0012207
0.098877
0.9425
0.11646
-0.029968
0.077026
-0.015015
0.046875
0.038086
0.1178
0.88873
-0.015076
-0.023987
0.068237
0.21014
-0.056396
0.36169
-0.072876
0.27167
0.070862
0.052429
0.12482
-0.045471
0.15179
-0.02594
0.41064
-0.017456
0.17151
-0.010742
0.20264
0.074829
0.00036621
-0.046082
-0.019714
0.0026245
-0.025574
0.065979
-0.08429
-0.018066
-0.23474
-0.12982
-0.011169
0.92029
-0.0031128
0.04187
0.092041
1.0278
-0.12488
0.060242
-0.093811
0.071167
-0.076782
-0.020996
0.24182
0.0010986
-0.011475
0.072388
0.08136
-0.0093994
0.22852
0.011108
0.11737
0.008606
0.017273
0.027344
-0.044312
-0.021973
0.025818
0.61676
-0.0054932
0.32959
0.058411
0.026428
-0.037781
-0.0042725
0.11835
-0.0026855
-0.084839
0.71729
0.014954
-0.080505
0.079346
0.10278
0.40131
-0.09845
0.06897
0.22974
0.12585
0.1275
0.3396
-0.082642
0.083679
-0.047302
-0.030945
-0.0065308
0.005249
0.014099
-0.0032349
-0.039734
-0.047791
0.34662
-0.084106
0.72699
-0.06012
0.8244
-0.08075
0.1297
0.0083008
0.11078
-0.0084839
0.0070801
0.0071411
0.010864
-0.069275
0.0058594
0.094543
-0.062744
0.68512
-0.01886
0.31824
0.01709
0.044067
0.010742
0.10535
0.29694
0.078308
0.07373
0.013489
0.1546
0.10724
0.30377
0.10376
0.068176
0.020569
-0.058289
-0.16272
-0.085815
0.0036011
0.93976
0.017273
0.087952
-0.021973
0.05188
0.076111
0.13342
0.29572
-0.064209
0.31976
-0.013916
0.27844
0.012756
0.14307
-0.0077515
-0.014709
0.018494
-0.0030518
-0.0098877
0.67328
0.015869
0.21899
0.035095
0.025391
0.042419
-0.022766
0.91785
-0.0042114
0.052795
0.098389
0.020142
0.077698
0.0057373
0.033569
-0.00030518
-0.079956
-0.022034
0.10846
0.085693
0.53674
-0.033203
0.17786
-0.071716
0.083801
0.0061035
0.83154
0.047668
0.020569
0.076111
-0.11023
-0.026184
0.064575
-0.012024
-0.016357
-0.071838
0.4718
-0.083984
0.13135
0.67609
-0.10486
0.036926
0.030151
0.054199
-0.003479
-0.0076294
0.082214
0.27417
0.060059
0.68976
-0.0060425
-0.04126
0.023682
-0.025024
-0.04126
0.019043
0.46478
-0.06427
-0.021118
0.19635
0.10254
0.036804
0.41199
-0.039124
-0.013977
0.10211
0.015625
0.022217
-0.16333
0.98779
0.011353
0.060852
0.053955
0.01709
0.026428
0.011902
0.34039
-0.028442
-0.078552
-0.13977
0.13458
-0.037354
0.20496
-0.11481
0.17188
-0.00012207
0.014404
0.016968
0.051819
-0.040894
0.026672
-0.031372
0.14178
0.039917
0.22937
0.035767
-0.0060425
0.065063
-0.051392
0.072266
0.41895
0.044006
0.34564
-0.017151
0.082581
0.011719
-0.061035
-0.008728
-0.022217
-0.0065918
0.025269
0.25415
-0.014282
0.80261
0.11438
-0.0023193
-0.098267
0.0027466
0.080139
-0.020203
-0.0057983
0.71069
-0.01532
0.05658
0.13239
0.11523
-0.10699
0.027344
-0.080383
-0.030273
0.065247
0.70935
-0.065735
0.349
0.033508
-0.055054
-0.046448
0.019043
-0.091797
-0.040466
0.011719
0.030273
0.0087891
0.94238
0.11218
-0.17627
0.6991
-0.026062
-0.017822
0.06958
-0.0032349
0.060608
0.21558
0.12622
0.11841
0.045776
-0.0096436
0.067749
-0.014099
0.034424
0.00024414
0.37378
-0.01001
0.86896
0.040466
-0.12964
-0.0018311
-0.016296
0.019958
0.016235
-0.00054932
-0.14441
-0.024536
0.35437
-0.060486
0.73895
-0.018127
0.037048
0.082581
0.034119
0.27441
-0.024597
0.23999
-0.0095215
0.26355
-0.040771
0.096741
0.20697
-0.057495
0.2962
0.32245
0.035217
0.095581
0.044556
0.051331
0.0050659
0.029724
0.051697
0.53137
0.0075073
0.29346
-0.011414
0.24414
-0.023499
0.063477
0.0089722
-0.021362
-0.015381
-0.030701
0.023193
0.0064087
0.0029907
0.010437
0.099304
-0.050598
0.96759
0.062561
0.077576
0.29462
-0.036926
0.09845
0.026428
0.20599
0.022095
0.031189
-0.027466
-0.044922
-0.019714
-0.087158
0.12323
0.01062
0.060181
-0.018372
0.26355
0.051392
0.26135
0.19049
0.83777
-0.062439
0.0095825
0.16901
-0.074524
0.060242
-0.010193
-0.012085
-0.032654
0.017334
0.011658
-0.078979
-0.09259
0.0039063
0.048035
0.038452
-0.045288
0.68085
0.0022583
-0.0061646
-0.042786
0.14038
-0.04657
-0.019897
0.036743
-0.018433
0.0018311
0.7998
0.07074
0.073975
0.016907
-0.079529
-0.034973
-0.036133
0.0078735
-0.0064087
0.01239
0.95313
-0.058655
-0.019226
-0.050964
0.075317
0.091431
-0.081909
0.69995
-0.15826
-0.27606
0.05072
0.41406
-0.027466
-0.011108
-0.042053
0.029541
0.01709
0.097473
0.061829
-0.061523
0.71179
-0.041138
-0.067078
0.12799
-0.0067139
0.84204
0.12299
0.046692
-0.079956
0.011841
-0.091431
0.012634
0.058167
0.029541
-0.028381
0.049561
-0.016357
0.035339
-0.059937
-0.024963
0.85876
0.064392
0.047913
0.011841
-0.057983
-0.0093384
0.01593
0.20392
-0.034851
0.031982
-0.066467
0.84625
0.11017
-0.065674
0.1084
0.81104
0.072205
-0.07373
0.078186
0.078979
-0.071777
0.065735
0.26544
-0.045227
0.11273
-0.040222
-0.041016
-0.036377
0.25781
0.01239
0.51538
-0.062927
1.1895
0.044373
0.046509
-0.084717
-0.21649
-0.029114
0.071594
0.029785
-0.066101
-0.031616
-0.0062866
0.034424
0.54822
0.027527
0.35596
-0.0057373
0.10645
-0.019653
-0.053284
-0.037292
-0.014099
1.0853
-0.0037842
-0.055725
-0.057129
0.01532
-0.027405
-0.00048828
0.060181
-0.023499
-0.013306
-0.030823
0.025513
-0.023438
0.0041504
0.045959
0.06427
0.11096
0.68243
-0.0037231
0.00036621
6.1035e-05
0.20148
-0.085571
0.42419
-0.054932
0.34009
-0.016541
0.085815
0.034668
-0.085266
0.0177
0.10126
0.043396
0.57483
0.014709
0.34528
-0.08197
0.1153
0.045715
0.46259
-0.010437
0.14954
0.015747
-0.0030518
-0.13678
0.20172
0.082153
0.16693
-0.057373
0.69135
0.054016
0.036194
-0.061401
0.069702
0.047424
0.1391
-0.011963
-0.016113
0.04834
-0.02301
0.083313
-0.084412
0.080688
-0.036377
0.061707
-0.10956
0.057495
0.061584
0.83398
-0.013916
-0.087463
-0.083984
0.0026245
0.049133
0.57324
0.022278
0.3266
-0.030151
0.022217
0.15118
0.10571
0.037231
0.33221
0.20746
0.0098877
0.26257
0.043335
0.027588
-0.011841
-0.051331
0.92816
-0.049377
-0.00036621
0.026855
0.0026245
0.025696
0.008728
-0.018799
0.06012
0.042297
-0.0039063
0.070496
0.11804
-0.016113
0.42383
-0.064697
0.12573
0.062073
0.16113
0.039612
0.88342
-0.021545
0.16492
-0.017212
-0.043213
-0.0015869
-0.045166
-0.024963
-0.05835
-0.018982
-0.040588
-0.077881
1.0751
-0.04364
-0.026672
-0.0071411
0.0045166
0.069214
0.030273
0.033081
0.041321
-0.059998
-0.031433
-0.013245
0.91681
0.12524
0.12396
0.0026855
0.077026
0.5611
-0.042786
0.092651
0.075684
0.083618
-0.014954
0.25537
0.012573
-0.064087
-0.032654
-0.064087
0.045227
0.003479
-0.051208
0.24341
0.13068
0.076477
0.088745
0.55438
-0.15051
-0.13531
0.043579
0.81146
0.012878
0.072266
0.10272
0.027161
-0.028503
0.16071
0.069946
0.0083008
0.85919
-0.039246
0.10291
0.032654
0.044006
-0.03949
0.038208
0.037109
-0.0025024
0.019104
-0.0042725
-0.049683
0.020325
-0.023682
0.1474
0.0025024
0.67682
0.13861
-0.039001
-0.11676
-0.017517
-0.079285
0.54156
0.36548
-0.017456
0.14099
-0.08374
-0.030701
0.0041504
0.98322
0.032349
0.010437
0.12054
-0.12195
0.050598
0.085938
-0.014282
-0.045471
0.054932
-0.117
0.078064
0.029358
-0.033386
0.049194
0.27167
-0.11469
-0.074829
1.1174
-0.0029297
0.092834
-0.065002
0.60651
0.012085
0.056213
-0.0095215
0.2254
0.048889
0.0073242
-0.00354
0.081909
0.040649
0.0055542
0.075684
0.0050659
0.23145
-0.014465
0.15802
0.030396
0.30664
0.46948
0.042908
-0.06073
0.27368
0.0095215
0.042175
0.043884
0.022888
-0.070496
0.0089111
-0.022339
-0.028198
0.031128
0.019653
-0.052612
-0.032104
-0.014465
0.037781
0.01062
0.97693
0.57196
-0.090698
0.1134
-0.011841
-0.059082
-0.0578
0.22223
0.04303
0.0076294
-0.06189
1.0276
-0.074707
0.011902
-0.038086
-0.12317
0.018066
0.073547
0.030762
-0.11121
-0.043396
-0.040894
0.0066528
0.052063
0.013367
0.83374
0.0021362
0.1687
-0.044617
0.053162
-0.04657
-0.077576
1.1373
0.01593
-0.12323
0.063965
-0.024536
0.017578
0.014038
0.008728
-0.0012817
0.060608
0.064758
0.49591
-0.080994
0.14185
-0.091309
0.12305
-0.11816
0.050049
0.049866
0.011169
-0.10486
0.16016
0.15442
0.18427
0.067017
0.44946
-0.045105
0.16199
-0.035034
0.066895
0.023987
0.33075
-0.13251
0.24652
0.1499
0.30127
-0.0014648
0.048218
-0.030029
0.027649
-0.089417
0.0979
0.013
-0.011353
0.1366
0.073303
-0.016968
-0.1499
0.84662
-0.028076
0.93384
-0.02478
0.027222
0.045349
-0.0076904
0.035706
0.066284
0.024231
0.020935
-0.062744
0.12024
0.067627
0.056824
0.62396
0.088928
0.085205
0.073059
0.0045776
-0.083252
0.018066
0.050293
0.034363
0.033264
-0.017944
0.01593
0.020447
0.24597
0.069092
0.65906
0.027344
-0.10931
-0.026733
-0.048279
0.095947
0.23578
-0.039917
0.5896
0.13934
0.17029
-0.043396
-0.046875
0.18872
0.057007
0.10999
0.063293
0.23077
-0.093445
0.25928
0.016663
-0.14447
0.10962
0.64209
-0.052246
0.20105
0.037476
0.12885
-0.020081
0.12299
-0.014771
0.025757
-0.074707
0.15851
0.05249
0.26831
0.1485
0.47821
-0.040039
0.07019
-0.031128
0.30847
0.069153
0.14874
0.033386
-0.003479
0.052185
0.16919
0.073853
0.016418
0.033447
0.025574
-0.011963
-0.034424
-0.0037842
0.052429
-0.045532
-0.020935
-0.02124
-0.015747
1.3262
0.0023804
0.024597
-0.067505
-0.049072
0.015015
0.0061035
-0.065186
1.1145
0.13055
-0.0018921
-0.076538
0.13837
-0.16229
0.040405
0.25525
0.058228
0.14948
-0.095459
0.72058
0.09314
-0.030334
-0.023315
0.10675
0.016541
-0.075562
0.83203
-0.065247
0.2998
0.012451
-0.049133
0.57672
0.10712
0.21466
0.0053101
-0.049316
0.017517
0.11859
-0.014404
0.043457
0.013794
0.045654
0.020752
0.027405
0.0037842
0.013611
-0.14825
-0.063538
0.084167
-0.01532
0.82184
0.68793
-0.0013428
-0.044861
-0.029175
-0.070374
0.017822
0.22186
0.072205
0.071838
-0.038025
1.0065
0.066467
-0.021484
-0.11554
-0.033203
0.064636
0.216
-0.00036621
-0.026855
-0.017517
0.5686
0.099792
-0.070496
0.15338
-0.041443
-0.091248
0.20258
0.022095
-0.050049
0.0080566
0.05188
0.046326
0.056335
0.10901
-0.0059204
0.0066528
-0.040344
0.0064087
1.1572
0.013367
0.019836
0.96869
-0.070862
0.10059
0.14154
-0.0014648
-0.01416
-0.041504
-0.056458
0.049988
0.19513
0.01001
-0.071472
0.88153
-0.061768
-0.028625
0.057983
-0.019592
0.055237
-0.0070801
0.19781
0.17993
0.11285
0.1886
0.14453
-0.025513
0.2926
0.05249
0.020996
0.040649
0.016846
-0.0043335
-0.014221
-0.029541
0.035645
0.0061035
-0.0058594
1.0147
0.015747
0.011597
-0.1178
0.0071411
-0.10028
-0.10522
0.096008
1.2817
-0.16486
-0.04895
-0.12469
0.15594
-0.021423
-0.015381
0.04126
-0.046753
-0.094116
0.10345
0.0042114
0.04834
0.64825
0.078308
0.0079956
-0.019348
0.47723
0.06781
0.46173
-0.16046
0.33325
0.088501
-0.025513
0.076355
0.026978
0.1637
-0.066101
-0.19702
0.021484
0.89117
0.059265
0.015442
-0.058228
0.33392
0.26709
0.060547
0.42407
0.16986
0.045654
-0.012451
0.43292
0.087585
-0.017761
0.0026855
0.044678
-0.00079346
-0.1134
0.064026
0.1084
0.10406
0.034546
0.0059204
0.96747
0.049622
-0.081665
-0.0039063
-0.030945
0.066589
-0.037781
-0.069397
-0.03894
0.048523
-0.0015869
1.1116
-0.068909
1.0013
-0.040527
-0.024841
0.0056152
-0.014099
0.022339
0.017517
-0.027893
-0.0072021
-0.023804
-0.017517
0.008606
0.022949
0.011719
0.07312
0.0037231
-0.050842
0.0011597
1.0894
-0.011414
0.88098
0.072144
0.0090942
0.043213
0.058533
-0.073181
0.0085449
0.011353
0.047424
0.10095
-0.091248
-0.060669
0.35889
-0.024292
0.18896
0.20679
-0.094116
0.66302
0.02356
-6.1035e-05
0.91443
-0.077515
-0.00354
0.046326
0.022644
-0.01532
0.014648
-0.023926
0.015381
-0.11005
0.0084839
0.0025024
-0.0011597
0.013367
0.55145
0.036621
0.30902
0.080322
0.0074463
