-0.006958
0.0054932
0.022766
0.012573
0.038269
0.09137
0.048279
0.00030518
-0.016846
1.0078
0.29572
-0.11145
0.27582
0.093628
0.12225
-0.054932
0.32159
0.044983
0.033081
-0.061523
0.075928
0.15027
-0.05011
0.75299
0.055054
-0.070007
-0.014709
0.026062
-0.014587
0.082153
0.25305
0.020386
-0.078552
0.81927
-0.077148
0.033875
0.022522
-0.010193
-0.040222
-0.046997
-0.112
0.21539
-0.019165
0.0089111
0.43756
0.020508
0.16522
-0.068848
-0.036926
0.013489
0.34387
0.055664
-0.033325
0.21112
0.048523
0.26239
0.33722
0.011902
0.0095825
-0.071655
0.051636
0.067932
0.35974
0.081116
0.072998
0.021667
0.16455
-0.017273
-0.080811
0.04541
-0.027222
0.0022583
0.37775
0.15247
0.44012
-0.018494
0.30261
0.045288
-0.20569
-0.055542
0.0083008
0.73224
0.0055542
0.065613
0.10284
0.023254
0.082886
0.03125
-0.049072
0.035156
-0.013855
0.69849
-0.028076
0.27484
0.063843
-0.0021362
-0.013245
0.026917
-0.051941
0.016052
0.074646
0.10645
-0.051453
0.059448
0.68329
0.010193
-0.005249
0.086365
0.045837
0.017944
-0.020569
-0.028992
0.024719
-0.050293
0.029541
-0.083191
0.044128
0.54376
-0.025085
0.27478
0.21008
-0.089966
0.12335
0.29425
-0.020325
-0.098206
0.33527
-0.125
0.46521
-0.030273
-0.017029
0.038818
-0.0055542
-0.020081
-0.0065308
0.11926
-0.079346
0.59204
0.17206
0.1698
1.1229
0.039856
-0.10052
-0.060242
-0.16467
0.00073242
0.088928
0.010132
-0.027039
-0.091553
0.14337
0.039368
0.57227
0.046509
0.37573
-0.010193
0.19702
-0.0079956
0.01532
-0.028198
0.079834
-0.035828
0.1803
-0.0092163
0.068726
0.027039
0.27679
0.06073
0.23663
0.026855
0.070313
0.10693
-0.007019
-0.066223
0.078857
0.041626
0.22314
-0.03479
0.65906
-0.0020752
0.10718
-0.0089111
0.24384
-0.1358
-0.12866
-0.092163
0.1745
0.04248
0.70197
0.088684
0.070374
-0.034851
0.016418
-0.026917
-0.01416
0.091125
0.096985
-0.03009
0.23578
0.039429
-0.028931
-0.024475
-0.012512
0.020935
-0.01178
0.2312
-0.013062
0.77179
0.069214
-0.077087
0.013489
0.018066
0.0026855
-0.013367
0.010376
-0.026733
-0.016052
0.45905
-0.040466
0.52386
0.070679
0.37903
0.078491
0.050903
0.41675
0.018188
0.060425
0.027405
-0.11133
0.0029297
-0.016968
0.058411
0.78271
0.074768
0.23169
-0.033997
-0.058655
0.072021
-0.13239
-0.023438
0.3866
-0.033081
-0.12567
0.099915
0.16687
-0.0048218
0.4306
-0.050415
0.0082397
0.055603
6.1035e-05
-0.090698
0.52313
-0.027771
0.4212
0.032715
0.077698
-0.076294
-0.084045
0.048706
-0.027039
0.53906
0.0032349
-0.046082
0.060486
0.13263
0.10895
0.034668
0.10126
0.034729
0.044861
-0.035095
0.12262
0.040466
0.22736
-0.039673
0.34271
-0.035461
0.08197
0.03186
0.62909
0.019226
0.14392
0.095337
0.014893
0.01123
0.29254
0.038757
0.054749
-0.067078
0.13635
0.10541
0.42871
0.029236
0.093018
0.15601
0.17432
-0.10693
0.13361
0.066345
0.0098267
-0.046509
-0.011841
-0.029175
-0.01593
0.6366
0.071777
0.23315
-0.0047607
0.010132
-0.16168
-0.0032959
-0.1153
0.052795
0.14636
0.13159
-0.14532
-0.25873
0.979
0.023438
0.14423
-0.04248
0.62701
0.010132
0.029724
-0.053284
0.16321
-0.026917
0.057007
0.018127
-0.059448
0.035034
-0.015747
-0.021973
0.57123
0.075317
0.21991
-0.022827
0.082458
-0.0030518
0.14124
-0.017517
0.34387
0.020569
0.063232
0.17603
0.22498
-0.065735
0.14355
-0.065857
0.14612
-0.13892
0.18298
0.44458
0.1759
0.085815
0.27979
-0.011963
-0.039856
-0.078003
-0.0072632
0.96362
-0.08667
0.030701
0.081604
0.056396
-0.020508
-0.071411
-0.061646
-0.0092773
0.02594
0.14886
-0.024109
-0.060547
-0.0096436
0.46619
-0.044434
0.36298
0.05481
-0.030579
0.042053
0.046082
-0.045959
0.020935
0.015503
0.66705
0.032837
0.28149
0.062866
-0.069641
-0.04303
0.14935
0.20526
-0.08429
0.76654
0.020386
-0.040649
0.024719
-0.12878
0.030518
-0.096863
0.042664
0.24274
-0.030334
0.46594
-0.060974
0.22827
0.0061035
-0.068054
-0.01355
0.99908
-0.019043
-0.024231
0.092468
-0.17163
0.026306
0.01239
0.027466
-0.063232
0.014465
-0.06189
-0.0048218
-0.078003
0.057373
0.0061035
0.81342
-0.058533
0.18158
0.11444
-0.039185
0.039795
-0.0578
-0.071411
-0.031738
0.44843
-0.035767
0.33734
0.060852
0.18842
-0.046448
-0.0061035
0.11627
0.074524
0.064026
0.0028687
0.14807
0.034302
0.61957
0.11652
-0.10834
0.90186
-0.077942
0.04303
0.050659
-0.082947
0.094238
0.10999
0.090454
-0.082581
0.040405
0.092896
0.016174
0.014404
0.83783
0.020996
0.0013428
0.083435
0.028503
0.10309
-0.020996
-0.073669
0.13733
0.39539
0.11694
0.42712
-0.1319
0.094482
0.019165
-0.025085
-0.022461
-0.0076904
0.024414
-0.061768
-0.055603
-0.060974
1.2433
-0.052307
-0.25824
0.018066
0.11426
0.035278
-0.021545
0.10199
-0.018188
-0.0083008
0.58234
-0.061035
0.16266
0.022217
0.015564
-0.014893
0.03656
-0.0073242
-0.0085449
0.022888
0.10162
-0.025696
0.90637
-0.039856
-0.028687
-0.04303
0.038086
0.076416
-0.14258
0.099915
0.98206
0.14294
-0.18396
0.04248
0.29169
-0.062439
0.025085
-0.015564
-0.026306
0.016724
0.055908
0.037231
0.94739
0.036194
-0.018372
0.64697
0.072449
0.1272
0.015747
0.061646
-0.0064697
0.19568
0.049316
-0.045776
-0.0066528
-0.015442
1.1554
-0.012024
-0.1283
-0.013489
0.023376
0.0025635
-0.00079346
0.10126
0.029541
0.0076294
0.82532
0.007019
0.068848
0.01416
0.086792
0.0072021
0.065063
0.084106
0.0093994
0.020996
-0.0016479
-0.0053711
-0.069702
-0.033386
0.13837
0.054993
-0.026672
0.027832
0.83289
0.0047607
-0.0057983
-0.0079956
0.052246
-0.017273
0.17358
-0.018433
0.95319
-0.07843
-0.061157
-0.0022583
-0.053955
-0.0053711
-0.022949
0.0042114
0.50452
-0.02002
0.23932
0.28345
0.044495
0.56671
0.07135
-0.042175
0.053223
0.19232
0.02063
0.30322
0.025269
-0.0065308
0.028137
0.080872
0.65283
-0.003418
0.14032
0.076782
0.056702
-0.012756
-0.05603
-0.0095215
-0.024597
-0.047913
0.05835
-0.023193
0.00061035
0.025208
0.13336
0.0016479
-0.072021
-0.053223
0.97467
0.020691
0.023315
0.067017
0.038635
0.40491
0.011963
0.44788
-0.020081
0.065186
-0.034119
-0.013977
0.032898
-0.025513
0.90759
-0.005249
0.044189
0.028503
0.041382
0.022339
-0.016235
0.0087891
0.039063
0.28418
0.055359
0.1958
0.073975
0.36707
-0.0084839
0.065613
-0.030762
0.096741
-0.12488
-0.036011
0.13324
-0.044067
0.54688
0.17029
0.10242
0.1416
0.13367
0.029907
0.12323
0.15161
-0.092896
0.67731
-0.080322
-0.019592
0.079407
-0.014893
0.030945
0.50281
-0.015564
-0.16797
0.22809
0.093018
0.015686
0.19922
-0.011292
0.04126
-0.018677
0.043518
-0.015137
0.038635
-0.035339
0.82666
0.02948
0.1228
-0.037292
-0.012207
0.063721
0.056274
-0.053772
-0.066406
0.052429
-0.11066
0.995
0.018066
-0.1228
-0.031067
0.063599
-0.054932
-0.017029
-0.056641
-0.060425
0.037231
0.11072
-0.008667
0.96478
-0.1051
-0.11749
-0.0097046
-0.051575
0.8324
0.026245
-0.0448
-0.0032959
0.12634
0.062317
0.050659
0.037354
0.13129
-0.041626
0.61554
-0.0045776
0.26794
0.0028687
0.1709
0.035461
-0.025269
-0.056702
0.0028076
-0.052246
0.94592
-0.0015259
-0.13202
0.067993
0.14093
-0.052612
-0.0064087
0.05603
0.11981
0.10461
0.10919
0.42749
0.14545
-0.061157
0.20526
-0.065491
0.038147
-0.11804
-0.091309
-0.12354
-0.078735
0.082886
0.0095825
0.68567
-0.059204
0.2688
-0.038574
-0.0083008
0.12799
-0.0095825
0.42035
0.13275
0.020386
0.024902
0.28552
-0.022095
0.096436
-0.012268
0.037354
-0.062744
0.16174
-0.022339
0.50311
0.0011597
0.27356
-0.022278
0.039978
-0.018738
0.021179
0.22369
-0.076172
0.73846
-0.095825
0.0075073
0.02948
-0.077515
0.055237
0.065369
-0.068665
0.073608
0.014221
0.059387
-0.031921
0.094543
-0.0054321
0.92926
0.0096436
-0.1499
0.11145
0.017761
-0.042297
-0.048401
0.073792
-0.038086
0.025269
0.039551
0.86359
0.072083
0.12012
0.076172
0.034668
0.37097
0.19196
-0.026428
0.18652
0.031006
0.06897
-0.010986
-0.084778
0.080078
0.2597
0.027466
0.44318
-0.029602
0.12311
0.018555
-0.031738
-0.018982
0.032959
0.033325
0.47467
0.055359
0.20575
-0.049011
0.32086
0.006897
0.032898
-0.00030518
-0.033875
0.92609
-0.023865
0.010437
0.072205
0.028503
-0.056274
-0.033752
-0.016296
0.04541
0.098816
0.48535
-0.011536
0.22943
0.22363
-0.0071411
-0.013977
0.015137
-0.070068
0.06842
-0.015747
0.010559
-0.049377
-0.015442
-0.018555
0.3042
0.049438
0.41846
0.16431
0.089111
0.015137
0.038513
0.10529
-0.005249
-0.099304
0.22571
0.08844
0.037537
0.44495
0.23975
-0.063843
-0.044922
0.25751
0.040039
0.54535
-0.064148
0.16187
-0.023499
-0.040833
-0.0064087
-0.052002
-0.0024414
0.077942
-0.12103
0.023132
0.7038
0.010193
0.0032959
0.11438
0.10846
0.043579
-0.072449
-0.011169
0.60193
0.35046
0.066772
0.06543
0.011841
-0.05835
-0.071411
-0.043945
-0.022095
-0.053223
0.057373
0.5592
0.014221
0.42828
-0.0091553
0.089233
-0.041992
-0.035217
-0.072083
-0.061523
0.01239
-0.10327
0.053589
-0.12164
-0.0031128
0.97455
0.064392
-0.057373
-0.090332
-0.00030518
-0.0045776
0.057739
0.83771
0.088928
0.16736
0.0090942
-0.053772
0.17773
0.0041504
-0.050415
0.14948
-0.053406
-0.06604
0.030823
0.087341
0.82922
-0.025635
0.11694
0.045959
0.06073
-0.13464
0.13989
-0.014282
0.30383
0.047791
0.21179
-0.02832
-0.033875
-0.022766
0.16583
0.019714
0.54102
-0.035767
0.24536
-0.030945
-0.010437
-0.032288
-0.005127
0.83478
0.0040283
0.052246
0.047363
0.053894
-0.02002
0.015381
0.019165
0.023132
-0.0095825
0.027283
0.10889
0.046631
0.57098
-0.043701
0.041077
0.028687
-0.0094604
0.015015
0.15729
-0.057495
0.059204
0.88184
-0.029053
-0.021362
0.0016479
-0.055054
-0.057129
0.017212
-0.075378
0.078674
0.033569
0.03363
0.046875
0.18964
-0.075745
0.80493
0.090393
-0.11975
-0.026489
0.02301
0.62238
0.072693
0.073364
0.037903
0.24817
-0.069031
0.092773
0.10333
0.035278
-0.068604
-0.06665
-0.082458
-0.055542
-0.079895
-0.077454
0.085938
0.016113
1.0674
0.59393
0.012634
0.26508
0.14661
0.0015259
-0.035217
0.18463
0.050293
0.078369
-0.017151
-0.061768
0.088867
0.18561
-0.0672
0.67706
-0.049744
0.02417
-0.039063
0.071777
-0.0055542
-0.0025635
0.069946
0.050598
0.0401
-0.055603
0.44067
0.069885
0.41199
0.16785
-0.041809
0.093567
0.057678
0.58209
-0.041809
0.15826
-0.069153
0.23309
0.0023193
0.099792
-0.022827
0.047791
0.14984
0.062012
0.83826
0.0015259
0.025635
-0.0015869
-0.011292
0.05188
-0.014771
-0.095703
0.033325
0.13812
0.11658
0.55988
0.047913
0.25348
-0.019104
0.32367
0.022949
-0.0090942
-0.014343
-0.07135
0.023315
-0.071167
-0.063843
-0.075317
-0.043091
0.043701
1.063
0.040344
0.055969
-0.053894
-0.018433
0.090393
0.85492
0.028687
0.13824
0.088135
0.11884
0.025269
0.050842
-0.00085449
-0.029663
0.01593
0.67023
0.093323
0.19006
0.005249
-0.060913
-0.073608
0.041748
-0.11792
0.045105
0.021851
0.089722
-0.014587
0.10785
0.1969
0.79218
-0.084167
0.078186
-0.15765
0.023376
0.71484
0.0067139
0.31958
-0.093323
0.15192
-0.08429
0.26825
0.078735
0.05542
0.21252
0.099487
0.06604
0.1955
0.0079346
0.030945
-0.020691
-0.0056152
-0.00097656
-0.10846
0.17053
0.62592
0.075439
0.21729
-0.012024
-0.022583
-0.0067139
0.081665
0.88733
-0.078796
-0.018982
0.19739
0.039429
0.0061646
0.074585
-0.077332
-0.037781
-0.0023193
0.80359
-0.03186
-0.0012207
0.062439
0.019226
0.040894
0.10266
-0.00354
0.021362
-0.0448
0.036011
-0.080688
-0.0076904
-0.020996
-0.010437
-0.046875
0.012878
0.9093
0.00091553
-0.055969
0.017456
0.068787
0.078064
0.029358
0.067261
-0.13953
-0.083435
0.16998
1.0297
0.064697
-0.014709
0.14362
0.075745
0.33838
-0.029114
0.30597
-0.039429
-0.0072632
0.0033569
-0.033508
-0.010315
0.16895
-0.12378
0.7677
0.059448
0.069458
0.022339
0.022339
0.056091
-0.083252
0.0025635
0.55786
0.013245
0.13306
0.12518
0.18976
-0.038513
0.02301
0.0055542
-0.04187
0.013611
-0.055603
1.2459
-0.087524
-0.028076
-0.11707
-0.068359
-0.10223
-0.010559
-0.14581
-0.019836
-0.16888
1.0788
0.10309
-0.0061646
0.078979
-0.0059814
0.00085449
0.064636
0.24133
-0.01593
-0.026794
0.47583
0.094604
0.0067749
0.19891
0.012329
0.062988
-0.029114
-0.037903
0.0026855
0.029114
0.024597
0.026001
-0.00054932
-0.03418
1.0903
-0.038391
0.01416
-0.069275
0.86646
-0.039612
0.11633
0.048462
0.0090332
0.02301
0.0354
0.041504
-0.016296
-0.0050659
-0.022217
0.089539
-0.041687
-0.050171
0.11487
0.047852
0.048523
0.64624
0.0012817
0.02948
-0.014587
0.018311
-0.038391
-0.043518
0.072021
0.056274
0.10699
0.18646
0.021362
-0.028564
0.00018311
-0.0073853
0.0098267
0.019226
0.46918
-0.073914
0.2168
0.017029
0.34711
0.34528
0.10742
0.008606
0.37128
0.039551
-0.0042725
0.11035
0.052002
0.026794
0.0067139
0.11438
-0.048889
0.025757
0.51208
0.30603
0.096619
0.23633
-0.017761
-0.071045
-0.013306
-0.027893
0.051697
0.025574
0.012329
-0.032715
-0.039795
-0.037842
0.57617
0.31299
-0.018921
-0.011719
0.030396
-0.041504
0.081543
0.03772
0.23877
-0.011108
0.75488
0.024963
-0.057251
-0.06665
1.1805
-0.0059204
-0.088989
0.0055542
0.016907
-0.01355
-0.014404
-0.028625
0.019592
0.56348
0.067261
0.087952
0.087708
-0.0076294
0.043579
0.1322
-0.04425
0.046997
-0.014404
-0.015137
0.70703
0.069946
0.25659
0.10681
-0.0083618
-0.041748
0.059509
-0.028564
-0.017029
-0.067627
0.075623
0.38361
-0.096619
0.758
0.0010376
0.037354
0.1236
0.051697
0.030701
0.1145
0.7851
-0.068298
-0.081787
0.11676
0.024414
0.024597
0.022644
-0.046936
-0.057251
-0.051758
-0.011597
0.15411
-0.11615
0.015442
0.15771
-0.050049
0.046814
-0.14435
1.0393
0.87128
0.019958
0.047852
0.032654
-0.02533
0.041931
0.056641
0.008606
-0.024536
0.018494
-0.1001
0.067627
0.21039
-0.10736
0.49762
0.032166
0.29016
0.008667
-0.048401
-0.012512
0.18866
0.67749
-0.0039673
-0.022949
0.16003
-0.029907
0.12256
0.077759
0.062317
-0.06543
0.20538
0.52356
-0.049561
0.04364
0.19104
-0.037109
0.074097
-0.041809
-0.011047
0.001709
0.88458
-0.00012207
0.0092163
-0.10303
0.01593
0.0056152
0.18506
-0.032898
-0.013977
-0.013245
-0.012573
0.0015869
-0.024841
0.020386
-0.0098877
-0.015259
0.031982
0.31702
0.1004
0.44183
0.1778
0.17017
0.0084839
0.40765
0.082886
0.026001
0.082825
0.012329
0.067688
-0.038818
-0.0025024
0.016846
-0.0755
-0.052917
0.087036
0.031311
0.087952
0.6842
-0.083557
0.26758
0.034363
0.081543
0.22089
0.2251
0.24304
0.014587
0.23999
-0.028687
0.099304
-0.0061646
0.11859
-0.18567
0.15948
-0.03949
0.040161
0.080078
0.042908
0.22211
-0.098389
0.89581
0.84015
0.0075073
-0.0019531
0.024414
-0.011047
0.063049
0.138
0.030945
-0.034363
0.01947
0.012024
0.85608
0.012573
-0.05072
0.035278
0.00073242
-0.0024414
0.065857
0.030945
-0.014221
0.00030518
0.015503
-0.1662
0.067505
0.0089722
0.0081787
-0.049927
0.028381
0.98236
0.010925
-0.059692
-0.042603
-0.036133
-0.0095215
-0.047546
0.010315
-0.069885
0.047058
0.052612
0.85217
0.50031
0.020081
0.21979
0.067444
-0.069092
0.029907
0.24957
0.092407
0.078186
-0.045654
0.50006
-0.011353
0.11877
-0.058655
0.058289
0.013306
0.36517
-0.031982
-0.018677
-0.082031
0.0025635
-0.060364
-0.0090942
0.030457
0.52679
-0.052063
0.39905
-0.073792
0.067322
0.036987
0.91626
0.049927
0.034241
-0.077026
-0.054016
-0.012085
0.14777
-0.00091553
-0.020996
-0.048035
-0.029053
0.012268
-0.0040894
-0.010254
0.010986
0.072754
-0.034302
0.05835
0.018005
0.8266
0.079834
0.78479
-0.033691
0.069458
0.050476
-0.03302
-0.02301
0.039612
-0.0067139
0.050964
0.198
0.08551
-0.078735
0.32904
0.30273
0.0039063
0.13306
0.026306
0.020264
0.051758
-0.0065308
1.1266
-0.04834
-0.10419
0.013489
-0.030884
0.055298
0.017395
0.0076294
-0.046021
0.04126
0.051453
0.56702
-0.043213
0.24017
0.0014648
0.045959
0.020508
0.045654
0.0023193
-0.033936
0.05835
-0.059753
-0.068787
0.045105
0.27179
0.01062
0.75458
0.018066
-0.061401
0.055969
-0.036011
0.093506
0.037903
0.060974
-0.073364
0.2525
-0.0081177
0.30792
0.022766
0.73175
-0.022522
0.014771
0.081299
0.01709
0.038513
0.079468
0.035217
0.024414
-0.027771
0.029236
0.011536
-0.10059
0.073181
-0.062622
0.76849
-0.079468
-0.0802
-0.033752
0.0090332
0.15735
0.064026
0.037903
0.27124
0.27716
-0.033142
0.085693
0.033386
-0.030396
0.075134
0.064819
-0.013306
0.014465
0.025024
-0.12689
0.032532
-0.07135
0.076843
1.405
-0.062988
0.022827
-0.0055542
0.67426
-0.03717
0.25311
-0.011414
0.23138
0.036682
0.0014648
-0.018738
-0.080017
0.011719
0.077209
-0.10815
0.0495
0.40472
0.0063477
0.033325
0.036438
0.24774
-0.071472
-0.005127
-0.042908
-0.036072
-0.086731
1.1342
0.054199
0.022339
-0.077393
0.034546
-0.05481
0.45844
-0.018066
0.67377
0.092712
0.028381
0.085327
-0.00024414
0.030945
-0.039551
0.026978
-0.049194
-0.037476
-0.1134
0.050049
1.2612
0.090942
-0.055481
0.0014038
-0.043213
-0.045227
0.016113
-0.023071
-0.022156
0.04657
-0.076172
-0.0037842
0.18475
-0.018188
0.92383
0.047119
0.94049
-0.046204
-0.068665
0.069641
0.060913
-0.05127
-0.049744
0.018555
0.046204
0.1225
-0.017944
0.079285
0.01001
0.021301
-0.0081177
0.077637
-0.030457
0.92639
0.015625
0.056458
-0.036011
-0.00085449
0.0056763
0.0012817
0.7926
0.02887
0.062195
-0.036499
0.04895
0.41284
-0.086975
0.13361
0.55261
0.10187
0.069885
0.15387
0.10242
-0.040771
-0.029602
-0.048767
0.87512
-0.0032959
0.18976
-0.0030518
0.053406
-0.085632
0.033081
-0.025208
0.045044
0.18652
0.025146
0.70752
0.020325
0.062195
-0.0011597
0.26514
-0.032349
0.11237
0.048218
-0.065735
0.065063
0.50677
0.035767
0.40576
0.008667
0.2052
-0.028442
-0.07666
-0.0011597
0.39783
0.16046
-0.18988
0.62891
0.058472
-0.039856
0.20697
-0.10107
-0.0089722
0.01062
-0.056763
0.066956
-0.046143
0.039978
0.035583
0.15973
0.021362
0.59662
-0.0030518
-0.025879
0.11932
-0.0012817
0.13739
0.54858
0.10657
0.049133
0.080994
0.017761
0.039246
0.043091
-0.070618
0.075867
-0.0067139
0.021912
-0.03717
0.75305
0.011169
0.13092
-0.011536
0.018433
-0.048401
0.0019531
0.23016
0.25098
0.2561
0.044861
0.27167
0.055359
-0.037842
-0.071472
0.026428
0.030518
-0.16516
-0.052551
0.15894
-0.032776
0.023682
0.043274
1.3575
-0.013977
0.90808
-0.1286
0.1684
-0.025635
-0.067627
-0.011353
0.23871
0.013611
-0.13629
0.05658
0.028992
-0.0095825
0.0049438
-0.018372
-0.0098877
0.097107
0.05072
0.40063
0.054382
0.51666
0.099365
0.68048
0.016663
0.079163
0.14331
-0.042725
0.031433
0.031555
-0.00012207
-0.0046997
-0.032837
0.052124
0.34076
0.021301
0.10571
0.05127
0.16913
-0.070984
0.16956
0.12262
0.13477
0.087402
-0.072266
0.66425
0.061768
-0.018921
-0.020264
0.016418
0.15643
-0.12762
0.048218
-0.05481
-0.00018311
0.014526
0.00177
0.11584
0.053345
-0.069153
-0.037109
0.96783
-0.019958
0.071472
-0.1087
0.031433
0.035645
0.021118
-0.17413
0.069153
1.3475
0.050903
0.10693
-0.077393
-0.0354
0.93958
-0.05127
0.082825
0.073242
0.021973
0.019226
-0.039307
-0.053711
0.021362
0.088318
-0.079773
0.0060425
0.16095
0.091431
0.037048
0.72314
-0.092651
0.034058
-0.05835
-0.058716
-0.073181
-0.0055542
0.21539
0.030579
0.74902
0.042847
-0.048157
-0.011169
0.021118
-0.047607
0.039368
0.0043945
0.046082
0.035034
1.0603
-0.012329
-0.043396
-0.023254
0.0039063
-0.0073242
-0.016174
0.013062
0.17249
0.057068
0.073608
0.07074
0.65619
-0.036255
-0.0037842
-0.0029297
-0.018127
0.0076904
0.1781
0.023621
0.77722
0.12457
-0.029175
1.0587
0.091064
0.077576
0.06488
-0.28552
-0.028076
0.035583
0.059509
0.048462
-0.06311
-0.0625
0.091614
-0.080078
-0.090149
0.082092
0.064392
-0.055847
0.01709
-0.13049
0.8894
-0.024902
0.01123
0.40015
0.020447
0.53674
0.011597
0.17291
-0.014404
-0.073059
-0.042114
0.43768
-0.0058594
-0.020081
0.26306
-0.025269
0.18481
0.13568
0.013855
0.14569
0.013306
-0.039124
0.053467
-0.057983
0.018616
0.045959
0.13989
-0.028564
-0.013611
0.10107
0.75024
0.12506
-0.043335
0.0018921
0.14795
0.31305
0.083801
0.42285
-0.055786
0.14819
-0.024475
-0.029419
1.0612
-0.096802
-0.085449
0.082947
0.059998
0.085327
-0.035339
-0.054077
0.018921
0.027161
-0.0077515
0.0043945
-0.047302
-0.0085449
0.0012817
-0.07959
-0.0057983
0.0031128
0.84747
0.051025
-0.068726
0.013672
-0.045715
-0.08374
0.12854
-0.040955
0.21008
0.99042
0.0057373
0.054077
0.028625
0.117
0.117
0.23529
0.13837
0.45996
0.0021973
0.029724
-0.0065308
-0.039551
0.0095215
0.082825
0.7113
0.07373
-0.049622
0.1684
0.025513
0.017944
0.02948
0.011658
-0.048767
-0.057739
-0.028809
0.038025
-0.068787
-0.00024414
0.25793
0.078369
0.65741
0.10992
-0.020813
0.29974
0.014893
0.28491
0.0072632
0.35144
-0.025024
0.0020752
0.022888
-0.026367
-0.013367
0.054138
-0.021973
-0.035156
0.085571
0.0049438
-0.13782
-0.0061646
1.0539
-0.012817
0.08136
-0.030457
0.044739
0.065552
0.99109
-0.0013428
0.072998
-0.011047
-0.058411
-0.059875
0.011719
0.076843
0.055237
0.84473
-0.0070801
0.19629
-0.095886
0.032776
-0.012634
-0.0495
-0.015137
-0.02301
0.016418
0.015381
0.28882
0.0027466
0.60602
-0.044617
-0.028259
0.012695
0.8877
0.0095215
0.030457
0.08429
-0.032104
-0.049622
-0.079468
0.0091553
0.07782
0.30328
-0.036377
0.33698
-0.015076
0.043518
-0.0046387
0.29114
0.051208
0.03595
0.037415
0.019775
0.80231
0.0054932
0.13403
0.041687
-0.0030518
-0.033936
-0.0012207
0.046509
0.020508
0.093323
0.11261
0.25958
-0.14087
0.18958
0.36749
0.32037
-0.073547
0.018066
-0.060364
0.18304
0.088074
-0.036255
0.50671
0.17487
-0.061157
0.15027
0.01001
-0.00054932
0.03479
-0.037598
0.074829
-0.029419
-0.0095825
-0.0039063
0.097839
-0.07843
0.057373
-0.0090942
0.86169
-0.082092
0.055725
0.22607
0.075623
0.42535
0.12244
0.28302
-0.071289
-0.016052
-0.092285
0.95337
-0.068115
-0.014343
0.044373
-0.056396
-0.0084839
0.17084
0.0081787
0.10822
0.024292
-0.17914
-0.056091
-0.010193
0.005188
0.074097
0.32385
0.01886
0.57867
0.052307
-0.068604
0.21497
-0.044922
0.13159
0.11694
0.15417
0.071289
0.19232
-0.051392
-0.018127
-0.10272
0.67548
0.070068
0.15039
0.094849
-0.049011
-0.003418
0.14081
-0.021301
0.01886
-0.022278
-0.059326
0.04541
0.02417
0.012756
0.10175
0.93585
-0.073303
0.20551
0.025452
-0.13464
-0.072327
0.057678
0.01123
0.14014
-0.0049438
0.55743
-0.0078125
0.099915
-0.026611
0.077209
-0.083252
0.044861
0.21356
0.001709
0.72009
0.05072
0.12329
0.04657
-0.12579
0.045288
0.39618
0.071899
-0.092041
0.1958
0.092468
-0.0093384
0.15234
0.080566
-0.043396
0.014648
0.033264
0.001709
0.021362
0.086487
0.0058594
-0.15356
-0.040222
-0.063599
0.10645
1.0514
0.071899
0.020691
-0.054382
-0.1452
0.13983
-0.10004
-0.0063477
-0.15765
-0.19171
1.0292
0.045166
0.94098
-0.064087
-0.11108
0.0672
-0.061096
0.072144
0.078674
-0.037964
0.013916
0.46698
-0.03894
0.21362
0.1236
0.080505
-0.091125
0.31818
-0.066101
0.12836
-0.0042725
0.034729
0.052979
-0.030579
-0.0043945
-0.0060425
0.21973
0.0056152
0.97797
-0.018921
-0.058044
-0.0056763
0.024414
-0.0045166
-0.04895
0.037537
0.19611
0.05481
0.61005
-0.061523
0.36609
-0.0075684
0.06897
-0.0032959
0.026306
0.059265
0.058167
0.027466
1.0154
0.045166
-0.027283
-0.048828
0.04187
0.11542
-0.081177
0.59552
0.043091
0.32611
0.023315
-0.044006
-0.044556
-0.045349
0.037354
-0.058899
0.15643
-0.12396
1.1063
-0.13629
0.076721
0.1322
-0.14301
-0.0098877
1.0205
0.022766
0.041565
-0.0224
-0.019409
-0.037598
-0.012695
-0.0014648
-0.0039673
-0.19177
0.047363
0.2478
0.071411
0.6687
0.026306
-0.079834
-0.047791
0.051086
0.024658
0.62317
0.008606
-0.11481
0.0080566
0.17181
0.073547
0.28278
-0.058044
0.013367
0.014893
-0.0094604
0.033875
0.079712
-0.054932
0.60669
-0.020264
0.3501
-0.0068359
0.056702
0.010071
-0.039063
-0.075928
0.0020142
0.96594
-0.067932
0.046448
0.025696
-0.015442
0.10168
0.046265
0.075195
-0.064941
-0.0059814
-0.098511
-0.065308
0.066406
-0.0083618
0.22858
1.1544
-0.030457
0.035217
-0.038818
-0.0064697
-0.14075
0.012329
0.2605
0.15283
0.38641
0.14191
0.45612
-0.005188
-0.087708
-0.1601
-0.13031
0.1792
0.02887
0.014893
-0.084717
0.9621
0.07019
-0.048401
0.06134
0.14777
0.035217
0.53326
-0.0093994
0.082397
-0.008728
0.12354
-0.0071411
-0.00061035
0.71057
0.013977
0.2417
0.062256
-0.073486
-0.0022583
0.065491
-0.036072
0.015503
0.81696
0.10864
0.04657
0.20752
-0.068909
-0.030457
0.0079346
0.036011
-0.057495
0.014038
0.064758
0.023071
0.040466
0.031433
0.017212
-0.022339
-0.0010376
0.070313
1.0949
-0.008667
0.23938
0.1225
0.083008
0.59369
-0.02417
0.067078
0.10413
-0.098145
0.018555
-0.10742
-0.013794
0.0099487
0.059692
0.039307
-0.070068
0.05365
-0.023743
-0.0755
0.11078
0.88489
0.12378
0.015442
-0.17493
-0.0049438
-0.017334
-0.0031128
-0.096558
0.055481
1.3256
-0.084229
-0.007019
-0.00354
-0.010925
-0.041748
0.010071
0.00177
0.0067139
-0.00061035
0.37689
0.014404
-0.086121
-0.014343
0.014404
-0.037659
-0.035034
-0.02887
0.079163
0.87982
0.07489
-0.09375
-0.057617
-0.024536
0.095703
-0.069336
0.14508
-0.020752
0.17303
0.0036621
0.76801
-0.031128
0.072937
0.010437
0.031372
0.66425
0.073792
-0.018494
0.05542
0.057983
0.024719
-0.012817
0.24738
-0.03009
0.039551
0.084534
0.24243
-0.031067
0.34601
-0.012756
-0.040833
0.0015259
0.96881
-0.048096
-0.10742
-0.072876
-0.06366
-0.024658
0.37732
-0.15314
-0.21393
-0.032776
-0.0037231
0.038452
0.012268
0.075745
-0.0040894
0.19055
0.015625
0.84558
0.031799
-0.037964
0.065002
-0.083679
-0.058289
-0.11359
0.54718
0.027283
0.39124
0.054382
0.054932
-0.048645
-0.092957
0.098267
-0.10297
-0.085022
0.072815
0.039978
-0.016907
-0.0059814
1.1904
-0.0065308
0.56738
-0.047119
-0.16357
0.03064
0.1936
0.12408
0.24139
-0.054199
0.053467
0.048767
-0.025635
-0.037231
-0.0077515
0.056824
-0.063477
-0.032166
-0.12701
0.13873
-0.017029
1.1116
-0.06073
-0.062805
-0.0037842
-0.0075684
-0.024902
-0.045349
0.014771
-0.048035
-0.05835
1.2667
0.070862
-0.11023
0.29218
-0.05365
0.41455
0.0050049
0.45715
0.0046387
0.05249
0.0025024
0.015015
-0.03833
0.016174
0.075745
-0.040894
0.16418
-0.034485
0.6347
-0.013794
-0.0020752
0.012146
-0.046509
0.0014038
0.054626
-0.0072021
-0.010559
-0.029785
1.0129
0.030029
-0.055359
0.074829
-0.022156
0.44604
-0.091797
0.24017
0.098694
0.30182
0.0037231
0.077271
0.0022583
-0.069336
0.096436
0.58575
0.0062256
0.13977
-0.059143
0.17853
0.091125
0.086609
0.05365
-0.026062
0.68188
-0.095825
0.1792
0.042786
0.061157
0.029053
0.016418
-0.042969
0.072876
0.061584
-0.012207
-0.044983
0.06134
-0.11957
0.72961
-0.084839
-0.044678
0.10931
0.2804
0.18579
-0.026733
-0.076721
0.4198
0.35443
0.087646
0.26349
0.024719
0.012085
-0.055054
0.051392
-0.014465
0.13525
-0.042236
0.68494
0.055359
0.089844
-0.042175
0.030457
0.040466
0.12842
0.14636
-0.097778
0.45483
0.11615
0.035889
0.042786
-0.0045166
-0.026794
0.011108
0.02417
-0.037048
-0.017334
-0.0083008
0.038818
0.80322
0.039917
0.18256
-0.052246
-0.05304
-0.033325
0.020691
0.0067139
0.12402
0.065796
0.93787
0.0085449
0.1684
0.091553
-0.12231
0.65381
-0.035767
-0.11603
-0.0093994
0.10901
-0.033447
0.36188
-0.067871
0.070313
0.038574
-0.070679
0.055054
-0.039246
-0.047241
0.16705
0.13025
0.15967
-0.021667
0.56488
0.058289
-0.0059814
-0.039612
0.45013
0.0048828
0.50409
0.0041504
0.24988
0.0018311
0.1521
0.061462
0.011414
-0.0083618
-0.067505
-0.044373
0.060913
-0.052734
0.015137
0.44489
0.071106
0.57159
0.034546
-0.0047607
-0.0063477
-0.089294
0.041687
0.028381
0.065796
0.021545
0.89893
-0.071045
-0.037231
-0.040833
0.0021973
0.021545
-0.0093994
-0.095215
-0.0045776
-0.056519
-0.039246
1.0934
-0.029907
0.041626
0.021729
0.092468
0.68439
0.034485
0.12823
0.093201
-0.026245
-0.059143
0.003418
-0.0071411
0.84564
0.0079956
0.10236
-0.11816
0.19659
-0.026672
0.045471
-0.019287
0.031677
0.84808
0.01355
0.10522
0.035889
0.0061035
-0.024414
-0.050842
0.031982
0.023926
-0.01709
-0.047546
0.028992
0.017517
0.026428
0.061646
0.0046997
0.38403
-0.010559
0.60687
-0.053955
0.038269
0.080994
-0.026672
0.70697
-0.031006
0.24243
-0.068604
0.018555
0.059875
-0.1134
-0.11035
0.34589
-0.098816
0.3645
-0.066101
0.26282
-0.020691
0.49713
0.03302
-0.059692
0.0026245
0.24512
-0.066406
0.46021
-0.040161
0.32007
0.028809
0.058228
-0.025879
0.01593
0.054504
-0.0047607
-0.0050659
0.025879
0.23553
-0.043945
0.35443
-0.070862
0.5163
-0.041077
0.097778
0.068726
0.033691
0.73199
0.061218
0.078857
0.042786
-0.074036
0.00061035
0.07843
0.082825
-0.058289
1.042
-0.11621
-0.018555
-0.050598
-0.042786
-0.10559
-0.0027466
-0.11963
-0.0089111
0.31873
0.0177
0.37805
0.03418
0.43597
0.071655
0.065796
0.0055542
0.93744
0.033325
-0.064819
0.059692
-0.043762
0.012268
0.16943
0.061401
0.029419
-0.018738
-0.033264
0.020203
-0.049744
-0.080322
0.013977
0.079529
0.033386
0.49628
-0.14642
0.51788
-0.081848
-0.033508
-0.043762
0.032837
0.032104
0.45905
-0.049194
0.64374
0.073486
-0.089661
0.027588
-0.033569
0.013
0.011353
-0.054993
0.18756
0.040039
-0.082275
0.31989
-0.019165
0.69006
0.03241
-0.066223
-0.050171
-0.088318
0.054321
0.027405
-0.031555
-0.060059
0.042053
0.044189
-0.038391
0.030396
-0.0010986
0.051636
-0.077271
0.060486
-0.092041
-0.020142
1.1447
0.14404
0.56238
-0.010498
0.0070801
0.33539
-0.11133
0.17334
0.0097046
-0.022705
-0.00048828
0.13361
-0.010803
0.86005
-0.010254
0.074951
0.0014038
0.096619
0.0073853
-0.054382
-0.060059
0.12518
0.020691
0.16339
0.029602
0.19147
0.10419
0.47192
-0.032959
0.15131
-0.033936
0.074158
-0.037109
0.87335
-0.051636
0.17603
0.044189
0.0066528
-0.0037231
-0.053162
-0.0027466
-0.017578
-0.011719
-0.0042725
-0.043823
0.02594
0.18134
0.050842
0.15497
0.086548
0.48322
-0.00061035
-0.01178
0.020508
-0.070251
-0.057373
-0.081299
-0.0014648
0.54346
-0.040039
0.36676
-0.038391
1.0891
0.035156
-0.047302
-0.026184
0.012024
-0.076843
0.035767
0.082153
-0.020691
-0.0062256
-0.00048828
-0.05603
0.10687
0.015198
0.44232
-0.033691
0.146
0.084412
0.33374
0.038879
-0.027832
-0.044922
-0.024353
0.022949
-0.044983
0.015137
0.20416
0.046936
0.72186
0.16992
0.12061
-0.051392
0.85828
-0.020874
0.11127
-0.034363
-0.00012207
0.047668
-0.082214
-0.03717
-0.022888
0.043213
1.037
-0.0032349
0.041138
-0.045288
0.068542
0.023438
-0.042908
-0.011414
1.0503
-0.01947
-0.10034
0.034485
0.028992
0.090759
0.010986
0.030762
0.055359
-0.040771
-0.016724
0.51575
-0.013428
0.19812
-0.003418
0.22504
0.034851
0.1297
-0.045471
0.2038
0.11676
-0.018555
0.39136
-0.019775
-0.0071411
0.12311
0.13757
0.17572
-0.014648
-0.030151
0.018555
0.083557
-0.003479
0.013672
0.72937
0.088318
0.0083008
-0.10895
0.11621
0.19611
-0.066772
0.13385
0.20734
0.28259
0.044189
0.13397
0.038757
-0.055237
0.0025024
-0.14587
0.013977
-0.011353
0.505
0.34308
0.041992
0.12177
0.0067749
0.021362
-0.065369
0.0072632
0.03418
-0.03717
-0.081299
0.036316
-0.03772
-0.024353
0.80951
-0.047058
0.29565
-0.080627
0.058289
0.15961
0.012634
0.57867
-0.016846
0.090454
0.05127
0.035339
-0.024902
0.0061646
1.036
0.028748
0.036194
-0.010925
-0.026733
-0.07135
0.024353
0.043274
-0.016235
-0.040955
-0.011963
0.12146
0.014526
0.54358
0.036682
0.30231
-0.014343
0.039551
-0.071289
-0.026855
0.0080566
0.17511
-0.046814
0.48969
0.051147
0.35669
-0.020386
0.018005
-0.03125
0.07019
-0.10193
0.43298
-0.029419
0.079468
0.27997
0.29626
-0.097229
0.11688
-0.078491
-0.013977
0.029846
-0.022278
-0.0023193
-0.015198
0.11304
-0.0072632
0.85791
-0.082703
-0.097473
0.032288
-0.043335
-0.02533
0.10547
0.032471
0.61627
-0.021729
0.14014
-0.080322
0.11218
-0.018005
0.043701
0.087463
0.034058
0.61139
-0.071167
0.15082
0.0014038
0.039673
0.0078125
-0.039734
-0.017334
0.15576
0.021545
0.42169
-0.028381
0.46399
-0.096741
0.062073
0.0067749
-0.0056763
-0.037842
-0.030212
-0.0019531
0.10565
0.09668
-0.016724
0.86407
-0.083191
0.1662
-0.019531
0.015808
-0.022766
-0.0083008
-0.012085
0.030823
-0.015137
0.55908
0.063293
0.32727
-0.081787
0.030579
-0.027161
0.094666
0.014771
0.074707
-0.05304
0.054749
0.89709
0.044495
0.13562
0.70251
0.02655
0.18738
0.044434
0.0016479
-0.07019
0.0042114
-0.020752
0.055786
-0.031494
-0.0039063
0.075684
-0.022827
0.11615
-0.067444
0.17358
-0.0057983
0.79504
0.037781
0.16125
1.0322
-0.06604
-0.011963
0.046326
-0.0047607
-0.069885
-0.036926
-0.018921
-0.03241
0.20862
0.12115
0.37079
-0.098145
0.016602
0.14081
0.30914
-0.12311
0.20062
-0.0081177
-0.048889
0.080688
0.4585
0.18396
0.29108
-0.050232
0.057983
-0.00024414
-0.047791
-0.06781
-0.18762
-0.037292
0.018494
0.053162
0.098511
0.39917
-0.084595
0.6048
0.050537
-0.047913
-0.13147
0.032532
0.050415
0.035217
-0.064087
0.50275
0.12366
0.23834
0.25635
0.24048
0.20709
0.0062866
-0.071228
0.24585
0.23743
-0.03595
0.18146
-0.017334
0.098816
-0.020508
-0.0448
1.189
-0
-0.049561
-0.014587
-0.01825
0.037109
-0.0015259
0.022461
-0.047424
0.071167
0.023071
0.14893
0.047119
0.6748
0.016663
-0.00054932
0.08728
-0.015625
-0.01178
-0.0057983
-0.012573
0.55475
0.044861
0.22455
-0.062683
0.24982
-0.017761
0.045776
0.029297
0.45648
-0.05719
0.12921
0.043335
0.013428
-0.010864
0.24017
-0.031494
0.055298
-0.027649
-0.072937
1.2651
0.0057983
-0.16199
-0.020874
-0.051086
0.070984
-0.015442
0.012268
0.028015
-0.067139
0.030884
0.28247
0.040344
0.45996
-0.0040283
0.2851
0.012878
0.073547
-0.071106
0.76758
-0.026184
0.018494
0.054016
-0.096985
-0.043213
0.075989
0.0043945
0.011536
0.020325
0.0066528
0.0018311
0.016235
-0.0014648
0.03186
-0.026123
0.03772
1.1127
-0.13269
-0.090515
0.020142
-0.1026
0.089417
0.054749
0.3822
-0.0099487
0.46039
-0.048767
0.074463
-0.020752
-0.1261
0.034973
0.20654
-0.045593
0.025818
0.35748
0.14606
0.054077
0.43842
-0.074585
-0.040649
0.023682
-0.081482
-0.046753
-0.042603
0.26532
-0.084534
-0.13617
0.41144
0.068115
0.0028687
-0.015442
0.80377
-0.06488
0.20935
0.081848
0.059509
-0.025391
0.043457
0.08136
0.027283
-0.035034
0.0023804
0.052673
0.01947
0.028992
0.062866
0.0042114
1.0792
0.0073853
-0.049561
0.18378
0.28809
-0.18323
0.53235
0.057617
0.21942
0.074707
-0.018433
-0.013794
-0.028687
-0.015503
0.062927
0.05188
0.040039
1.2349
-0.077698
-0.10364
0.021729
-0.10052
0.96112
0.080383
-0.0021362
0.047668
-0.019104
0.0019531
0.12164
0.060486
-0.043152
-0.017883
0.71191
0.12384
-0.048157
-0.15198
0.16425
0.06958
0.10004
0.049133
0.052368
0.0056152
-0.0026245
0.77795
0.00042725
0.045471
0.037903
0.0979
0.0049438
0.051941
-0.031128
-0.015015
-0.06604
0.0033569
-0.01532
-0.053467
0.046082
0.11517
0.013977
0.73419
-0.1167
0.24072
-0.013916
0.0063477
-0.017029
-0.020081
0.013672
0.29346
0.06543
0.15179
-0.087891
0.50861
0.044006
0.085205
-0.042053
0.011108
0.010437
0.58356
0.0019531
0.4552
0.025574
-0.070862
0.047913
0.019592
-0.048889
0.6264
0.31421
0.031921
0.12897
-0.023987
-0.048828
0.026672
0.048767
-0.087524
0.018494
-0.11597
0.09613
0.58612
0.065186
0.010437
0.034302
0.34052
-0.031921
0.066833
0.17615
-0.055359
0.60132
0.065979
0.31091
-0.0025635
-0.041382
0.054138
0.74939
0.015076
-0.17767
-0.050598
0.15735
0.11871
0.15222
-0.02948
-0.049316
0.022217
-0.028748
-0.023315
0.13745
-0.014038
0.78845
0.011902
0.043457
-0.069702
0.051086
0.049438
0.070007
-0.016724
-0.034912
0.089294
0.0090942
-0.042725
-0.072754
0.043091
1.1042
-0.022034
-0.061707
0.067017
-0.019653
-0.099609
0.019958
0.030273
0.021973
0.83789
-0.021973
-0.10083
-0.052429
0.93207
-0.0095825
0.086975
0.04541
0.021729
-0.039429
0.027222
0.047546
-0.0015869
0.44324
-0.08374
-0.085388
0.061829
0.20447
0.045166
0.35156
-0.022888
0.018494
-0.016602
0.036255
0.029419
-0.095337
-0.17993
-0.14362
0.017456
-0.0849
0.11414
1.0424
0.029358
0.033325
0.0093994
-0.0095825
-0.050171
0.017578
-0.10626
-0.00091553
0.34192
0.024292
0.66663
0.017883
0.021973
0.064331
-0.035828
-0.015625
-0.0025635
0.089844
0.02124
0.10767
0.014893
0.16632
0.00177
0.31641
0.022644
-0.036926
-0.041931
0.12524
-0.0089722
-0.0019531
0.022644
-0.039734
0.0021973
0.16125
0.0029907
0.59906
0.049438
0.19641
0.017822
-0.038757
0.0040894
-0.064453
0.037842
0.022034
0.01178
0.076599
0.087097
-0.12164
-0.0056763
1.0311
0.12903
0.14404
-0.00091553
0.362
0.0041504
0.28326
-0.00048828
0.076782
0.015076
0.013733
0.060913
-0.023804
0.053955
-0.094666
-0.00012207
0.083069
0.079834
0.067993
-0.056213
0.53839
-0.010742
0.98383
0.046448
0.019104
-0.025757
-0.11951
0.023621
0.039856
0.039551
-0.008606
0.036926
-0.057617
1.1639
-0.010254
-0.10803
-0.011658
-0.044006
0.086182
0.014282
-0.0055542
-0.025391
-0.11633
-0.013733
-0.0079346
0.07605
0.038391
0.55511
0.011841
0.26233
0.18701
-0.085144
0.10248
-0.0073853
0.016663
0.7522
-0.016174
0.047852
-0.0037842
-0.015808
0.14142
-0.059692
0.03894
-0.044556
-0.039734
-0.0031128
0.050781
0.088501
0.086975
-0.14703
1.1837
0.032532
0.0081787
0.84528
-0.026489
-0.0023193
0.034668
-0.0012817
0.029419
0.091919
0.010437
-0.025757
0.0055542
0.021912
-0.042114
-0.035522
0.0046387
-0.013855
-0.0055542
0.86938
0.14777
0.024414
-0.056152
0.014893
0.54803
-0.00012207
0.15015
0.010437
0.084106
0.022888
0.095276
0.078491
0.033875
-0.026062
-0.038513
0.017883
-0.12689
0.085266
-0.018188
-0.10345
0.074036
0.84271
0.24725
0.013306
0.013794
0.55035
0.20496
0.08844
0.00012207
0.074158
0.053589
0.021606
-0.022583
-0.036072
-0.021851
0.038574
0.030212
-0.054871
-0.050537
1.0247
-0.017395
-0.045227
-0.027832
-0.030029
-0.0054321
0.12799
0.039307
-0.17035
-0.14545
-0.0016479
-0.11743
0.93994
-0.095947
0.026917
-0.10284
0.035522
0.10052
0.64136
-0.029175
0.32422
0.014343
-0.076538
-0.056763
0.99091
0.0020752
0.022827
-0.015015
0.035156
0.051819
0.019287
0.052734
-0.02832
0.060791
0.049744
-0.13702
-0.022095
-0.00036621
0.077881
0.070496
-0.08606
1.0137
-0.030334
0.23523
0.19214
0.031738
0.42834
0.023987
0.027405
0.15881
0.052734
-0.0065308
0.00024414
0.8338
0.037537
0.091919
0.032532
-0.1413
0.043152
0.13715
0.0010376
-0.010803
0.016357
-0.023315
-0.0033569
0.018738
0.020569
-0.01947
-0.047241
-0.012085
0.078003
-0.068176
1.0577
0.33063
-0.051208
-0.085327
0.17651
0.020325
0.15308
0.15302
-0.029236
0.0012817
0.0037231
0.26709
-0.14594
-0.044922
0.31061
0.01709
-0.0098267
0.18604
-0.013123
0.2254
-0.058899
0.0055542
-0.079224
0.53973
0.051208
0.16522
0.083069
0.40216
-0.11578
0.092285
-0.072998
-0.089417
0.19128
-0.13593
0.20123
0.7793
0.023682
0.10999
0.016174
-0.017151
0.054871
0.12933
0.039856
0.68127
0.090088
0.032837
-0.080994
0.071777
0.04187
0.023987
-0.0032349
-0.029907
0.020203
0.036682
-0.025696
-0.059509
0.11255
0.075378
0.63019
0.20935
0.075562
0.31427
0.014404
-0.11115
0.18536
0.13733
0.036133
0.40826
-0.023682
0.026062
0.049744
0.71777
-0.022827
0.3114
0.050476
-0.083984
-0.0024414
0.30518
0.022156
-0.018127
0.03009
-0.1037
0.083679
-0.056519
0.022705
-0.0079346
-0.012695
-0.0046997
-0.16064
0.01947
1.0932
0.02063
0.023926
-0.018311
0.037537
0.038025
0.054077
-0.035828
-0.1499
1.1446
-0.019836
0.0053101
0.0093994
-0.068848
-0.035461
-0.031921
0.11523
-0.016846
-0.080811
1.2339
-0.03833
-0.013672
1.0878
0.028931
-0.015869
0.027039
-0.0060425
-0.071594
-0.057068
0.014893
0.064697
-0.1261
0.055359
0.021606
-0.10913
0.10205
1.2372
-0.036194
-0.090881
-0.04425
-0.085022
-0.0018311
-0.028503
-0.026428
0.027954
-0.040588
0.098572
-0.010803
0.87378
0.05835
-0.070679
0.02887
0.069946
-0.060547
0.015381
0.015015
0.016541
0.060486
1.0969
-0.020203
-0.07074
0.19666
0.54327
0.070679
0.11041
-0.0064087
0.076538
0.054321
0.037659
0.059509
-0.031982
-0.019653
6.1035e-05
0.0046997
-0.068604
0.0030518
-0.057434
-0.053467
0.58752
-0.026855
0.42395
0.016968
0.015381
-0.077698
-0.040894
0.064819
1.1518
0.038208
-0.032349
-0.029663
-0.1037
0.01178
0.17224
-0.16486
0.31378
0.44183
0.072998
0.17065
-0.016846
0.032043
-0.0010376
0.17871
0.2052
0.09668
0.08783
0.20435
0.03009
0.20099
0.048584
-0.095215
0.033386
0.8692
0.0027466
-0.060852
-0.038696
-0.0050049
0.1001
0.13086
0.097351
-0.035767
-0.044312
-0.062073
0.0057983
-0.020935
0.03656
0.053955
0.30017
-0.022766
0.88452
0.012695
-0.078857
-0.0053101
-0.0045776
-0.0089111
0.0036621
-0.0015869
0.10541
0.069031
-0.012634
1.3306
-0.036438
0.015869
0.072937
0.080261
-0.028748
0.087769
0.0061035
0.1106
0.89325
-0.015015
-0.10223
0.086975
0.12982
-0.051575
0.76587
0.1087
-0.0096436
-0.056946
-0.021179
-0.041565
-0.021057
-0.036499
0.016113
0.018616
0.092712
0.080933
-0.15558
0.04895
1.1826
-0.045532
-0.063538
0.18823
0.20557
0.069885
0.42029
0.17505
-0.075684
-0.084717
0.046753
-0.063232
-0.037415
-0.081787
0.098938
0.20142
-0.11298
0.11737
0.42462
0.35126
0.077393
0.25531
-0.031006
-0.11383
-0.015076
0.13281
0.042786
0.015686
0.97058
-0.0056763
-0.13745
0.0023193
-0.04895
-0.013184
-0.028992
0.092224
0.050659
0.049622
1.084
-0.022766
0.024475
0.047729
-0.030823
0.010803
0.13367
0.23407
0.052917
0.32001
-0.027893
-0.065857
-0.0075684
-0.041321
0.01123
0.13715
0.0271
0.15833
-0.026917
0.16058
0.028992
0.41785
-0.014954
0.23383
-0.028809
-0.024536
0.034241
0.0072632
0.057129
-0.0056763
0.43018
0.0018311
0.52667
0.20984
-0.12036
0.13055
0.26703
0.1012
0.1087
0.15613
0.11902
0.30304
0.047974
0.1366
-0.030151
0.58575
0.0064087
-0.011047
0.036499
0.16199
-0.061279
0.38959
-0.016663
0.042297
0.0065918
0.020691
0.12073
-0.0056152
0.5
0.055664
0.30017
0.09375
-0.041626
0.0065308
0.032532
-0.080505
0.12006
0.35461
0.029846
0.2594
0.078064
0.33105
0.0448
0.031067
-0.02771
0.8808
-0.019226
-0.082214
0.047668
-0.0097656
0.09845
0.19397
-0.018799
-0.10406
-0.02124
-0.0027466
-0.024109
0.13165
-0.0053711
0.58783
0.050842
0.17029
-0.024048
-0.0078735
0.038696
-0.1366
0.16467
0.0081787
-0.14563
0.045654
0.45526
-0.02301
0.87378
0.04657
-0.15765
0.0448
-0.071472
0.21832
0.18323
-0.0028076
0.26007
0.18744
-0.11786
0.50977
-0.10767
0.066406
-0.061035
0.42151
0.097839
0.12421
0.033264
0.33057
-0.0081787
0.26563
-0.058899
0.13873
-0.033203
0.20398
0.12665
0.12616
0.065369
0.2403
-0.075867
0.14044
-0.061157
0.22791
0.20496
0.036316
0.4035
0.1344
-0.023743
0.065186
0.094238
-0.0038452
0.032532
-0.065735
1.0477
-0.037048
-0.10199
0.022644
-0.017395
-0.0021362
0.0091553
-0.029785
-0.032166
0.10095
-0.012268
-0.072083
0.093872
0.072998
0.96185
0.040771
-0.2019
-0.198
0.18762
-0.12482
0.033447
0.017151
1.0268
-0.074585
0.011902
0.0029907
-0.029114
0.094055
-0.037598
0.0401
-0.0072632
0.051758
-0.15033
-0.019226
0.015259
0.10352
0.045898
0.70343
-0.03595
0.15491
-0.011597
-0.033936
0.57733
-0.0020142
0.033264
0.034485
0.035278
0.081848
-0.031799
-0.013428
-0.021362
-0.052734
-0.012573
-0.00085449
-0.11096
-0.029114
0.096802
0.076172
1.1859
-0.055298
0.020691
-0.040222
0.037048
-0.055054
0.075989
-0.052307
0.90094
0.01593
0.025818
-0.033508
0.8642
0.0023193
-0.0019531
0.099731
0.050232
-0.0093384
0.041138
0.025452
0.010193
0.041199
0.082214
-0.056274
-0.093262
-0.10742
0.11017
0.020874
0.62872
-0.033813
0.16418
0.08551
0.70569
0.0031738
0.11298
0.058167
0.011414
0.018921
0.0080566
-0.013794
0.047058
0.28638
0.22046
0.0578
0.35608
0.15143
-0.042114
0.094849
0.016052
0.052917
-0.035461
0.12091
0.11761
-0.033875
0.25842
0.19342
0.12274
0.23169
0.082214
0.049927
0.028442
0.050537
0.026794
0.00097656
-0.054932
0.16718
-0.063171
0.14215
-0.035095
0.79486
-0.058044
-0.063477
-0.053833
-0.13715
-0.037048
0.031616
1.0168
-0.035706
0.19989
0.097656
-0.072937
0.58704
-0.071838
-0.04425
0.03656
-0.08197
-0.050049
0.13965
-0.0090332
0.044434
0.038269
1.02
0.06073
-0.016663
0.089172
-0.15082
0.012878
-0.05365
0.043152
-0.081726
-0.05365
0.00018311
-0.010132
0.17566
-0.017944
0.40326
-0.036072
0.42963
0.0065918
0.12531
-0.02063
-0.038269
0.03894
0.00073242
-0.050598
0.64545
-0.030151
0.28674
-0.0065918
-0.042297
0.015015
0.15546
0.85602
-0.0578
0.045837
-0.040833
-0.021423
-0.0097046
0.00354
-0.013794
-0.046692
-0.028076
0.75458
0.010925
0.24139
0.026855
0.042603
-0.067444
0.060913
-0.0079346
0.008606
-0.026794
0.12622
0.6192
-0.082275
0.14349
0.065125
0.1601
-0.016541
-0.031494
-0.021606
-0.019348
-0.067444
-0.088074
-0.014404
0.067627
0.040588
0.046509
0.043274
-0.092468
0.90979
0.81299
-0.03241
0.12268
0.074036
-0.13538
0.032043
0.04718
-0.01355
0.022339
0.0085449
0.12384
0.0057373
-0.0979
0.17877
0.29492
-0.010254
0.082642
0.041626
0.17792
0.038147
0.076599
-0.00067139
0.27496
0.093323
0.082886
0.075439
0.22229
-0.00042725
0.10522
0.026672
-0.018616
0.94977
-0.046936
0.04187
-0.0020752
-0.012329
0.021545
-0.027893
0.023743
-0.0068359
0.035034
-0.10577
0.084045
1.0682
-0.014954
0.011536
0.058167
-0.012451
0.034668
-0.042419
-0.045227
0.10944
0.43738
0.078674
0.29694
0.00091553
0.22485
-0.0020142
0.031555
-0.070801
-0.029541
0.013672
-0.017029
-0.01239
0.031494
-0.00067139
0.018616
0.97955
-0.0067139
0.045288
0.24988
0.16101
-0.049072
0.42993
0.10925
0.034912
-0.0066528
0.028381
-0.052551
0.051758
-0.010254
1.1412
-0.04657
-0.1543
0.032166
0.034668
0.077026
-0.047913
0.022583
0.039368
-0.017822
-0.017212
-0.070435
-0.010986
0.014526
0.032898
-0.044617
-0.070435
0.96313
-0.0015259
0.049072
-0.032227
-0.10999
0.041809
0.0091553
0.65601
0.026978
0.26703
0.10889
-0.05365
-0.013611
-0.017151
-0.027039
0.042542
0.049316
0.098877
0.0079346
0.95227
-0.090027
-0.053711
0.21301
0.20441
-0.055542
0.50446
0.17615
-0.029053
0.035278
0.047119
-0.051941
0.025879
0.68738
0.058289
-0.14545
0.039978
0.15326
0.015991
0.28088
-0.0028076
-0.011658
0.019348
0.073792
0.031006
0.0084229
0.037598
-0.15057
1.2549
0.044189
-0.17285
0.093994
0.28192
0.63391
-0.010681
-0.14832
0.033264
0.2146
0.061523
0.33917
-0.03479
0.055603
-0.021484
-0.15253
0.03241
0.046265
-0.04425
0.76178
0.0098267
0.15582
-0.016724
-0.11981
0.051514
0.069824
0.0022583
0.1275
0.024353
0.18134
0.35822
0.46289
0.0057373
-0.012451
-0.033508
0.051453
0.046448
0.076355
-0.012268
0.19519
0.12915
0.31104
0.089722
0.0050049
-0.081665
-0.070984
-0.00054932
0.86359
0.071899
0.090271
0.017639
0.0079346
-0.031128
-0.027222
0.042419
0.070007
-0.044861
0.038269
0.035767
0.02594
1.0754
0.024597
-0.097656
0.065491
-0.19446
0.088562
0.0095215
0.31561
0.062744
0.30908
-0.035461
0.32123
-0.038757
0.045776
0.0026855
-0.0061646
0.7666
-0.046082
0.02948
0.080444
0.058594
0.051697
0.020325
-0.035522
0.050659
-0.0071411
0.012634
-0.028992
-0.013794
-0.04541
0.087524
-0.0082397
-0.068726
1.1299
-0.018738
0.0080566
0.03595
0.57111
-0.033569
0.1944
0.014282
0.17133
-0.0029907
0.034119
-0.029785
0.0030518
1.0725
-0.010071
-0.041565
0.036865
-0.031006
0.027771
0.051697
-0.0079956
0.018921
-0.034851
0.049988
0.012085
-0.017029
0.023254
0.31873
-0.052429
0.63507
0.12604
0.097778
0.21698
0.12506
-0.083557
0.76447
0.030579
0.040588
0.088013
0.068726
-0.072937
-0.069397
-0.036133
-0.018616
0.13837
0.00018311
-0.017151
-0.033264
0.060303
0.038086
0.14789
0.10107
0.056702
0.020996
-0.062134
-0.10443
0.059875
-0.015076
0.12592
0.022095
0.88733
0.013977
-0.0095215
0.011047
0.016479
-0.027161
0.054016
0.23932
-0.0031738
0.15649
0.016357
0.58392
0.023132
0.076721
0.095276
-0.012512
-0.10608
0.44727
0.0042114
0.27533
0.24347
0.45276
0.47192
0.11365
-0.016846
0.08783
0.019165
0.09314
0.27478
0.07251
0.017151
-0.035583
0.15851
0.77063
-0.079712
0.0043945
0.31299
0.0098267
0.044678
-0.053467
-0.00048828
0.032166
-0.013611
0.0093994
0.064148
0.027466
0.12024
0.026184
0.13232
-0.034363
0.56024
0.072021
0.022583
1.1885
-0.071472
-0.055237
-0.066101
-0.01532
0.055481
-0.082458
-0.014832
0.016907
-0.070984
0.10748
0.27087
-0.14868
0.7016
0.05304
-0.032532
0.051697
-0.081543
0.024048
-0.10162
-0.075073
0.017822
0.093994
-0.038269
0.0020752
-0.10516
-0.064331
-0.025269
1.2185
0.42773
0.049072
-0.069763
-0.16522
0.15869
0.023926
0.19659
-0.17657
0.37952
0.033569
-0.0032959
0.048706
-0.030579
0.7674
0.033142
0.032776
0.0040283
-0.075012
-0.017517
0.01178
-0.043945
0.87616
-0.015686
0.09845
0.095276
-0.014526
0.045288
-0.060974
-0.038757
0.059143
-0.066223
1.0125
0.014343
-0.015442
-0.010681
0.0054321
-0.015625
0.01178
0.00012207
-0.0070801
-0.044617
-0.013245
0.064453
-0.027161
0.76831
0.043884
0.19885
-0.037659
0.037048
0.006897
0.014099
-0.0075684
-0.025208
0.0028076
0.0047607
-0.065552
-0.045715
0.99597
0.12744
-0.080078
-0.086548
-0.052307
0.042725
-0.086548
0.076965
0.038269
0.028259
-0.017822
0.99866
-0.0078125
0.11957
-0.090393
0.099548
0.68481
0.10504
0.091431
0.071899
0.096558
-0.070557
-0.068665
-0.052185
0.018188
0.032593
-0.060852
0.76111
0.041016
0.2179
-0.012939
-0.016602
-0.010376
