-0.0053711
-0.026367
-0.065247
-0.058044
-0.045105
0.44128
0.1076
0.32489
0.013428
0.21191
0.047791
-0.0078735
0.22192
-0.0026855
0.27966
-0.016235
0.36676
0.008728
0.041687
0.021606
0.049683
0.0057373
0.00012207
-0.055237
0.030884
0.26678
-0.030945
0.11316
-0.093018
0.69397
0.0079956
0.034119
0.030273
0.083984
-0.054626
-0.063599
-0.0091553
0.057556
0.067993
0.95929
-0.045044
0.051025
0.026733
0.046997
0.0020752
0.69647
-0.048218
0.14545
0.03833
-0.089417
-0.032104
0.091736
0.016052
-0.050537
-0.029968
0.55707
-0.016235
0.54675
0.098328
0.016907
-0.011047
-0.014709
-0.03064
0.055542
-0.020813
0.1109
0.031372
0.83771
0.011108
-0.074219
0.50891
0.021912
-0.013184
0.13098
-0.019958
-0.0080566
0.07666
0.077881
-0.015381
-0.01825
-0.0098877
0.055725
0.032104
0.012268
0.018005
0.21912
-0.044006
0.0060425
0.033447
0.46594
0.38885
0.0045776
-0.10046
0.5899
-0.020203
0.005127
0.047058
-0.013794
-0.050293
-0.0049438
0.22046
0.03186
-0.0050049
0.68744
-0.13318
-0.015076
0.090393
-0.04834
0.0082397
0.051941
0.36499
-0.010254
0.046021
0.17072
0.1427
0.17603
0.38318
-0.070313
0.075378
-0.016296
-0.041138
-0.005127
0.060913
0.044617
0.031189
0.1228
-0.013245
-0.063721
0.11224
0.79651
0.17151
-0.12225
-0.11359
0.33618
-0.07489
-0.00036621
0.10767
0.17889
0.69598
0.026184
0.038574
-0.019592
-0.02124
0.5246
0.55798
0.072144
0.11627
0.011108
-0.097229
-0.010742
-0.02832
0.02478
0.32996
-0.073425
0.55634
0.050171
0.11346
0.040466
-0.063232
-0.052795
0.10016
0.003418
0.31873
-0.016724
0.11176
-0.018311
0.36542
0.047729
0.083191
-0.02948
0.084045
0.28235
0.032043
0.39807
0.16858
-0.083313
0.022522
0.022034
-0.036072
-0.00091553
0.019348
-0.078491
-0.014038
0.030457
-0.055603
0.056458
0.028503
-0.013123
0.24127
0.73309
-0.07135
0.034912
0.15771
0.043335
0.5379
0.012451
0.21564
-0.0039063
-0.090515
-0.065857
0.060669
0.11414
-0.011353
0.88684
-0.038513
-0.057068
0.027405
0.0057373
0.023193
0.01825
-0.02948
-0.1087
0.51575
0.11499
0.26819
0.0039063
0.23602
-0.0032959
-0.020203
-0.087524
0.067078
0.026184
-0.059448
-0.087585
0.08905
-0.1311
0.031433
0.68756
0.014709
0.30695
0.087219
0.18842
0.027527
0.27142
0.32367
-0.0045166
0.23163
0.055176
-0.0084229
-0.027222
0.92255
0.021057
-0.035034
-0.055237
-0.099854
-0.0023804
0.15173
0.037292
-0.037903
0.00085449
0.18298
-0.043274
0.023071
0.49902
0.2229
0.023132
0.11279
-0.021606
-0.017639
0.048218
0.16968
-0.011963
0.030701
-0.060486
0.049622
0.057861
0.13556
0.00073242
0.5849
-0.080566
-0.010132
0.97681
-0.00079346
-0.0022583
0.016724
-0.013977
-0.0081177
0.041931
0.028687
-0.012329
0.13983
0.008728
0.19244
0.010742
-0.064209
-0.045532
0.22607
-0.045898
0.47083
-0.082825
0.03302
0.0040894
-0.0073853
0.024536
-0.01886
-0.13684
0.032288
1.0882
-0.080994
-0.056763
0.02594
-0.013977
-0.12378
0.49805
0.44189
0.075562
0.1225
-0.050781
0.032532
-0.014893
-0.019226
-0.017761
0.39929
-0.12103
0.61353
-0.072388
0.27136
0.16901
-0.0062256
-0.059143
-0.0029297
0.085815
0.052856
0.0054321
0.01886
0.58612
0.018555
0.44965
0.063049
0.048767
-0.030518
0.023438
0.27502
0.11444
0.45923
-0.040283
0.14301
-0.010681
-0.066284
-0.073608
-0.0043945
0.020813
0.5661
0.053833
0.17578
-0.1474
0.26666
-0.057434
0.1286
0.18054
-0.018677
-0.096191
0.089417
-0.11517
0.020203
0.058838
0.0012817
0.047852
0.096619
0.58704
-0.059692
0.94379
-0.014282
0.071045
0.019409
-0.034729
0.027588
0.046997
0.016479
-0.0085449
0.0092773
0.10657
-0.024658
-0.0060425
0.003479
0.049866
0.014893
0.63867
-0.037964
0.39783
-0.068481
0.15192
0.015869
-0.032043
0.40887
0.065186
0.31476
-0.13306
0.16748
0.15002
-0.064026
0.016968
-0.019531
0.073975
0.0044556
0.059692
-0.063782
-0.033813
0.079163
0.90448
-0.017273
0.94434
-0.014771
0.04657
0.008667
-0.034729
-0.033081
-0.034668
-0.023499
-0.0033569
0.29224
-0.02356
0.014832
0.11017
0.10315
0.32776
0.33789
-0.17664
0.041443
-0.098999
-0.01593
0.046875
0.65308
-0.10883
0.28613
0.05127
0.18188
0.00024414
0.049622
-0.0046997
0.040527
-0.055298
0.00177
0.017395
0.1958
-0.017883
0.19012
-0.058533
0.095764
-0.050659
0.077759
-0.0061035
-0.040833
0.010315
-0.035767
0.1217
0.039307
-0.11432
0.93079
0.050537
0.012024
0.060059
-0.035767
-0.089417
0.042297
-0.017944
0.056091
0.7475
-0.083435
0.29401
0.037537
0.035034
-0.021545
-0.040344
0.032349
0.18951
-0.013
0.77435
-0.03009
0.15436
0.044739
0.047424
0.027893
-0.084534
0.051697
0.48462
0.11926
0.54919
0.11322
-0.085205
-0.074768
-0.016785
-0.039307
0.019104
0.02533
0.16663
-0.037109
0.86322
0.016968
-0.072205
0.1579
0.0054321
0.47797
0.055359
0.071289
-0.025452
0.26202
-0.018921
0.15405
-0.0053101
0.063538
-0.028076
0.1629
-0.02063
0.28925
0.018005
0.38367
0.0026855
0.023315
0.038879
0.60352
-0.031921
0.16571
0.21454
-0.045044
-0.010742
0.27081
0.057129
0.063782
0.019775
0.0039673
0.0026245
-0.0030518
0.003479
-0.035583
0.078918
0.022217
0.38074
0.090332
0.37573
0.033264
0.014099
0.055908
-0.068909
-0.14227
1.0701
-0.028137
0.051636
0.11774
-0.053406
0.10077
0.0079346
-0.033447
-0.04071
-0.087952
0.045959
-0.017944
0.0080566
0.6427
-0.0060425
-0.0802
0.024658
0.037598
-0.10156
-0.018311
0.32379
0.024353
0.088318
0.33197
0.24707
0.37408
-6.1035e-05
-0.084045
0.16022
0.23297
0.049194
0.12024
-0.016296
-0.023315
-0.0032959
0.95618
-0.01886
0.062561
0.22516
-0.13983
0.15564
0.017578
-0.065002
-0.20721
0.0578
0.18903
-0.072388
0.21313
0.26245
0.013367
0.11182
0.057007
0.084229
-0.0448
0.1413
0.0026245
0.089661
-0.097107
0.10107
0.60455
-0.031738
0.15192
0.021362
-0.0054321
0.046875
0.012268
0.076965
-0.049622
0.059875
0.073425
0.1189
0.064392
0.067139
-0.052368
0.81989
0.068115
0.016479
0.4549
0.043823
0.39044
0.042969
0.096375
0.0039673
-0.11444
-0.044373
-0.069458
0.083923
-0.14038
0.18573
0.55768
0.069275
0.32745
-0.060547
0.30432
-0.020813
0.16821
0.37811
-0.01709
0.39587
0.10468
0.039856
0.0018921
0.13885
-0.11615
0.036438
0.055237
0.6225
-0.013794
0.32483
-0.083069
0.038269
-0.099731
0.12787
0.051941
-0.11987
0.013977
-0.059082
0.050903
0.017944
-0.039551
0.3316
-0.029724
-0.074707
0.027954
0.66333
0.16742
0.0224
-0.10767
0.67059
-0.036072
0.0096436
0.085388
0.016357
0.10028
0.0036011
-0.1214
0.53693
0.010254
0.26746
0.12317
0.041931
-0.0048218
0.059265
-0.068909
0.016541
-0.05011
0.029236
0.5177
0.0070801
0.10242
0.010559
0.19379
-0.019287
0.053589
-0.0018921
0.11505
0.021667
0.64642
-0.090271
0.21814
-0.031189
0.38934
0.035461
0.040955
-0.10022
0.17767
-0.066895
0.054871
-0.046875
-0.043335
0.06311
0.13373
-0.0095825
0.10583
0.020142
0.15967
0.027954
0.06604
1.0053
-0.058167
-0.03186
-0.02356
-0.01123
-0.032349
-0.0073242
-0.0093994
0.040649
-0.065918
-0.040405
0.010681
0.050964
0.084229
0.54047
-0.052734
0.83832
0.024109
-0.005188
-0.092407
0.015869
-0.036682
0.83905
0.040344
0.30353
0.03949
-0.044067
0.020203
0.049866
-0.066406
-0.04718
-0.0028687
0.079346
0.064148
0.97339
-0.0039673
-0.018799
-0.070068
0.068298
-0.0042114
0.12988
0.46765
0.020996
0.26178
0.064026
0.03064
-0.0026245
-0.01001
0.083069
0.32404
-0.12433
0.76373
0.079224
0.085632
0.066895
-0.025146
-0.048584
0.0070801
0.060425
-0.037109
0.0061646
0.55066
-0.030701
0.16125
-0.023804
0.24408
-0.00354
0.076294
0.47021
0.020142
0.52209
0.14526
-0.068787
-0.044128
-0.020447
-0.071594
0.032104
0.072693
-0.0054932
0.57642
0.0021973
0.064575
0.013733
0.23401
0.025757
-0.02301
-0.016602
0.043579
0.052979
-0.025452
0.57306
-0.04834
0.2616
0.062256
0.14648
0.083191
0.029785
-0.10773
-0.12177
-0.11029
0.040039
0.00018311
0.94861
0.036377
0.21521
0.0084839
-0.14008
-0.027161
-0.057251
0.12762
0.016785
0.78009
0.067444
0.048462
-0.014832
0.0083008
-0.025635
0.10388
-0.080505
0.089539
0.078613
-0.082336
0.15491
0.23956
-0.044006
0.24969
-0.0026245
0.067505
-0.0056763
-0.086914
-0.0089111
-0.073486
-0.031067
-0.06311
0.022949
0.0448
0.76672
0.030884
0.96735
-0.11938
0.0087891
0.03418
0.086487
-0.02478
-0.086182
-0.10046
0.013855
-0.046448
-0.019958
0.0092163
0.085571
0.019836
0.84692
0.048767
0.20404
0.11517
-0.19122
-0.045837
-0.019043
0.013977
-0.039978
-0.022217
0.35236
0.064941
-0.022095
0.13983
0.60382
0.069153
-0.021729
0.14459
0.64508
0.26636
0.13165
0.02124
0.01355
-0.017517
-0.0039673
-0.07196
0.0043335
0.17865
0.0020142
0.53271
-0.020508
0.33002
-0.013184
-0.022095
-0.015198
0.086487
-0.0059814
0.26642
-0.090149
0.16962
-0.058655
0.28687
0.025757
0.10248
0.16418
0.043823
-0.013123
-0.050598
-0.087646
0.71191
-0.020081
0.25647
0.020386
0.022888
-0.036682
0.80444
0.023804
-0.10516
0.058655
-0.010437
-0.021423
0.30566
-0.067749
-0.011902
-0.024048
-0.011353
0.87585
-0.041809
0.057861
0.041748
0.082336
-0.046143
0.02594
0.074646
-0.013
-0.16785
-0.017822
0.00036621
-0.020691
0.063232
0.29321
-0.0079956
0.69934
0.081299
-0.1236
-0.084839
0.13605
0.050354
-0.0055542
0.063293
0.22095
-0.034241
1.0315
0.034363
-0.046936
0.17554
0.014099
0.42511
-0.1192
0.41528
0.063354
0.24829
0.095825
0.024841
-0.14429
0.052856
0.0046387
0.24615
0.13239
0.42493
-0.11664
0.26013
-0.030945
-0.014343
-0.043945
-0.066956
0.018555
-0.0018311
0.018799
0.0072632
0.3269
-0.018921
0.64001
0.063721
0.07019
-0.012512
0.028748
-0.059753
-0.10223
-0.0029907
0.17932
0.060974
0.75153
-0.022583
0.039001
0.43018
-0.23309
0.06311
0.43744
-0.026733
-0.073181
0.3009
-0.020142
0.036133
-0.0036621
0.86578
0.075256
-0.12201
0.10443
-0.098145
-0.12177
0.26917
-0.017151
-0.085876
0.045227
-0.019043
-0.0019531
-0.11261
0.16516
0.53369
0.0056152
0.41614
-0.064392
0.075378
-0.013916
-0.070435
0.032043
-0.1225
0.88733
-0.017151
0.038391
0.08136
-0.09845
0.030396
0.074707
-0.010498
0.046875
0.18396
-0.027344
0.70685
-0.0089111
0.056702
0.046814
-0.037537
0.064697
0.027893
0.020264
-0.042786
0.029541
-0.00042725
0.17487
0.0089722
0.84827
0.00097656
-0.06012
-0.056274
0.046509
0.14893
-0.050781
0.0053711
-0.12097
0.14569
-0.086853
0.30634
0.0672
-0.026367
-0.017395
-0.0015869
-0.01123
-0.017517
0.16217
0.05072
0.72119
-0.072876
-0.016846
0.23645
-0.046936
0.97461
0.18524
-0.16779
-0.058838
0.072571
-0.013916
-0.085571
-0.060242
0.06781
-0.017517
-0.049988
-0.055664
0.008606
-0.057495
0.01532
0.075806
1.0074
0.059875
0.76703
0.051331
0.15863
0.16064
-0.1601
0.047974
0.14191
-0.062988
-0.07666
0.065491
-0.057312
-0.013733
0.012695
-0.023926
0.043396
0.15631
0.056335
0.073364
0.51978
-0.014771
6.1035e-05
-0.029297
0.011597
0.078308
0.022339
0.23853
0.0090332
0.71906
0.015625
-0.079712
-0.14526
0.10461
-0.012024
-0.03363
0.80444
0.13519
0.25513
-0.041016
-0.25232
-0.086243
0.033936
-0.029541
-0.1123
0.052124
0.36017
-0.046448
0.17218
-0.048889
0.15912
0.09198
0.074707
0.053711
0.36554
-0.057007
0.037476
0.11469
0.19806
0.066772
0.075623
-0.00030518
-0.053772
0.0010376
-0.020081
0.015503
-0.024597
0.046875
-0.049255
0.77087
0.185
-0.092346
0.54163
0.086243
0.048157
0.041504
0.075134
-0.038391
0.31366
0.033875
0.11371
-0.03363
0.033325
0.0023804
-0.0031738
0.01239
-0.0083008
0.20868
0.022522
0.054138
0.075623
0.70844
-0.020874
0.068604
-0.036194
0.065491
-0.018127
0.00091553
0.027954
0.14417
-0.029236
0.9563
-0.067139
-0.059265
-0.0073853
0.92694
0.0049438
0.087158
-0.026733
0.075317
0.0060425
-0.041687
0.023621
0.42395
-0.0019531
0.42792
0.12433
0.027039
-0.074097
0.026245
-0.025696
0.0084229
0.049255
0.027527
-0.038635
-0.0013428
0.074097
1.0171
0.066528
-0.015747
0.051697
0.0054321
0.012268
0.010254
-0.019104
-0.094666
0.05481
-0.11597
-0.038513
0.16034
-0.08313
0.85223
-0.10706
0.03241
0.085571
1.1335
-0.045044
0.026062
-0.095642
0.013855
-0.014343
-0.048645
0.021423
0.98578
-0.019714
-0.075928
-0.00054932
-0.0062866
0.01239
0.017151
0.033569
0.012756
0.22699
0.26801
0.013184
0.42737
0.14642
-0.026917
0.059326
0.071106
-0.032959
-0.036926
0.044922
0.26611
0.051208
0.9621
-0.11108
-0.037292
-0.072266
-0.059082
-0.020691
-0.016846
0.047546
0.039063
0.084167
0.7041
0.062439
0.02887
0.0032349
0.11444
-0.024963
0.092712
-0.070374
-0.018982
-0.049805
0.10028
0.02478
1.0787
-0.026001
0.074097
-0.03064
-0.10992
-0.03833
0.041809
-0.026306
0.0012817
0.041016
0.30841
-0.064453
0.27332
-0.013367
0.46405
-0.0092773
0.029785
-0.00036621
0.0026855
-0.0014038
0.067505
0.062744
0.97919
-0.03772
-0.060486
0.034302
0.016724
-0.018066
0.040344
0.058044
0.15527
-0.038147
0.15564
-0.12421
0.73511
-0.012939
0.023376
0.24243
0.021729
0.10449
0.010498
0.10571
-0.019409
0.13495
0.061768
0.13995
0.29254
-0.0079956
0.47485
0.17987
-0.032776
0.013123
0.044006
-0.049316
0.017822
-0.10468
-0.056396
-0.056213
-0.056335
0.042786
0.63794
0.003479
0.08905
0.24365
-0.054016
-0.093018
-0.0075073
-0.0077515
-0.031555
-0.044617
0.082947
-0.033386
0.091553
0.12103
0.90094
-0.00097656
-0.075745
-0.053345
0.92206
-0.20197
0.015625
0.018311
0.10901
0.31134
0.065125
-0.023071
-0.0062866
-0.047607
0.0050049
-0.019531
0.016052
-0.049744
1.0526
-0.064026
-0.090454
-0.045105
0.027466
0.024292
0.057312
-0.031189
0.20667
-0.086853
-0.038147
0.048462
0.82892
0.17218
0.14246
0.090088
0.69177
0.0070801
-0.05957
-0.040833
-0.017029
-0.068054
0.017639
-0.036682
-0.048584
0.2077
-0.029358
0.14459
-0.0224
0.25256
-0.075073
0.12622
0.033691
0.50427
-0.022522
0.058228
0.20245
0.053589
-0.017395
0.1662
0.019714
-0.057861
0.014832
0.43793
-0.077454
-0.10437
0.11554
0.083862
0.0068359
0.28955
0.015503
0.071411
0.042969
-0.054871
-0.16498
0.10083
0.035278
-0.078552
0.70166
0.037842
-0.036804
0.040955
0.032959
0.0059814
-0.038879
0.039734
0.088989
0.023254
-0.013184
0.027771
1.1545
-0.031921
0.024658
-0.087891
0.030518
0.0016479
0.033691
-0.0044556
0.11749
-0.034302
0.66199
0.077209
0.051575
0.026367
0.071899
0.5307
0.027283
0.42249
0.034668
0.032593
0.027466
0.054932
0.017395
0.25262
-0.098145
-0.0084839
0.59943
0.15619
-0.015808
0.19647
0.058655
-0.034668
-0.048706
-0.10522
0.0020752
-0.024658
0.012695
0.060303
0.47186
-0.069641
0.49164
0.0048828
-0.14703
0.18048
-0.066467
0.082336
1.1191
-0.071533
-0.0030518
-0.084656
0.020203
0.12958
0.012329
-0.014587
0.87903
0.057068
0.098999
0.069519
-0.017822
-0.028198
0.028931
-0.0050049
0.051819
0.040344
0.70618
-0.15155
-0.039001
0.25299
0.13788
0.013855
-0.047668
-0.081482
0.042847
0.013855
-0.0057373
-0.0092773
-0.00024414
0.0067139
-0.095703
-0.035461
0.25647
-0.13263
0.79846
0.02887
-0.032898
0.46887
-0.039978
0.53241
0.052551
0.18341
-0.014404
-0.035034
-0.034912
-0.051575
0.15381
-0.099182
0.86829
0.029663
0.031494
0.044922
-0.00067139
0.069641
-0.0083008
0.047302
0.0076294
0.023865
0.017883
-0.016113
-0.085632
-0.047974
0.02417
-0.030273
0.88501
-0.070496
0.025024
0.036011
0.062988
0.11426
0.95416
0.024475
-0.0032959
0.039978
-0.066284
-0.064453
-0.0040283
-0.018677
0.061035
0.080139
1.0822
0.060364
-0.13025
-0.061218
-0.071777
-0.06189
0.08551
0.015564
-0.038391
0.035034
0.22266
-0.025085
0.89404
0.14514
-0.067444
0.016602
-0.028748
0.69171
0.04187
-0.041138
0.066589
0.17426
0.03894
-0.021912
0.031067
0.041809
0.099792
0.12476
0.11658
0.27588
0.15234
0.33643
0.041138
-0.061157
-0.010376
-0.00354
0.01825
-0.0042114
0.005249
-0.0023193
0.17523
-0.017456
-0.0054321
0.081726
0.6712
0.82886
-0.088257
-0.033203
0.22876
-0.081055
0.084106
0.12616
-0.0026855
-0.072388
0.031555
0.093323
-0.033691
0.93164
0.011658
-0.056274
0.014221
0.14789
-0.027954
-0.014099
0.042725
0.061096
0.76733
0.033264
0.059814
0.067444
-0.035522
-0.019592
0.032715
0.037964
0.007019
-0.015991
-0.016418
0.017883
0.0098267
-0.02832
0.17096
-0.01001
-0.10046
-0.03772
0.78845
-0.0029907
-0.011963
-0.033203
-0.001709
0.02832
0.29218
-0.031616
0.69885
0.15973
-0.048584
0.044434
0.97601
0.035522
0.075439
0.087769
-0.045227
-0.027039
-0.027222
-0.020691
0.072327
-0.12933
-0.040405
-0.036255
0.017334
-0.038696
0.99603
0.0025024
-0.050598
0.12622
0.19745
0.71014
-0.047546
-0.0012207
0.05304
-0.09259
0.014343
0.044922
0.013916
0.0041504
0.0054932
0.059753
-0.047729
-0.029236
0.062073
-0.015442
0.57861
0.015015
-0.078979
-0.0029297
0.40277
0.014038
-0.05365
-0.098206
0.048645
0.015747
1.0334
0.096802
0.020813
0.030701
-0.055298
0.20978
0.053101
0.17584
0.18878
-0.0014648
0.22491
0.23218
-0.0063477
0.035461
-0.067749
0.093933
0.07428
-0.0018921
0.44312
0.039734
0.016724
0.082031
0.096497
0.14392
-0.012756
0.37103
0.08905
-0.12
0.15125
-0.079407
0.38245
0.1214
0.012756
0.12036
0.0099487
0.7215
-0.0061035
0.025696
-0.012451
-0.019775
-0.030273
0.20795
0.016296
-0.10046
-0.036316
-0.0093994
0.079895
-0.028625
0.54462
0.29303
0.015503
0.16882
-0.013672
-0.012512
-0.028259
0.027527
0.15851
0.011841
1.0413
-0.010315
0.0043335
-0.087158
-0.018127
-0.11108
0.0024414
-0.029175
-0.028137
-0.020569
0.00177
0.0224
0.41797
-0.015015
0.63617
0.01062
-0.059937
-0.067017
0.10657
0.094116
0.21436
0.35455
0.0065918
0.23553
0.013
-0.005188
0.012085
0.059509
0.022888
0.69434
0.053467
0.14966
-0.065125
0.18481
-0.05896
0.017639
0.047729
0.047668
0.028748
0.20532
0.12885
0.19257
0.077881
0.42273
0.01239
-0.0042725
-0.011292
-0.00091553
0.085388
0.063904
-0.033142
0.12335
-0.05249
0.012573
0.13373
0.72351
0.027954
-0.087341
0.072693
0.064636
-0.019348
0.00061035
0.87885
0.0067139
0.35571
-0.052124
-0.050049
0.011047
0.07135
0.0048218
0.017395
0.018311
-0.081909
0.023193
-0.086243
-0.077637
0.95941
-0.015686
0.016418
0.70422
0.0040894
0.13019
-0.061096
0.19507
-0.040771
0.014404
-0.0031128
0.081909
0.97375
-0.028748
0.0038452
-0.026611
-0.056274
0.0079346
-0.035095
0.026917
-0.017578
0.36359
0.13989
0.016174
0.15033
0.043457
-0.063904
0.095581
0.057434
-0.0056763
0.020508
-0.013306
-0.0039063
-0.12482
0.017029
0.05304
0.94159
-0.02124
0.18433
0.031006
-0.022095
-0.054749
0.058411
-0.069214
0.10797
0.073486
1.053
-0.044067
-0.085205
0.10498
-0.08551
0.34729
-0.30322
-0.15845
0.15668
-0.046814
0.043091
0.17102
0.11987
0.61078
0.075439
-0.071838
0.043701
-0.068604
0.098206
-0.075195
0.79553
-0.12439
0.072754
0.11835
0.021423
-0.089111
0.005188
-0.14026
1.2092
0.045349
-0.014038
0.066162
-0.026184
0.029846
-0.024475
0.020081
0.0059204
-0.023926
-0.015625
0.026123
0.16058
0.039429
0.87604
-0.034302
0.028992
-0.0025635
0.023926
0.098022
-0.066711
0.54932
0.0095215
0.11322
0.09259
0.36603
-0.040649
-0.038208
0.053711
0.068481
0.085388
0.67041
0.014709
0.23889
-0.0057373
-0.14911
0.023315
0.15515
0.066833
0.0040283
0.060974
0.15222
0.0088501
0.17157
0.044434
0.17108
0.0056763
0.014404
0.031494
0.020142
0.037231
-0.022888
0.37341
-0.022339
0.015137
-0.0085449
0.60846
0.60461
0.11548
-0.059753
-0.11902
0.28229
-0.023621
0.16229
0.027283
0.0032959
-0.0072021
0.94336
0.003479
0.031616
0.046997
-0.12689
0.015808
0.24542
-0.11554
-0.012512
-0.032837
0.25348
0.088562
-0.1015
0.25378
0.10461
-0.026123
0.19641
-0.0021362
0.051392
0.023193
-0.065735
-0.015076
-0.02478
-0.010864
0.050232
0.030273
-0.047913
0.14801
-0.028748
0.73126
-0.039917
1.1156
-0.024658
-0.062866
0.014099
0.023621
0.06543
-0.057434
0.025269
0.09845
-0.0028076
0.038452
0.26733
-0.085388
0.62463
0.04303
0.27051
-0.032471
0.025024
-0.015991
0.27924
0.074768
0.079834
0.32086
-0.027039
-0.089722
0.087524
-0.039246
0.024109
0.092163
0.15643
0.50336
0.074402
0.23779
0.12952
-0.019775
-0.037598
0.043396
0.017151
-0.10052
-0.034973
0.021667
0.037903
0.1131
0.055664
0.91809
0.065186
-0.046875
0.21307
0.18292
-0.047607
0.38397
-0.019775
0.3844
0.089417
0.13531
0.073608
0.026978
0.084595
0.08844
0.13708
-0.023193
-0.0177
0.0098267
-0.059021
0.42352
0.063904
0.042725
0.65778
-0.068542
0.022888
-0.0057373
-0.22021
0.048401
-0.098328
1.0652
-0.13123
0.11945
0.18768
-0.0036011
0.11963
0.64264
0.029785
0.10406
0.17194
-0.093323
0.07074
0.0090942
0.0073242
-0.012146
-0.00024414
1.1509
-0.052612
-0.20264
0.071777
0.033203
0.065552
-0.036621
0.0099487
-0.0043335
0.052734
0.038574
0.77997
0.062988
0.084167
-0.0095825
0.034851
-0.0045166
-0.091492
0.019714
-0.10498
0.0031128
0.015076
0.011475
0.029114
-0.035278
-0.049072
-0.092285
-0.037842
1.0851
-0.034668
0.047241
-0.023804
-0.038025
0.71912
0.026001
0.32996
0.0053101
0.050903
-0.052856
1.1203
-0.096924
0.0025635
0.017517
-0.22949
-0.016785
0.23444
0.012329
0.0088501
0.033447
0.016785
-0.031372
-0.086121
0.1087
0.039001
0.88544
-0.033325
0.22339
-0.021973
-0.075439
0.23199
0.082275
0.29974
-0.038574
0.063599
0.00030518
0.26727
-0.030518
0.17102
-0.0078735
-0.062866
-0.082825
0.0271
0.036621
0.018127
0.17725
0.059265
-0.12079
0.89087
-0.028259
0.51147
0.079163
-0.017517
0.020569
0.026978
0.11719
0.22516
0.060425
0.0087891
-0.023315
0.050354
-0.02063
0.77032
0.1167
0.11591
-0.050354
0.10779
-0.041016
-0.12714
0.017395
-0.088806
-0.065796
-0.0024414
0.097839
0.014221
-0.0048828
0.050049
-0.011963
0.017578
1.0522
-0.0021362
-0.098145
-0.11615
0.11328
-0.072266
0.018066
-0.00018311
0.056213
1.0114
0.10742
-0.021606
0.028442
0.3302
-0.13672
0.26489
0.14453
0.34125
-0.1275
0.16833
-0.032349
0.015503
-0.017944
0.13306
-0.0076294
0.56763
0.0073242
0.2691
0.03186
0.082397
-0.008728
-0.083923
-0.042847
0.08551
-0.04126
0.03595
0.05658
0.015747
0.01355
0.89636
-0.025574
-0.012451
0.12054
-0.069397
1.0605
0.076416
0.012878
-0.040161
0.07251
-0.11035
-0.042358
0.017761
0.0018311
-0.11469
-0.019653
-0.040771
0.080688
-0.048279
0.017578
0.63257
0.13654
0.89502
-0.082947
0.014771
0.083008
-0.21429
-0.034058
-0.031677
0.0093384
-0.059448
-0.029053
0.0021973
0.0041504
0.34668
0.071655
0.37579
-0.016357
0.23846
0.011841
-0.056458
-0.03479
0.28857
0.024292
0.052429
0.2218
-0.011841
0.28839
0.25513
0.14398
0.15259
-0.086853
0.69604
-0.049622
-0.0098267
-0.1474
-0.0043335
0.017151
0.22961
-0.077271
0.019043
-0.018616
-0.050903
-0.040833
0.16223
-0.06665
0.6853
0.069824
0.2923
-0.034729
-0.0014038
-0.0029907
0.029724
-0.026306
0.11804
0.15558
-0.075928
-0.0043335
-0.11096
0.061768
0.77777
-0.060303
-0.029175
-0.10742
-0.071045
0.012695
0.095459
0.98859
0.13696
-0.25354
0.055237
-0.061951
0.03717
0.013306
0.12494
0.03186
0.48059
-0.074463
0.32062
-0.0012817
0.072937
-0.0088501
-0.013428
0.027283
-0.10114
-0.10028
0.082397
0.083679
-0.021606
-0.091675
-0.039612
0.92157
0.64154
0.026367
-0.027466
0.077759
0.19385
0.021484
0.21863
0.0078125
-0.056152
-0.0013428
-0.0095825
0.0028687
0.020691
0.041992
-0.056091
-0.074585
-0.0085449
0.30664
-0.094849
0.56708
0.005127
-0.02594
-0.07605
0.0018921
-0.01062
0.93445
-0.045044
0.13385
0.12769
-0.033386
0.04071
-0.015991
0.0033569
-0.010376
-0.0401
0.32062
0.13452
0.20874
0.30359
-0.035645
0.75806
0.047241
-0.015808
0.023071
0.097961
0.04248
0.20184
-0.045166
-0.0095825
0.041748
-0.021667
0.039001
0.0032349
-0.053406
-0.03125
-0.0047607
-0.013489
0.031738
0.049011
0.89935
-0.036865
0.92151
0.081909
0.095581
0.045654
0.0014038
-0.1405
0.010986
-0.0039673
-0.02533
-0.12164
0.0066528
0.26465
0.17365
0.2215
0.059631
0.25635
0.06073
0.17993
-0.049561
-0.0057983
0.10645
0.018982
-0.031616
0.0080566
0.24976
0.047058
0.88983
0.039429
-0.036133
0.079407
-0.0041504
0.49078
-0.089478
0.39008
0.023193
0.33423
0.0093384
0.047363
-0.013489
-0.070923
0.90131
0.026672
-0.093933
0.12689
0.035339
-0.012878
-0.077881
0.055054
0.12451
-0.016479
-0.0014038
0.35071
0.055237
0.44385
-0.0032959
0.30127
-0.011292
0.0048218
-0.0029907
0.68243
0.054626
0.016113
-0.056213
0.050354
-0.037292
0.28931
0.010498
0.0075684
0.08667
0.2475
0.13989
-0.012756
0.18646
0.059265
0.21051
0.24567
0.035706
0.029968
-0.016357
-0.061035
0.064636
0.14771
-0.003479
0.41595
-0.017639
0.26263
-0.041565
0.12732
-0.020264
-0.030823
0.077026
-0.15015
0.03595
0.00024414
0.75336
-0.12408
-0.043213
-0.2016
0.16779
0.33771
-0.035645
0.35052
0.043701
-0.08728
0.054443
0.1781
0.056946
0.024292
0.055664
-0.066895
0.027039
0.22559
-0.077209
0.64185
-0.02655
0.27545
0.10217
0.061829
-0.10138
0.012329
0.037842
0.13513
-0.01123
-0.050903
-0.011353
-0.058411
0.099182
1.0432
0.24152
-0.11047
-0.068481
-0.053101
-0.01593
0.085876
0.34247
-0.025757
0.64319
0.081787
-0.046997
-0.039551
0.035461
-0.016602
0.060242
0.048889
0.97595
0.052429
0.10687
-0.037109
0.062195
-0.061951
0.06897
0.60468
-0.038635
0.41974
-0.031067
0.086182
0.073853
-0.11676
-0.026245
0.58752
0.065125
0.088379
0.20599
0.062317
-0.12811
0.18958
0.098022
-0.044434
0.024109
0.10382
0.077332
0.059265
0.22925
0.11719
0.23663
0.27136
0.023682
0.037415
-0.029602
0.077087
-0.077515
0.045532
-0.071045
0.047913
0.0075684
0.092712
0.091736
0.74799
-0.020325
0.19958
0.11493
0.077515
0.16083
0.040955
0.11865
0.12506
0.14795
0.0625
0.028809
0.27344
0.036499
-0.03717
0.17444
0.12598
0.0026855
0.30426
0.032104
0.22693
-0.0065918
0.0045776
1.0594
-0.11206
-0.15686
0.023499
0.024353
-0.010498
0.0040283
0.0089111
0.0038452
0.090393
-0.0053101
-0.023132
-0.02832
0.035278
0.35101
-0.041321
0.086853
0.041504
0.63306
0.061951
0.053467
0.62079
-0.032776
-0.17761
-0.014832
0.064026
-0.16937
0.10345
0.20819
-0.0063477
0.037659
-0.034424
-0.021851
0.022705
-0.023376
0.011169
0.466
0.0071411
0.48438
-0.02771
-0.0081177
0.017029
0.072449
0.042603
-0.10846
0.07373
1.1962
-0.047546
-0.063416
-0.019287
-0.1521
0.1106
0.38361
0.42371
-0.0064087
0.15125
-0.035461
-0.073303
-0.034607
0.46893
0.068481
-0.0037842
-0.06842
0.20215
-0.0079346
0.25659
0.0054932
0.070374
0.026611
-0.08429
0.017212
0.34656
0.00061035
0.56702
-0.027832
-0.03717
0.03656
-0.071106
-0.029358
0.041687
-0.036072
-0.0672
0.0049438
-0.076721
-0.029175
0.040283
0.0071411
0.98187
0.012024
0.064575
0.11633
0.18036
0.39948
0.09375
-0.030579
0.10297
0.071594
0.10175
-0.021423
-0.071106
-0.02594
0.49567
-0.0059204
0.60571
0.02417
0.05481
0.052551
-0.093018
-0.033752
-0.02063
-0.049194
0.0037231
0.10291
-0.012329
0.18793
0.07373
0.1156
0.98462
0.011292
-0.00177
-0.049927
-0.077942
-0.045593
0.044434
0.86713
0.10413
0.065369
0.005127
0.069214
-0.054138
0.021362
0.36407
-0.13654
0.24847
0.17078
0.35858
-0.049744
0.15631
-0.062195
0.16528
-0.038025
0.022583
0.0090332
-0.037964
-0.02478
0.11523
0.061768
0.44336
0.11206
-0.00061035
-0.24097
-0.021423
0.83728
0.039001
0.053955
0.074097
-0.039001
0.073303
0.036743
0.35895
0.0040283
-0.015503
0.6535
-0.042236
-0.060669
0.133
0.0020752
0.0032959
-0.042847
-0.059143
1.0438
-0.047119
0.0040283
0.043823
0.0068359
0.039307
-0.018188
0.033936
-0.047607
-0.017273
0.027161
0.25958
-0.02948
0.60187
0.11835
0.14606
0.0070801
-0.036133
0.024963
0.14929
0.12402
0.12097
0.046997
0.36334
0.020264
0.39783
-0.045715
0.0048828
0.036072
1.0668
0.0090942
-0.073486
-0.14392
-0.10602
0.020386
0.063599
-0.018066
-0.014893
-0.047485
-0.041748
-0.022034
0.20099
-0.015747
0.55084
-0.0089722
0.20117
0.0031738
-0.014587
-0.040588
0.040283
0.014893
0.012024
0.031555
-0.076233
0.18738
0.024414
0.0097656
0.10297
0.73035
0.48346
0.056396
-0.059387
0.20612
0.032837
0.032959
0.31476
0.037903
0.082275
-0.025757
-0.048828
0.026001
0.23779
0.028809
0.3443
0.075684
0.4165
-0.030762
0.058105
-0.042114
-0.020203
0.98914
-0.078003
-0.028442
0.0026245
0.025574
0.021729
0.043579
-0.0097656
0.0091553
-0.080933
0.041992
0.022278
-0.045471
0.0098267
0.20697
0.00091553
0.16785
0.024658
0.78949
0.034912
-0.05426
-0.064941
-0.042053
0.084534
0.025208
0.078979
-0.0092163
0.0053101
0.65302
0.11304
0.099182
-0.22559
0.19897
0.011108
-0.024536
-0.13489
-0.13599
1.2773
-0.043701
-0.04541
0.83478
0.083252
0.085999
0.081787
0.0025024
-0.0015869
-0.0072021
0.017456
0.020386
-0.020569
-0.0073242
0.044678
0.087952
0.047302
0.32251
0.070496
0.010864
0.41687
0.029297
-0.0026855
0.038574
-0.1427
0.067932
0.10449
0.083679
0.005127
0.054932
1.1428
0.040771
0.072632
0.16125
-0.015625
0.90082
-0.037903
-0.019714
0.044067
-0.060974
0.019043
0.069153
0.0177
0.10785
0.010864
0.82141
0.047607
0.065002
-0.0079346
-0.046509
-0.092896
-0.038818
0.18921
0.13379
-0.1427
0.45178
0.1344
0.07074
0.1214
-0.00048828
0.02594
-0.034485
0.038696
-0.0021973
-0.0073853
-0.057373
-0.0041504
0.1571
0.045105
-0.082397
0.92102
0.080994
0.038635
0.013916
-0.049927
0.15753
0.0059814
1.0385
-0.0068359
-0.085693
0.08606
-0.030762
-0.016785
0.016052
-0.030762
0.042969
0.017395
0.10284
-0.058899
-0.1225
-0.032104
0.90558
0.060364
0.022949
0.45648
-0.11182
0.16815
0.10175
0.32678
-0.12085
0.25024
-0.032532
-0.045471
0.025208
0.19006
-0.11481
0.13409
0.31573
0.26013
-0.019226
0.19171
-0.019104
-0.003418
0.012573
0.01123
0.011597
0.024658
-0.0036011
0.073608
-0.031433
0.34357
-0.00085449
-0.023376
0.020691
-0.055298
-0.092773
0.01123
0.18829
-0.024292
0.95465
-0.069275
0.055054
0.24176
0.04657
-0.10181
0.15594
0.077393
0.016296
0.185
0.11383
0.23767
-0.05542
0.20294
0.055786
-0.020935
0.75153
-0.052185
-0.008667
0.022644
0.02594
0.11487
-0.060608
1.1296
0.0067139
-0.040466
0.034607
-0.15948
0.069763
0.041321
0.063721
-6.1035e-05
0.031738
0.82324
0.17285
0.09906
-0.21143
0.084656
0.050049
0.2843
-0.056519
-0.0077515
0.0061646
0.27075
-0.018677
0.0032349
0.15021
0.35907
0.020813
0.18372
0.1228
0.038635
-0.037781
-0.014221
0.0026855
-0.02002
0.025208
0.044739
0.68933
0.023743
0.16876
0.044495
-0.018799
0.023376
0.073669
-0.0080566
0.010803
0.0078125
-0.12689
-0.0071411
0.97137
0.04541
-0.01178
-0.031189
0.08136
0.089172
-0.034851
0.044006
0.73871
0.086792
0.31012
0.049316
-0.063538
1.1833
-0.031372
-0.12183
-0.018738
-0.14673
0.12402
0.10516
-0.0023804
-0.030151
-0.030396
-0.044067
-0.029785
-0.027161
0.040955
0.031921
-0.047119
-0.0063477
1.0568
-0.0065308
-0.036194
0.033325
0.075195
-0.01709
-0.05365
0.015869
0.10388
-0.050659
0.074463
0.0062866
0.77075
0.019714
1.235
-0.02002
-0.14392
0.03186
0.0073853
-0.012451
-0.065369
0.027344
0.052368
0.019531
0.013367
0.053833
-0.0010986
-0.010925
0.068665
0.049561
-0.01709
0.069397
-0.0037231
-0.13519
-0.053711
0.072571
0.0067139
0.71448
0.043823
0.26837
-0.018433
-0.055786
-0.0046387
0.037292
-0.018738
0.10419
-0.045898
0.007019
0.023621
0.061035
-0.039001
0.93811
0.0030518
-0.043274
0.0089722
0.10651
-0.17621
-0.040955
0.15948
-0.034912
-0.060425
-0.040894
1.2053
-0.044556
-0.080811
-0.11792
0.83191
-0.0029907
0.077698
0.038574
0.11914
0.023315
0.085327
-0.02002
0.04895
-0.043945
-0.064209
0.041626
1.0582
0.075256
-0.12494
0.097839
0.1792
0.15808
0.05127
0.28772
-0.018555
-0.043091
0.29279
0.15454
-0.10394
0.1402
0.021729
0.59229
0.025818
0.10748
-0.033081
-0.054565
0.044067
0.18091
-0.031799
0.032532
-0.053162
0.051758
0.028931
0.15436
-0.029419
0.61133
0.067688
0.24005
0.0019531
0.01178
-0.032166
0.053162
-0.042358
-0.14063
0.0077515
0.63702
0.054871
0.41571
-0.060486
0.068298
0.015991
-0.020996
-0.0073242
-0.042847
0.015076
0.077698
0.44153
-0.016663
0.64087
0.046448
-0.0578
0.019897
-0.045898
0.085693
0.0025024
0.016418
0.55133
0.069946
-0.029175
0.34991
0.031372
0.07019
0.18274
-0.082947
-0.021301
0.022888
0.077637
0.014038
0.091125
-0.044434
0.88086
0.21252
0.82697
-0.095032
-0.055542
0.15375
0.024841
0.032959
-0.052368
-0.0065308
-0.053284
0.068787
-0.098938
0.073486
0.22943
-0.021729
0.33344
0.17975
0.11761
0.26929
-0.070557
0.16357
0.11963
0.00030518
0.14795
0.10132
0.13757
0.19977
0.0032959
0.064636
-0.037659
-0.031128
0.036438
0.082153
0.11487
0.094543
0.61536
-0.012085
0.15753
0.034851
0.59149
0.010498
0.088257
0.05603
-0.093628
-0.033997
1.1563
-0.04303
-0.077026
0.15057
0.13849
-0.091675
-0.080322
-0.1405
0.80389
0.072998
0.05072
0.13269
-0.11713
0.046265
0.055359
0.23688
0.82587
-0.10571
-0.093262
0.18231
0.027344
0.034363
-0.041626
-0.078064
-0.065247
0.0053101
0.84644
0.12555
0.042419
0.048584
0.010986
-0.14813
0.067383
-0.025024
0.0092163
0.077087
0.028809
-0.0042114
-0.038086
-0.0031738
-0.018799
0.068542
-0.033508
0.86487
-0.023682
0.084106
-0.055298
0.051697
-0.008728
-0.089783
0.034973
0.058533
0.095093
0.74634
0.011475
0.096985
-0.14825
0.23389
0.76416
0.098572
0.019775
0.054688
0.035706
-0.074829
-0.12579
0.43201
0.026184
0.028931
0.062317
0.057373
0.096985
0.28729
0.023926
0.085022
-0.032776
-0.015991
0.046387
-0.028442
-0.051453
0.016968
0.14008
0.020691
0.93304
-0.04425
-0.099915
0.94922
0.077942
0.013916
-0.07666
-0.11395
0.011902
0.14069
0.0045166
-0.0056763
-0.041992
0.04187
1.0345
-0.054321
0.032715
-0.073669
-0.013794
-0.035461
0.045715
-0.084106
-0.019653
-0.053955
0.0091553
-0.038208
-0.0032349
-0.015015
0.15656
-0.080383
-0.071167
0.77423
0.18262
0.38989
-0.33508
0.033081
0.61493
-0.010315
0.12421
0.19385
0.19379
-0.010559
0.064514
0.2821
0.041138
-0.099304
0.33173
-0.023682
-0.054565
0.10504
0.012146
0.15955
0.010925
-0.024353
-0.022888
0.10498
0.011108
0.53674
0.035828
0.2218
-0.03241
0.17682
0.014893
0.059509
-6.1035e-05
-0.12482
0.087402
-0.09967
0.71466
-0.032654
0.041138
0.05896
0.23541
-0.071655
0.021851
-0.056885
0.0048828
0.11444
0.036072
0.086609
-0.030334
0.70239
-0.073547
-0.0015259
0.013611
0.0062866
-0.014343
-0.053101
0.23468
0.017822
0.012146
0.057434
0.56775
0.014404
0.015808
-0.14508
-0.081604
0.10419
-0.19104
0.0354
-0.036682
1.2867
-0.044128
0.0038452
-0.026489
0.032898
0.021912
-0.042175
0.032898
0.03125
0.11432
0.65955
-0.040344
0.016724
-0.048889
0.02533
-0.092957
0.69342
0.036804
0.43939
0.018005
-0.00177
-0.070068
-0.041443
0.0072632
-0.042969
0.0036011
0.032959
-0.022278
0.0097046
0.094788
-0.096191
1.0956
0.012939
1.1312
-0.042847
-0.11633
-0.017334
0.010132
0.039063
-0.018066
-0.0066528
0.016296
0.024597
0.056824
-0.033508
-0.033813
0.15533
-0.00097656
0.056152
0.023804
0.66888
-0.090637
0.011963
0.020752
0.16437
-0.038269
0.71985
-0.056885
0.086914
0.024963
0.060913
0.065063
0.00048828
0.10095
0.35645
0.14075
0.27551
-0.046631
0.21918
0.079895
0.061035
-0.057434
0.0090942
0.079285
-0.030396
0.006958
0.0011597
0.4834
0.038452
0.45349
0.029663
-0.11115
-0.02478
-0.031433
0.024048
0.038452
-0.012939
0.039978
0.02417
0.91052
0.086426
-0.13257
0.77985
-0.019348
-0.15546
-0.058044
-0.016663
0.024719
0.23975
-0.048218
0.012817
-0.0015259
0.1427
0.17767
-0.083862
-0.093872
-0.2536
1.0485
0.040405
0.032532
0.16644
0.15649
-0.028992
1.1172
0.078491
-0.08728
0.050415
-0.096741
0.0026855
-0.010986
-0.024414
0.0075684
0.18793
0.48395
-0.0075684
0.13147
0.25897
-0.050293
0.02533
0.014771
-0.055603
-0.017944
0.69318
0.066345
0.19617
-0.074036
-0.00177
0.04425
0.18341
0.0022583
0.05072
-0.017029
0.70911
0.071411
-0.098511
0.021973
0.068848
0.019653
0.2323
-0.088074
0.05896
-0.017151
-0.088623
-0.081055
0.29248
0.28198
0.36169
-0.031494
0.25665
0.033081
-0.067322
-0.026245
0.29181
-0.1344
0.16254
0.38629
0.01178
0.1496
0.16821
0.21802
0.2403
-0.08075
1.0762
0.069824
-0.089172
0.0091553
-0.15417
0.071716
0.03894
0.11548
-0.016357
0.0050049
-0.051514
0.11029
0.24591
0.012878
0.29333
0.035461
0.33331
0.0073242
0.16144
-0.018127
0.11694
0.07135
-0.012939
0.78607
0.11591
-0.048889
-0.021362
-0.034485
-0.08374
0.04895
-0.077332
-0.054565
-0.04657
0.20361
0.081848
0.47992
-0.00042725
0.4964
0.12848
-0.067871
-0.03125
0.97589
0.046021
0.010437
0.050781
0.021118
-0.042175
0.048462
0.0095215
0.049316
0.00054932
-0.031006
0.41711
-0.068176
0.35278
-0.018066
0.30902
0.045349
-0.011475
0.043579
-0.047974
-0.017639
-0.027344
0.99194
-0.045959
0.012146
0.032166
0.0048218
0.056458
0.012512
-0.14374
0.077026
-0.035706
0.83582
0.091064
0.071472
0.043701
0.014709
0.019714
0.0354
-0.088257
0.024902
0.33624
0.039551
0.45538
-0.057434
0.16766
0.027588
0.094666
-0.067383
-0.023193
0.045288
0.071533
0.066528
0.60168
-0.011047
0.086975
0.045349
0.06488
0.033142
-0.063721
-0.088074
-0.051208
0.0076294
0.054688
1.0803
0.067017
0.0044556
-0.083679
-0.17358
0.55029
-0.0056763
-0.048645
0.11493
-0.047363
0.066895
0.26288
0.0022583
0.10492
-0.070251
-0.036316
-0.032593
-0.011597
-0.026123
-0.00054932
0.08252
-0.039124
0.11987
0.022583
0.87317
-0.056824
-0.11157
-0.15356
-0.18524
0.083923
-0.013123
0.044373
0.17194
1.1024
0.1076
0.1131
-0.048096
0.011597
0.96478
0.093506
-0.029419
0.079468
-0.053772
-0.11877
0.019226
0.15881
-0.10962
-0.0031128
0.76239
0.26654
0.12256
0.067017
-0.010803
-0.022766
0.017395
-0.073792
1.256
0.0045166
-0.10645
0.014038
0.021973
-0.045349
-0.0056763
0.016602
0.044861
1.1163
0.032715
-0.014099
-0.14948
-0.19421
-0.021606
0.10602
0.045776
-0.051331
-0.084961
0.030151
0.058533
0.23822
-0.0087891
0.12354
-0.067871
0.25568
0.054199
0.091309
-0.05365
-0.0078125
0.99628
0.023254
-0.019287
0.12494
0
-0.026611
-0.05127
0.0012207
0.089966
-0.055359
-0.022522
0.18774
-0.047485
0.57996
0.032349
0.26886
0.047974
-0.11432
-0.042114
0.12982
0.11957
0.033081
0.24146
0.54114
-0.003418
-0.048279
0.074951
0.034424
0.0012817
-0.03186
-0.010315
0.13623
0.13422
0.55652
0.012817
0.19
0.025085
-0.056702
-0.023682
0.01123
-0.028137
0.024902
-0.094849
-0.046448
0.0093994
-0.046143
0.10309
0.53101
-0.0031738
0.037598
0.080872
0.2915
-0.029297
0.65137
-0.027893
-0.12286
0.03949
-0.0095825
0.070557
-0.028259
-0.0096436
0.028442
0.026611
0.041443
-0.020874
0.020996
0.17041
0.089294
0.83777
0.78705
-0.17896
-0.028137
0.075378
-0.22784
-0.035767
0.10138
0.1098
-0.012268
0.051697
0.14465
-0.040466
0.17639
-0.023987
-0.06012
0.016296
0.086609
-0.035278
0.15265
0.54749
-0.029602
0.069702
0.00067139
0.0078125
0.00177
0.17773
0.00018311
0.2522
0.051697
0.61395
0.025452
-0.0066528
0.0085449
0.014893
-0.054626
0.79645
0.092773
0.159
-0.03949
0.072998
0.23151
0.12762
-0.022461
0.34497
0.0401
-0.021729
0.099426
0.018188
-0.0037231
-0.064575
0.37085
0.11841
0.55652
-0.14777
-0.12946
-0.19739
0.38263
-0.0060425
0.28943
-0.021484
0.80792
0.059631
0.021973
0.0036011
-0.074585
-0.033997
0.151
0.065002
-0.065735
-0.044495
-0.019714
0.081482
-0.070313
0.0090942
0.0095825
0.62787
-0.010681
0.29816
0.028442
-0.086975
0.76678
-0.046814
0.063477
0.099731
-0.08905
-0.03418
0.19446
0.0083618
-0.031799
0.033691
-0.073914
0.074097
0.16284
0.42432
0.32141
0.0802
0.015991
0.041138
-0.032532
-0.051208
0.02948
0.0081177
-0.019043
-0.0074463
-0.060791
0.078125
-0.10803
-0.00091553
-0.11487
0.85284
0.017151
-0.049927
0.0046997
0.047607
-0.017761
0.27606
6.1035e-05
0.44934
0.23633
-0.10443
0.065613
-0.090515
0.022827
0.71161
0.29266
0.030701
0.11578
-0.099609
-0.083252
-0.075806
0.086487
-0.044434
0.31183
0.13336
0.27643
-0.06543
0.34241
0.057617
0.11023
-0.0041504
-0.02179
0.89258
0.027039
-0.089966
0.091064
-0.034729
0.054199
0.084534
0.013245
0.024597
0.10162
-0.00073242
-0.0048828
0.011108
-0.020996
0.051392
0.042786
-0.066406
-0.039673
0.75928
0.05719
0.017822
0.26965
-0.043579
0.4071
-0.027771
0.35638
-0.0012817
0.062012
0.0081177
-0.070129
0.6889
-0.017395
0.22211
0.08313
0.035522
-0.017578
0.0095215
-0.024597
0.028992
0.50745
0.13147
-0.020142
0.29675
0.075073
-0.053467
0.2262
0.06134
-0.03833
0.019592
0.022339
0.10626
0.10315
-0.0036621
0.53009
-0.0071411
0.28784
0.010803
0.041687
0.013367
0.06189
-0.10999
0.048706
-0.008606
-0.045227
0.78326
0.076965
0.15363
0.13123
0.024536
-0.00177
-0.061523
-0.053528
-0.075867
0.69421
0.031189
0.25879
0.011169
-0.016052
-0.053772
0.003418
1.1834
0.012146
-0.088196
-0.022888
-0.10065
-0.0016479
0.014343
0.016113
-0.039307
0.032776
-0.051025
0.28436
0.063416
0.5451
-0.042603
0.19824
0.071777
0.057617
-0.0021973
-0.0401
-0.014343
-0.010254
0.068115
-0.067017
0.084534
-0.077454
0.0067139
1.0151
0.063477
-0.13763
-0.052368
-0.0039063
-0.032104
-0.011353
0.9472
0.032166
-0.10187
0.032715
0.18439
0.018555
-0.02771
-0.038086
0.0063477
-0.034851
0.082947
-0.01416
0.098389
-0.029053
0.77997
-0.035583
0.027893
-0.003418
0.035583
0.76355
0.013367
0.17377
0.0054932
0.076233
-0.028809
-0.0055542
0.012756
0.11053
-0.092529
0.038391
0.30072
0.042969
0.41101
0.056335
0.11481
-0.059143
0.075867
-0.081726
0.91888
0.027466
0.033386
0.06958
0.0094604
0.037292
-0.0050049
0.033997
-0.065735
-0.13715
0.39191
0.44562
0.068604
0.2373
-0.02948
0.098083
0.015076
0.029663
0.019958
-0.020752
-0.01709
0.12622
0.061218
0.11621
0.037842
0.58362
-0.12213
0.048035
0.072083
-0.05188
0.755
0.051575
0.053528
0.088684
0.02655
0.05365
0.014343
0.77368
0.12
0.11639
-0.035156
-0.16791
-0.0095215
0.2121
-0.15826
-0.0010986
-0.024841
0.06958
-0.076843
0.28064
0.17651
0.10083
0.17456
0.3819
-0.022583
0.026367
-0.05127
0.041504
0.075989
-0.10413
0.005249
0.014587
0.090698
0.043457
-0.049988
0.82104
0.018555
-0.089294
0.028625
-0.039673
-0.07074
0.10449
0.069824
0.034851
-0.064575
-0.086426
0.87341
0.90131
0.044434
0.034668
0.049255
-0.12158
-0.00067139
0.12567
0.050537
0.011902
-0.006958
-0.19
-0.085205
-0.072815
-0.041382
-0.026428
0.94965
0.088928
0.11554
-0.006958
-0.1579
0.22626
0.16248
0.0011597
0.24304
0.1983
-0.076599
0.1308
0.076965
0.061768
-0.059692
0.026001
0.0066528
0.88605
-0.056824
-0.15778
0.037964
0.0068359
-0.084717
0.041199
0.11792
0.095276
-0.097839
0.27161
-0.019775
0.14581
0.54114
0.40375
-0.057434
0.112
-0.18781
0.025146
-0.018555
-0.0039673
-0.047974
0.019592
0.081787
0.016968
0.28094
0.0073242
0.54834
0.18158
0.14954
-0.085632
0.40979
0.0079346
0.095093
0.07843
0.10724
0.17847
-0.024658
0.079346
0.0026245
0.45203
-0.00079346
0.097717
-0.11969
0.13312
0.011841
0.092651
0.023376
-0.053894
0.025635
0.67358
0.041321
0.20331
-0.034546
0.19098
0.032471
-0.053955
-0.06665
-0.084473
-0.12787
0.021545
0.01178
-0.10547
0.017822
0.016785
-0.067322
0.98114
-0.055115
-0.03186
0.12878
0.062866
0.072998
0.08905
0.71387
-0.065979
0.21698
-0.006958
-0.022522
-0.032532
-0.047852
-0.010925
0.031982
-0.027832
0.098816
-0.068726
-0.0064087
0.16003
0.63593
-0.043091
0.028381
0.79742
0.014282
0.085144
0.021729
0.10522
0.0066528
-0.028076
-0.0022583
0.075378
0.098816
-0.025085
0.80292
-0.022461
-0.043213
0.0071411
0.025635
0.033447
0.01239
0.0056763
0.48621
0.065369
0.39423
0.16895
-0.033264
-0.050537
0.068237
-0.072083
0.020447
0.25507
0.083252
0.033447
0.32861
0.15826
-0.061218
0.17206
0.09613
0.026672
-0.038208
0.05365
-0.14655
-0.096436
0.95471
-0.018555
0.14764
0.11072
-0.0036011
0.070007
-0.045837
-0.05249
-0.0070801
0.49414
0.0076294
0.29047
0.0057373
0.22491
-0.0055542
0.16864
0.080505
0.20624
0.10693
0.25244
0.059875
0.065308
0.08136
0.31824
-0.018494
0.038696
-0.026184
-0.045227
0.029541
0.019104
0.049133
-0.048828
0.11737
0.019531
0.77472
0.082214
0.032349
0.098145
0.097839
0.25995
-0.022461
0.24792
0.014465
0.30109
-0.01825
0.047058
0.039673
-0.015198
0.97583
-0.055725
0.029358
0.00048828
-0.015442
-0.016846
0.037109
-0.0070801
-0.048279
-0.04895
0.01355
0.85651
-0.0087891
0.1026
0.069641
0.031067
0.065918
-0.018372
-0.0078735
0.17255
0.038879
0.15729
0.26544
0.10577
0.20679
0.31488
-0.060181
-0.0046997
-0.028076
-0.045532
-0.00018311
-0.083313
0.24902
0.35754
0.00061035
0.23938
-0.031982
0.10492
0.011292
0.23816
0.25226
0.11407
0.37531
0.090393
-0.045715
0.081421
0.039246
-0.039368
-0.008728
0.086609
-0.098694
0.35638
0.035339
0.50623
-0.033325
0.19586
-0.025452
-0.0010986
-0.024597
0.066833
-0.051575
0.021362
0.015076
-0.0036621
-0.035461
0.03064
0.026978
0.69153
-0.044373
-0.023254
-0.022583
-0.068481
-0.0021973
-0.041077
1.3631
-0.17267
-0.22766
-0.084412
0.10449
0.55005
-0.045837
-0.047791
0.20819
0.020325
0.0042725
0.23608
-0.036194
0.034241
0.025146
0.017639
-0.0055542
-0.0019531
0.0092773
0.066284
0.013306
0.076294
-0.0031738
0.31158
0.072937
-0.021851
0.076233
0.021484
0.021057
0.020935
0.46637
-0.039246
0.42712
0.053772
-0.11584
0.048645
-0.0084229
0.60431
0.14484
0.0042725
-0.02417
0.17432
0.020508
0.0020142
-0.015808
-0.10938
0.026123
0.017822
0.044922
0.027344
0.14343
-0.048096
0.87164
0.02002
-0.045471
-0.038208
0.072998
0.015076
0.19171
-0.0029907
0.098511
-0.16473
-0.078369
1.1523
-0.035889
-0.03479
0.8576
-0.018372
0.11523
0.012268
-0.0029297
0.024231
0.015625
0.0054321
0.010681
-0.0056152
0.09137
0.0018311
-0.050232
-0.0060425
0.66333
-0.01001
0.093323
0.082336
0.18555
-0.032471
0.045837
0.01239
0.027527
0.015808
0.091003
0.013428
-0.071533
-0.0073242
0.87054
0.064026
-0.025513
0.047302
0.012573
0.015564
0.44366
0.084045
0.1236
0.41565
-0.11371
0.54547
-0.099548
0.20074
0.060913
-0.036499
0.024841
0.29187
0.011475
-0.011719
0.039246
-0.037964
0.021973
-0.075317
-0.036194
0.10321
0.032715
-0.019897
0.01532
-0.017029
1.1273
0.94476
-0.022766
0.018799
-0.038818
-0.10638
0.029663
0.12445
-0.028198
-0.050964
-0.0085449
0.10474
0.0048218
0.050232
0.023132
-0.033325
0.078613
0.020874
0.12488
-0.082581
0.64594
0.064148
-0.081116
-0.082825
0.76044
0.0092163
0.07373
0.047058
0.059204
0.059204
0.044067
-0.017639
-0.039246
0.0011597
-0.0063477
0.02002
0.028259
-0.021423
0.96289
-0.13385
0.0066528
-0.037231
0.019348
0.055786
0.064331
0.078857
0.75104
-0.0021973
0.19537
0.07666
-0.076233
-0.0098877
0.05127
-0.04248
-0.073181
0.041016
0.12177
0.036194
0.4176
-0.094543
0.56879
0.038879
-0.075439
-0.016785
-0.018066
-0.020386
-0.02124
0.030823
0.079163
0.021118
0.96173
0.24036
0.06012
0.41425
-0.07251
-0.0071411
-0.011597
0.38232
0.052124
-0.0089722
-0.053955
0.61035
-0.07196
-0.0059814
0.18555
-0.034729
0.045837
0.11298
-0.013367
-0.0073242
0.046753
-0.026855
0.024841
-0.022949
-0.0020142
0.023438
0.15985
-0.005127
0.93219
0.019836
0.046509
-0.028198
1.1165
0.011475
-0.08783
0.10608
-0.0066528
-0.0054932
-0.04187
-0.0010986
0.055664
-0.14386
0.040833
-0.026062
0.025024
0.10565
1.1335
-0.0092163
-0.056885
0.068176
-0.04425
0.065247
0.043945
-0.061829
-0.0045776
-0.03479
0.8479
0.050415
0.20667
-0.1084
0.13495
-0.038086
0.020874
-0.062561
-0.082947
0.0495
0.055115
-0.0095215
-0.11102
-0.20428
1.121
-0.014343
0.00073242
0.056885
-0.024597
-0.061401
1.1254
0.014038
0.046204
0.12268
0.046326
-0.019226
0.079529
-0.13342
0.30792
0.54755
0.062683
0.10974
-0.015747
-0.012207
0.0078735
0.060974
0.036133
0.095398
-0.018372
0.40283
-0.0043335
0.39087
-0.01355
0.049377
-0.029968
0.10223
0.13385
0.47418
0.027222
0.079285
-0.025208
0.19421
0.045898
0.18567
-0.0021362
-0.03833
0.0096436
0.32532
-0.099243
0.39911
0.021729
0.4671
0.0043945
0.093567
-0.048401
0.0098877
-0.026794
-0.092224
0.059387
-0.00030518
0.80652
-0.050964
0.16943
-0.059265
0.2204
0.044983
0.062439
-0.049072
-0.11469
0.029053
0.031311
-0.014221
0.010132
-0.045654
0.65594
-0.057312
-0.056091
-0.025391
0.075134
-0.032288
-0.059814
-0.020386
0.57916
0.048584
0.32611
0.075195
0.12567
-0.062256
0.008606
0.62274
0.0061646
0.03894
0.026428
0.13525
0.0038452
-0.067932
0.063232
0.55835
-0.090271
0.20184
0.071594
0.16882
-0.07428
0.10181
-0.057434
0.10992
0.041504
0.12134
-0.039856
0.087097
-0.016907
0.37042
0.053955
0.30243
0.0081787
-0.021667
-0.013489
-0.0076904
0.04187
0.019348
0.16553
0.020874
-0.015991
0.0098267
0.71851
0.03241
-0.051392
-0.053528
0.00354
-0.035706
0.12219
-0.022461
0.024109
0.13788
0.80621
0.10187
0.038269
-0.11743
0.19
0.19287
0.062805
0.12042
-0.042236
0.032288
-0.0056763
0.099792
-0.030823
0.077332
-0.0028687
0.54614
0.018127
0.23364
0.0015869
0.10785
0.013794
-0.023438
1.0532
-0.030151
-0.12
0.048584
-0.0090332
0.032166
0.032288
0.049377
-0.016235
-0.018799
0.21991
-0.019897
0.46088
0.16565
-0.017883
0.042603
0.096313
0.03363
-0.030945
-0.022217
0.0012817
-0.0177
-0.0088501
0.022949
-0.053711
0.011963
1.1771
0.081787
-0.079712
0.16937
0.77612
-0.02533
-0.085144
0.16187
-0.024292
0.035278
0.050537
-0.022217
-0.058289
0.09906
0.03833
-0.075195
-0.01593
0.014099
0.34216
0.14307
0.086792
0.50531
-0.12494
0.0070801
0.0043335
-0.049805
0.017639
0.00354
-0.10236
0.042053
1.199
-0.068359
-0.038635
-0.013
-0.023254
-0.00054932
-0.10883
0.031433
-0.071106
-0.010803
0.48169
0.051697
0.33081
