0.29016
0.019775
0.25342
-0.019836
0.01593
0.082275
0.10834
-0.0039673
-0.058899
-0.097351
0.070129
0.47278
-0.022278
0.46783
0.13171
0.021362
-0.034912
0.013184
-0.042053
0.031494
-0.0072021
0.02301
0.011108
-0.063782
0.010437
0.066345
0.005249
0.051208
-0.0089111
0.97015
-0.065552
-0.099487
0.21051
0.015991
0.0092773
0.21619
0.25775
-0.16986
0.94958
-0.089417
0.02655
-0.014771
-0.1355
-0.06134
-0.017944
0.93158
0.067993
0.17474
0.022766
-0.029968
-0.045715
0.76642
-0.031128
0.096924
0.066284
0.080322
-0.03894
0.057251
-0.021973
0.059692
-0.025085
0.035522
0.032898
-0.036133
0.014526
-0.007019
-0.018799
-0.046204
-0.11243
1.1711
0.020264
0.74402
-0.0050049
0.14386
0.071228
-0.014404
0.062927
0.088928
-0.023315
-0.041138
0.080933
0.077576
0.4718
-0.023376
0.18622
-0.046265
0.24823
0.010193
0.00018311
-0.0089111
0.066711
0.031616
-0.095947
-0.013245
-0.07312
0.034546
-0.072021
0.029663
0.99139
0.13171
0.15979
0.19128
-0.05072
0.81696
-0.033264
-0.073059
0.060547
-0.065918
-0.0049438
-0.013428
0.076599
-0.043945
0.072205
-0.055542
-0.018738
0.091736
0.036133
0.070862
0.6286
0.032654
-0.013184
0.024353
0.037415
0.013672
-0.044739
-0.033569
-0.048218
0.34845
-0.11499
0.58398
-0.0401
0.053467
0.67975
0.12457
0.25354
-0.03125
-0.023438
0.024048
-0.14893
-0.065857
0.012085
-0.079285
0.30414
0.11798
0.36169
-0.073547
0.31293
-0.0084839
0.13171
-0.07782
0.075439
0.049866
0.20111
0.085205
0.20142
-0.0088501
0.32294
-0.023804
0.08252
0.028564
0.026001
-0.03418
-0.28375
-0.18738
0.13885
-0.029602
0.045898
-0.01593
1.1359
-0.053223
0.13641
-0.00061035
0.058899
0.072449
0.14929
-0.025757
0.23047
0.033508
0.46362
-0.039795
0.22815
0.076599
0.22974
-0.1012
0.11023
0.16602
0.19055
0.22009
-0.0042725
-0.065002
0.18427
0.12988
0.043945
0.08075
0.084778
0.33533
0.14233
0.14587
-0.012268
-0.032898
0.022461
-0.06189
0.059692
-0.015015
0.046448
0.89233
-0.11981
0.040649
-0.060364
0.010803
0.0625
-0.051636
-0.042969
0.046509
0.025452
-0.055481
-0.013
0.046692
0.84546
-0.16113
0.031921
-0.033752
-0.1413
-0.0091553
0.12073
0.080872
-0.012024
0.19659
0.85492
0.051514
0.019104
-0.038757
-0.013794
0.026001
0.038696
0.86725
0.0067749
0.091492
0.040344
-0.029724
-0.014954
0.31696
-0.10406
0.64069
0.047546
-0.047424
0.11597
-0.059448
0.062012
0.073608
-0.0067139
0.057861
-0.01886
0.028503
0.039063
0.29614
-0.05011
0.074402
-0.15778
0.70972
0.034729
-0.077026
0.041626
0.0032349
0.89484
0.0065918
0.15918
-0.047913
0.097717
0.043762
0.079773
-0.016113
-0.037476
0.90588
0.018616
-0.049866
-0.025269
-0.07489
-0.024292
-0.0020752
-0.10382
0.2149
0.090881
0.14252
0.58905
0.010742
0.041565
0.03656
-0.0087891
0.0062256
0.023987
0.021179
0.17633
0.25201
0.47083
0.023865
0.0015869
0.070618
-0.079346
-0.043396
-0.094421
-0.034729
0.067871
-0.16235
0.098755
0.35388
-0.055664
0.063171
0.079712
0.23224
0.046021
1.0917
-0.054626
0.013428
-0.049133
0.07605
-0.089661
-0.039001
0.02002
0.023987
0.36523
0.19391
-0.016296
0.28333
-0.053955
0.016541
0.11969
0.12982
-0.032227
-0.068176
-0.018372
0.8623
-0.075562
0.044189
0.0065918
0.094727
0.0050049
0.013611
0.033447
-0.028259
-0.010071
0.068359
0.1618
0.21387
0.49921
-0.00054932
0.049988
0.099609
-0.013794
-0.056824
0.56287
-0.045837
-0.10303
-0.055054
0.20251
0.048401
0.21082
-0.037598
0.018738
0.00067139
0.0020752
-0.03125
0.22693
0.025391
0.18555
0.067078
0.34698
-0.044495
0.18011
-0.022766
-0.03125
0.0097656
-0.011719
-0.070923
0.0043335
0.063965
-0.048706
0.151
-0.0015869
0.73846
0.092224
0.030518
0.20087
0.11169
0.17792
0.12
0.41718
0.020386
-0.033752
0.0023193
0.020264
0.79596
-0.09729
0.13898
0.085754
0.040039
0.0053711
-0.0018921
-0.039856
0.055237
-0.11462
-0.031982
-0.077148
0.066162
0.097351
0.79639
-0.038086
0.24548
-0.014038
-0.041199
-0.056702
0.67358
0.029297
0.2934
0.0271
0.044373
-0.053345
0.035034
-0.038452
0.039185
-0.063782
0.49084
0.0033569
0.26825
0.080139
0.1236
-0.0081787
0.12872
0.015076
0.013
0.010437
0.97675
0.0032959
-0.075378
0.024841
0.0073853
-0.0080566
0.0045166
0.014343
-0.029236
0.048218
0.020935
-0.034424
-0.010315
-0.015686
-0.011414
-0.0012207
0.023804
-0.065735
0.8396
0.14685
0.34381
-0.11292
0.41504
0.070801
0.093445
0.24207
0.039551
-0.11383
0.0028076
-0.097717
0.23303
0.19965
-0.035889
0.54858
0.071045
-0.0072632
0.13092
-0.046326
-0.10876
-0.033386
-0.050781
-0.035706
0.011902
-0.098022
1.1578
-0.0049438
-0.039429
0.074463
-0.082397
0.076477
0.28552
-0.092041
0.16388
-0.057617
0.12909
0.125
0.25903
0.1662
-0.035095
0.2951
0.01123
0.047119
0.23096
0.18353
-0.024048
0.17944
0.036926
-0.036865
0.035156
-0.054626
0.05481
0.65045
0.017273
0.21521
0.064636
0.27539
0.0063477
0.078186
-0.02533
0.7229
0.072021
0.11115
-0.03009
0.036072
0.0049438
0.32739
0.1239
-0.0039063
0.0018311
-0.14331
0.07489
0.22101
0.065186
0.62061
0.057922
0.1698
-0.046448
0.057983
-0.06012
0.65857
-0.018616
-0.055786
-0.10248
0.0033569
0.076111
0.16864
-0.03479
-0.017517
0.027588
0.98035
0.0015869
0.076294
-0.012268
-0.11505
0.013306
0.15863
-0.040466
-0.044739
-0.024902
-0.0672
0.011414
-0.055115
0.038818
0.076233
0.74591
-0.0224
0.14728
0.073608
-0.020752
0.030212
-0.029297
0.095703
-0.09729
-0.0074463
-0.036865
0.091492
0.057312
0.77783
-0.02533
0.34283
0.0015869
0.31305
0.28363
-0.031616
-0.070679
0.33582
-0.084961
-0.021484
-0.022217
0.18756
0.01825
0.020203
0.23767
0.1098
0.054688
0.22845
0.12518
0.026367
-0.097229
0.019287
0.10382
0.096924
0.025024
0.62775
-0.031433
0.049683
0.017029
0.017578
-0.067932
0.84991
-0.022034
0.048096
-0.062561
-0.03363
-0.08667
0.27753
0.0037842
0.00091553
0.051941
0.011597
-0.018921
0.0042114
-0.0038452
0.02533
0.33228
-0.023376
0.4613
-0.04126
0.26483
-0.034607
-0.021362
-0.042664
0.037964
0.062195
0.018982
0.062744
1.066
-0.032593
-0.056946
0.075867
0.024719
0.045288
0.075684
-0.17017
0.049011
-0.11401
-0.15668
0.71112
0.088196
-0.03241
-0.060303
-0.06366
0.068176
0.046204
0.10162
0.11591
-0.031433
0.13525
0.47632
0.2475
-0.025452
-0.094299
0.3678
-0.016907
0.18927
0.18707
0.0011597
0.16241
-0.090454
0.27533
-0.20612
0.032593
0.29053
0.028015
0.088562
0.36597
0.08905
0.14276
0.015747
0.13428
0.031494
-0.16266
-0.10925
0.25891
0.0066528
-0.029724
0.0080566
0.76788
-0.027039
-0.013184
0.047363
-0.053955
-0.0088501
0.013733
0.59607
-0.029907
0.53302
0.082825
-0.049744
0.53156
-0.053833
-0.1048
0.091736
0.15009
-0.027283
0.38306
0.0073242
0.032776
0.048157
0.034912
0.0022583
-0.030151
0.019531
-0.052124
-0.062134
-0.010132
1.218
-0.072937
-0.15283
-0.030273
0.050171
0.0079956
0.030273
0.020996
0.03241
-0.019043
-0.078613
0.060852
0.79913
0.050476
0.32056
-0.014587
0.72546
0.05011
-0.014954
-0.039124
-0.017029
-0.12628
-0.015076
-0.042053
0.16394
0.17084
-0.048462
0.6853
0.011108
0.22272
0.0055542
0.0089111
-0.038818
0.68408
-0.0010986
-0.044128
0.012939
0.074951
0.012817
0.23962
-0.066162
0.012207
0.010193
0.18109
0.062744
-0.050598
0.26587
0.4021
0.017151
0.14252
0.038391
0.042969
0.034302
-0.063171
0.012207
0.056274
-0.028687
0.19061
0.92554
-0.03717
-0.34985
0.16632
-0.093628
0.28821
0.00085449
-0.10858
0.25006
0.095947
-0.062134
0.11389
0.041809
0.17719
-0.0083618
0.15991
0.58936
-0.01532
0.013977
0.35522
-0.081116
0.085388
0.020996
-0.025757
0.014648
-0.0042114
0.77869
-0.018616
0.041016
0.052612
-0.0072021
0.033081
0.016479
-0.066101
-0.0082397
-0.068787
0.0029297
0.028076
0.060242
-0.052917
0.92749
-0.02478
0.035461
0.0089722
0.14929
0.034668
-0.0025635
0.033875
0.010986
-0.022095
0.065857
0.019287
-0.011658
0.016418
0.758
-0.057251
0.12415
-0.16876
0.2655
0.44116
0.033813
0.16278
-0.055298
0.050659
0.011292
0.27692
0.059204
0.38617
-0.0023193
0.10382
-0.013611
0.37579
0.086487
0.051392
0.016663
-0.011353
0.01886
-0.008667
0.071777
-0.0015259
0.61664
0.01062
0.24512
0.052124
-0.0098877
-0.022217
-0.047119
-0.040649
0.048584
0.0096436
0.061096
-0.059937
0.9845
0.069214
-0.077576
0.10968
-0.078003
-0.12964
0.32227
-0.0031128
-0.0078125
0.21167
0.12616
0.44659
0.069824
-0.034058
0.96234
0.0057983
-0.037903
0.079529
-0.014648
0.028748
0.027954
-0.027466
0.012329
0.07843
-0.01062
0.39026
0.066895
0.13177
0.086792
0.29102
0.065491
0.031677
0.0014648
-0.040649
-0.00030518
0.065002
-0.075989
0.057617
-0.006897
-0.051147
-0.05481
-0.022705
1.0006
0.0049438
0.0013428
-0.075439
-0.059814
-0.038635
0.40234
0.035889
0.40448
0.096558
0.17621
0.013367
0.036133
-0.015015
0.026123
0.027588
0.53552
0.032104
0.56476
-0.017395
-0.055725
0.10583
0.97241
-0.051697
-0.04895
0.071228
0.0036011
0.013733
0.021973
0.021301
-0.0098267
0.67126
0.033203
0.1098
0.10254
0.021484
0.059875
0.2597
0.0062866
0.055847
-0.078003
0.034241
-0.0043335
0.029297
-0.018616
-0.048645
0.058411
-0.012939
-0.0048828
0.15533
0.8075
0.27185
0.022095
0.11835
0.27875
0.049622
0.14752
0.26837
-0.012756
0.10016
0.020874
0.01947
-0.023132
0.43976
-0.012817
0.36163
-0.0224
0.19122
-0.0063477
-0.085938
0.0019531
-0.019043
0.025757
-0.030396
0.01825
-0.015076
0.11841
0.0073853
0.064636
-0.019348
0.66034
0.802
0.035706
0.066895
0.017151
-0.05481
-0.0024414
0.2644
-0.010437
0.033997
0.02417
-0.072632
0.065491
0.017517
0.035767
0.028748
0.20361
0.05957
0.94177
0.084229
-0.085571
0.071716
-0.11646
0.15161
0.23407
0.13324
0.021118
0.15283
0.030823
0.087769
0.073364
0.079651
-0.0015259
0.019531
-0.054932
0.05658
0.021667
0.1004
0.030334
0.66412
-0.030945
0.055115
-0.0090332
0.79932
0.057251
0.029419
-0.0076904
0.19525
0.011841
-0.019348
0.070374
-0.014282
-0.013855
-0.030029
-0.051636
0.030701
0.13519
0.07843
0.7973
0.0755
-0.023499
0.08728
0.2597
-0.076782
0.46991
0.18231
0.047852
-0.0015869
-0.017151
-0.046631
0.030396
0.075012
-0.021667
0.86627
0.07019
0.062378
-0.083679
0.15936
0.00079346
-0.091797
-0.072144
0.072998
0.025269
0.079712
0.87201
0.10266
-0.0081787
-0.028992
0.031738
-0.034424
-0.055725
0.011841
-0.014526
0.060303
-0.020203
0.0080566
0.015076
0.069763
-0.0071411
0.24994
0.040466
0.19611
0.074219
0.73956
-0.022888
0.035889
-0.01178
-0.019165
0.031982
-0.0401
0.066711
-0.022644
0.056519
0.60602
-0.081726
0.35742
0.067322
0.11646
0.049744
-0.072388
-0.059875
0.22876
-0.0090942
0.11041
-0.0050659
-0.071716
-0.0027466
0.10858
-0.074036
0.063354
0.012024
-0.074585
0.16351
-0.083801
0.003479
0.06958
0.046509
0.040039
0.35547
0.081604
0.33765
0.23676
0.099548
-0.022461
0.68665
-0.091125
-0.060303
0.064331
-0.024902
0.020264
0.023743
1.0705
-0.023071
-0.0016479
-0.16779
-0.12476
0.0020752
0.18542
0.075012
-0.081055
-0.067322
-0.040771
0.084961
0.008728
-0.041077
0.0022583
0.27142
0.0066528
0.68414
0.10767
-0.074158
0.037048
-0.033508
-0.016663
-0.057617
-0.010254
0.34265
0.041321
0.06842
0.47217
-0.024048
0.44623
-0.066406
-0.14447
-0.33917
-0.098999
0.045776
0.11835
-0.21167
0.87427
-0.097473
0.076111
-0.017944
0.67346
0.050354
-0.011841
0.010376
0.1637
-0.05365
-0.0096436
0.068298
0.04187
-0.038391
-0.0031738
-0.028748
0.098022
-0.01593
-0.019409
0.069885
0.024597
0.89697
-0.099854
0.03833
0.24744
0.067566
0.42316
-0.040283
0.19165
0.017639
-0.00073242
-0.028625
0.12622
0.066711
0.51624
-0.076538
0.09668
-0.023621
0.21667
-0.012085
-0.14496
-0.035828
0.63928
-0.079224
-0.040649
0.015015
0.19153
-0.033997
0.33136
-0.045837
-0.014526
0.040161
0.049438
-0.10278
0.030823
-0.047546
0.66492
0.012939
0.21313
-0.053833
0.097717
0.060913
0.23505
0.40656
-0.024597
-0.079041
0.25159
0.039063
0.2771
0.045166
0.0036621
0.057678
0.85278
0.015564
-0.070374
-0.082703
0.061768
0.14594
0.17987
-0.032959
-0.010437
0.00012207
0.067078
0.15192
0.0015869
0.45099
0.49158
0.013672
0.10657
-0.0029297
-0.094788
0.075195
-0.099182
-0.076294
0.2215
0.038025
0.37238
0.078552
0.35266
0.01593
0.0098877
-0.075928
-0.012939
0.04541
0.36243
-0.0029297
0.11121
0.040771
0.084839
-0.012329
0.15509
0.069885
0.0061035
0.045105
0.038818
-0.046814
0.024231
0.16199
-0.006897
0.77344
-0.0042725
0.13202
-0.053406
-0.013489
0.0029297
-0.097168
-0.040222
0.7168
0.069336
0.089722
0.04303
0.095032
0.054565
-0.020508
0.13611
-0.064941
-0.11517
-0.12274
0.023621
0.13269
0.81873
-0.0036011
0.020752
0.10358
0.028442
0.11682
0.53754
0.008728
0.17242
0.049377
0.072388
-0.053406
0.0046387
0.060852
-0.010925
-0.021973
-0.018616
0.14105
0.013916
0.064636
-0.042542
0.90015
-0.064209
1.0395
-0.035767
-0.047241
-0.017029
0.0015869
-0.023315
-0.0029297
-0.01886
-0.048096
0.65979
0.10156
-0.057373
0.053467
0.026855
-0.036804
0.2843
0.050171
-0.033997
-0.019287
0.095032
0.038208
-0.10065
0.0029297
0.038879
1.0219
-0.056274
-0.070313
0.078308
-0.14917
-0.085449
-0.0059814
0.22107
0.034302
0.61908
0.031982
0.086914
-0.013977
-0.13336
-0.031189
-0.12933
0.094482
0.10309
-0.023315
0.81427
0.010071
0.1665
-0.055542
-0.078003
-0.0036011
-0.019287
-0.079102
0.1358
-0.0030518
0.81122
0.081726
0.1676
-0.0046387
-0.064941
0.0011597
0.91711
-0.0037842
-0.036987
-0.13312
-0.026855
0.016968
0.15997
-0.018799
-0.046143
0.01709
0.96356
0.070557
-0.049438
0.031799
-0.048096
0.062256
0.057129
0.033997
-0.064575
0.026978
0.0081787
0.059937
0.074524
-0.039612
0.5777
0.037476
0.11505
0.023865
-0.02002
-0.043701
-0.027649
0.03302
-0.039673
0.023865
0.052612
0.41852
0.0074463
0.34766
0.076538
-0.083069
0.09552
-0.097046
0.30865
0.15851
0.17017
0.075623
0.33923
-0.057068
0.11334
-0.025452
0.69141
0.028015
-0.072205
0.038391
0.12976
0.065796
0.21295
-0.025208
0.01825
0.006958
0.021362
0.05481
-0.14868
0.13708
0.4519
-0.041748
0.2066
0.014099
0.037292
0.020325
-0.13464
0.040466
0.056702
-0.031555
-0.052246
0.492
-0.018555
0.23541
0.28363
0.23035
0.05542
0.0015259
-0.0024414
0.065735
0.78131
0.00054932
0.067261
0.14819
-0.048157
0.047241
-0.0077515
0.83691
-0.044067
0.033752
0.035217
0.063049
-0.0028687
0.031372
0.072876
-0.0094604
0.098083
0.028809
0.13965
0.15405
0.13245
-0
0.12939
0.0088501
0.22906
0.073792
0.043396
0.84961
-0.050659
0.060913
0.0033569
0.090332
-0.04834
-0.0068359
0.020813
0.0044556
0.19409
-0.099792
-0.06427
0.62579
0.13873
0.13336
0.17883
-0.00091553
-0.01239
-0.041626
-0.033081
0.064148
0.27094
-0.20508
0.22504
0.21844
0.3667
0.041565
0.013977
-0.015381
0.0093994
-0.057495
0.25415
-0.013306
0.49963
-0.046265
0.22906
-0.01239
-0.083069
-0.053833
-0.039429
-0.016052
0.086426
1.1445
-0.1131
0.038208
-0.0401
0.032227
-0.031555
-0.0015259
0.068176
-0.034485
-0.041565
0.041565
0.02417
0.043396
0.047852
-0.023804
0.46149
-0.0025635
0.036316
0.059387
0.56403
-0.02887
0.19086
-0.021851
0.10272
-0
0.024597
-0.023621
0.2536
-0.03064
0.084412
0.18329
-0.21082
0.27667
0.08728
0.061035
0.47949
-0.133
0.1745
-0.0050049
-0.089172
0.2243
0.2937
0.025574
0.20251
-0.016296
0.008728
0.022339
0.059387
-0.00061035
-0.013977
-0.073364
-0.044189
0.70264
0.059082
0.13501
0.034729
0.0073242
0.8894
-0.09729
0.11896
0.16028
-0.20966
-0.016785
0.13
0.04303
0.032776
-0.059753
0.0041504
0.074463
0.13831
-0.037354
0.76422
-0.022827
0.1842
-0.0021973
0.0059814
0.0079346
0.28564
0.20782
-0.023376
0.24652
0.11212
-0.10529
0.077393
0.06134
0.013977
0.02887
0.046326
-0.054016
0.029419
-0.052063
-0.03656
0.075745
0.031128
0.036377
0.52557
0.01709
-0.031494
0.02124
-0.1825
0.016968
-0.015808
0.75293
0.065735
0.1062
-0.089844
0.14984
0.5943
0.074097
0.09967
0.077515
-0.039551
0.055115
0.2262
-0.042969
0.054138
-0.015198
0.14996
-0.051575
-0.014587
0.56927
-0.18524
0.22772
0.066345
-0.13678
0.70691
-0.012146
0.0064697
0.0037842
0.94781
-0.17255
0.19482
0.056274
0.08905
0.061951
0.11102
-0.068115
-0.0096436
-0.034607
-0.023987
-0.048523
0.013977
-0.15948
-0.018982
0.24927
0.060364
0.78503
0.33014
0.0040283
0.23529
-0.015564
-0.048218
-0.0029907
0.1955
-0.014099
0.0093384
-0.064453
0.026978
0.071594
-0.033997
-0.0067139
0.032166
-0.00054932
0.037109
-0.030334
0.82245
0.02594
-0.035522
-0.025513
-0.030212
-0.0078735
0.05011
-0.040222
-0.024231
0.15375
0.0065918
0.93701
0.32153
0.081604
0.0056152
0.20947
0.097534
0.092957
0.3147
0.01239
-0.036987
-0.026001
-0.12653
0.040405
-0.063416
0.3974
0.61768
0.016479
0.10303
0.011658
-0.08313
0.051514
0.068237
0.0082397
0.052185
0.025391
0.6405
-0.0038452
0.011902
0.042725
0.013733
-0.021057
-0.057068
0.02594
0.0083618
-0.075134
0.071533
0.059998
-0.00024414
-0.094849
-0.037537
0.7428
0.14221
-0.037842
0.25507
-0.12604
0.071716
0.12012
0.26532
0.040588
0.13873
-0.007019
0.023438
-0.10162
0.39575
0.093201
0.40033
-0.064575
0.23358
-0.0043335
-0.047913
-0.017029
-0.0032349
-0.084106
0.0025635
0.20337
-0.059204
0.82025
0.13208
0.0025635
0.084106
-0.18677
0.81531
0.031372
-0.021606
0.0085449
0.0079956
0.017883
0.068726
-0.0066528
-0.027832
0.019348
0.037659
0.1203
-0.046936
-0.010864
0.016724
0.25366
0.01001
0.11719
-0.063477
1.0085
0.12933
-0.11359
-0.027405
-0.085266
-0.024902
1.2358
-0.036682
-0.070984
-0.011047
-0.081482
0.041382
-0.089233
-0.046326
0.84167
-0.024414
0.038696
0.05127
0.066345
0.11761
-0.015686
-0.05481
-0.00054932
0.11224
-0.008728
0.53186
-0.039368
0.33368
-0.034058
0.056213
-0.017273
-0.045898
-0.010986
0.17987
0.015198
0.37415
0.006958
0.45227
0.012878
0.04071
-0.046204
0.30225
-0.051697
0.27417
0.027588
-0.054199
0.092041
0.36121
-0.080078
0.37714
-0.11371
0.019592
-0.04248
-0.026428
0.98846
-0.0495
0.04303
-0.011719
0.056946
-0.008606
-0.026611
0.29083
0.11578
-0.056824
0.55646
-0.010193
-0.038269
0.075562
0.00073242
-0.0096436
-0.019531
0.062683
0.042969
-0.019348
-0.063171
0.066101
-0.078247
-0.0062866
-0.061279
1.0052
-0.042969
0.16132
-0.0047607
-0.0020142
0.94092
0.14691
-0.022278
0.12292
0.045532
-0.17114
0.16547
-0.025024
0.045776
0.14783
0.097046
0.36072
0.086914
0.099487
-0.060425
-0.12177
-0.038391
0.60236
-0.0354
0.026978
0.094543
-0.052795
0.0080566
0.22382
-0.065552
-0.10132
-0.13959
-0.0031738
0.012146
0.012878
0.012329
0.064209
0.017151
0.0013428
-0.036926
-0.030029
0.87933
-0.023499
-0.0054932
-0.067871
0.055359
0.017944
-0.24554
0.093811
0.51123
-0.041931
0.5791
0.014099
-0.052856
-0.02771
0.012512
0.050232
0.21356
0.020081
0.025818
-0.0093994
0.64606
0.041016
0.11023
0.052307
0.073608
0.58032
0.037048
0.070007
0.037659
0.006958
0.057373
-0.0014648
-0.0064087
0.051819
-0.062134
0.0042725
0.22736
0.10931
0.019226
0.35126
-0.013611
0.019714
0.029419
0.044983
0.0088501
0.0024414
-0.10223
-0.051575
0.42438
-0.078552
0.73798
-0.041199
1.053
-0.0043335
-0.073669
0.012695
0.0078125
-0.043274
-0.013977
0.01886
-0.036743
0.43396
-0.039429
-0.047302
0.42688
-0.052307
0.053711
0.11005
-0.031067
0.061829
0.046387
-0.041382
0.036865
0.040405
0.064392
0.022705
0.1272
-0.024231
0.88611
-0.080566
0.00018311
0.21832
0.12219
0.083008
0.896
-0.12506
-0.0063477
-0.070007
-0.26257
0.16711
-0.01593
1.1058
-0.0025635
0.013672
-0.072693
-0.17371
-0.0010376
0.024353
0.039429
-0.052856
-0.010071
-0.037964
0.013245
0.4317
0.053345
0.23761
-0.0027466
0.20691
0.0067749
0.16132
-0.011658
-0.039246
-0.02655
0.25323
0.0094604
0.21271
0.054077
0.3877
-0.041626
0.088867
-0.032104
-0.005127
-0.034424
-0.016052
-0.041016
0.020386
0.006958
0.04895
0.41357
-0.015869
0.36847
-0.0495
0.87286
-0.019348
0.1012
0.031677
0.0012207
-0.020935
0.028992
-0.0073853
-0.022278
0.66296
-0.083923
0.063049
0.030212
-0.10559
-0.023499
0.28912
-0.0046387
0.02832
-0.0061035
0.73053
-0.023865
0.051147
0.10199
0.0578
-0.050964
0.2146
0.0024414
0.05127
-0.0081177
-0.01239
-0.069702
0.12885
-0.05249
0.21844
-0.036133
0.26031
0.072449
0.57977
0.017944
-0.038025
0.021423
0.032471
0.049438
0.049561
0.070251
0.0053711
0.93158
-0.069824
-0.035645
0.016235
0.075684
0.43683
0.021057
0.30066
-0.0028687
0.18335
0.0042725
-0.016235
-0.051392
0.0054932
0.05188
0.2464
0.11572
0.19672
0.17676
0.30646
-0.034485
-0.02301
-0.0064087
0.034607
-0.12683
0.019043
0.074646
0.60736
0.010437
0.32397
-0.077759
0.1366
0.047119
-0.056824
0.01001
0.043396
0.080139
0.55151
-0.02179
0.40674
-0.061584
0.085327
-0.012024
-0.046265
0.061035
0.14331
0.054382
0.60034
-0.010254
0.043823
0.05542
-0.026245
0.01416
-0.044006
0.97577
-0.029175
0.024902
-0.0096436
-0.021545
0.034485
0.019592
0.028015
-0.046326
-0.055176
0.02417
0.056702
0.016724
0.091614
0.87335
0.043762
-0.066711
0.042603
-0.11865
0.0057373
0.0224
0.005249
-0.041931
0.10468
0.14471
0.028442
0.098755
0.0043335
0.67267
0.81427
0.041443
-0.011108
0.15472
-0.066833
-0.0020752
0.050171
0.028748
-0.046387
0.0078125
0.7337
0.023926
0.035706
-0.097046
0.0065308
-0.046265
0.15735
0.057678
0.024597
0.026367
0.13342
0.52838
0.05127
0.10645
0.10114
0.031372
0.015259
0.011963
0.11169
-0.05072
0.081299
-0.0271
0.1405
0.12604
0.18799
0.12433
0.43927
0.0098267
0.046143
-0.010925
-0.062683
0.0096436
0.052307
0.0049438
0.10077
0.31061
0.080872
0.35223
0.0037842
0.24353
0.79047
-0.064941
0.0090332
0.092896
-0.088684
0.0060425
0.23596
-0.015564
-0.094666
0.0271
0.22351
0.15625
-0.010498
0.19659
0.022217
0.19214
0.13312
0.046082
0.086792
-0.027405
0.027954
0.036377
-0.043091
0.61285
0.32141
0.036133
0.14722
0.032227
0.049744
0.028625
-0.0047607
0.051453
-0.061462
0.80029
0.016479
-0.037415
0.047974
0.027832
0.091003
0.13147
0.049927
-0.041992
0.0046997
0.93518
-0.020142
-0.079285
0.067993
0.0091553
0.0055542
0.018066
0.0095825
-0.047485
0.030762
0.031799
-0.033386
0.42041
0.073181
-0.029297
0.26044
-0.038025
-0.061096
0.79108
-0.0015869
0.20117
0.062195
0.037781
-0.046509
0.028076
0.039063
-0.0082397
0.18091
0.35004
0.20984
0.090637
0.0755
0.015686
0.10132
0.045471
-0.039856
-0.046997
-0.11731
-0.052063
-0.054565
-0.017761
0.0061035
-0.046143
0.00018311
0.2168
0.81537
-0.04541
0.012146
-0.066284
-0.1554
0.11438
-0.049988
1.0641
-0.036011
-0.035461
-0.042297
0.031921
-0.020874
-0.016968
-0.007019
0.0062256
0.032654
0.12982
0.0059814
0.94714
0.072754
-0.020081
0.0064697
0.064758
-0.014404
-0.083313
0.043091
0.076965
0.025879
0.47363
-0.02478
0.43481
-0.0043945
0.0087891
-0.038696
-0.006897
0.025085
0.099609
0.046021
-0.14648
1.1789
-0.010742
-0.0042725
0.020874
6.1035e-05
0.016174
0.049744
-0.13654
0.046143
1.1375
0.0032349
-0.022644
0.026062
0.10321
0.29919
-0.16089
0.73456
0.041382
0.079407
0.044678
-0.10876
-0.017212
0.50104
0.3454
0.005249
-0.30353
0.035706
0.13251
0.12195
-0.0047607
0.038757
0.055481
-0.0064697
0.11597
0.041931
-0.070068
-0.058044
0.2312
0.059204
0.79681
0.057129
-0.12585
0.62238
-0.09729
0.15497
0.26227
-0.087036
0.11346
0.08728
0.11969
-0.018677
-0.053101
0.088623
0.022949
-0.044983
-0.027527
-0.062378
0.031128
-0.013
-0.040405
1.2672
0.016296
1.0134
0.0032959
-0.092896
-0.089111
-0.10828
0.14056
0.013184
0.0089722
-0.13898
-0.014526
0.032166
0.027039
0.019958
-0.062683
0.03186
0.064636
0.0075073
-0.049927
-0.034058
0.7019
-0.01239
0.045349
-0.011292
-0.058044
0.046692
-0.0048218
-0.0089111
1.0386
0.015137
-0.035095
0.019714
-0.030945
0.12659
0.033997
0.4292
-0.081116
0.53308
-0.051147
0.029663
0.003479
0.018433
0.98987
-0.038635
-0.043152
0.044922
0.02948
0.075073
-0.024048
-0.0075073
0.0048828
0.20392
0.17914
-0.012146
0.36774
0.09375
0.073486
0.27698
0.035339
-0.037476
-0.013123
0.021545
-0.051453
0.29175
0.14465
0.20947
-0.03479
0.28046
-0.065613
0.049133
0.00354
0.013184
-0.048462
0.098267
0.044312
0.54877
0.062012
0.22699
0.00036621
-0.071289
-0.005249
0.016052
0.050964
0.074158
0.039307
0.041199
0.010132
0.071838
0.040161
0.56464
0.012817
0.37653
0.008606
0.1712
0.03241
-0.023315
0.044189
0.24835
-0.012634
0.0029907
0.07605
0.47632
-0.085144
0.13214
0.0061035
0.14008
-0.015198
0.18695
0.024231
0.022522
0.018494
0.10132
-0.18628
0.093323
1.1289
0.041687
0.016663
-0.038208
0.026794
-0.099243
0.00067139
0.015564
-0.0019531
0.1239
0.053589
0.42639
0.096191
0.45117
0.033936
-0.023071
0.010315
0.082581
0.019653
0.054688
-0.084045
-0.02771
-0.0078735
0.20734
0.015991
0.92749
0.076965
0.035217
-0.050598
0.089417
0.14917
0.4173
-0.019897
0.18945
6.1035e-05
0.065735
-0.0049438
0.94958
0.050842
-0.088074
-0.076843
-0.13007
0.070557
0.057617
-0.0064697
-0.064026
-0.066772
0.058838
0.083862
-0.034058
0.013916
0.043762
0.019409
0.061279
-0.018738
0.74915
-0.014526
0.029297
-0.049255
0.027466
-0.0036621
0.020325
0.24878
0.0031128
0.095642
-0.050903
0.66357
0.072876
0.036621
0.66461
-0.059998
0.070068
-0.012024
0.16278
0.05481
0.11395
0.062988
-0.076477
0.13953
-0.10687
0.30804
0.59583
0.015869
0.1239
0.051758
0.00054932
0.0064087
-0.085205
-0.069336
-0.14331
-0.11084
0.029785
0.98181
0.061218
0.14307
-0.018066
-0.05481
0.031616
-0.020264
-0.046143
-0.010498
0.086792
-0.13831
0.019958
0.11029
-0.050842
0.88605
0.036865
1.041
0.024536
-0.05072
0.054321
-0.0012817
-0.076294
0.020081
-0.030334
0.0028687
-0.0048828
-0.029236
0.15045
-0.076416
0.50305
-0.062683
0.2265
0.021912
0.17334
-0.0065308
-0.05957
0.070007
0.33026
-0.070923
0.65332
0.066895
0.10229
0.021545
-0.085999
-0.0023804
0.033813
0.036926
-0.07196
-0.0021362
-0.01178
0.44263
0.046204
0.048889
0.079468
0.56665
0.044434
-0.036926
0.74951
0.056396
-0.035034
0.055969
0.21295
0.030823
-0.030945
0.042053
0.10608
0.3869
-0.00012207
0.46204
0.12708
0.018555
-0.04071
0.028137
-0.059814
0.033508
0.016907
-0.035278
0.015503
-0.10522
0.073364
0.081726
-0.010986
0.86798
-0.080811
0.14673
0.044922
-0.00079346
0.020264
0.022888
0.015259
0.28583
-0.0056763
0.029846
-0.015747
0.73639
-0.06427
-0.030579
0.033325
0.022339
0.094971
0.479
0.054504
0.37445
0.21045
-0.068542
-0.090393
-0.011414
-0.061646
-0.024536
0.0079346
0.16431
0.017151
0.030151
1.1481
0.024414
-0.010803
-0.02771
-0.17554
1.0756
0.049011
0.028992
0.082031
0.02179
-0.016235
0.02771
0.012268
0.0054321
-0.030762
0.075256
-0.021912
-0.10986
-0.064026
0.30768
-0.0083618
0.64063
0.058838
0.027893
0.013123
-0.0053101
0.034424
-0.012817
0.086243
0.98468
-0.030273
-0.078552
0.041809
0.67084
-0.060852
0.27484
0.08136
-0.039001
0.0032349
0.04425
-0.099915
0.077698
0.027283
0.95068
-0.040283
-0.023865
0.07019
-0.0027466
0.013184
-0.038025
-0.032959
0.0016479
-0.036133
1.1375
-0.0084839
-0.14484
-0.0036621
-0.008667
-0.024963
-0.033203
0.014343
-0.039978
0.084473
0.036072
0.42871
-0.031494
0.098389
-0.031311
0.34497
-0.030762
0.073914
0.013
-0.0047607
-0.010315
0.035583
-0.021118
0.017944
0.19006
-0.0042725
0.049438
-0.020569
0.82379
0.062622
0.089539
-0.017212
-0.044067
-0.019165
0.80682
0.19604
0.026184
0.1142
0.0079346
0.017029
0.21173
-0.10962
0.53564
-0.040222
0.059204
0.02832
0.030457
0.057739
-0.039063
-0.037231
0.016846
0.04187
-0.11157
-0.043579
0.020691
-0.049561
-0.017151
1.008
-0.063354
-0.0031128
-0.0021973
0.052856
-0.069153
0.66974
0.030823
0.13855
-0.053101
0.033203
0.04303
-0.080688
0.021423
0.29919
0.051758
0.50604
-0.06311
0.1535
0.018677
0.11981
-0.028687
0.0082397
0.052246
-0.023071
0.019714
0.034729
-0.0354
-0.005249
-0.10345
0.049438
1.1429
0.090149
0.070374
0.21625
-0.011536
0.049316
-0.033264
0.21545
0.048645
0.16418
0.014832
0.074158
0.015564
-0.072937
-0.033875
-0.026672
-0.0020142
0.0064697
0.020325
0.87616
-0.05072
-0.03363
-0.021057
-0.12067
1.0638
0.11646
0.042175
0.090454
0.072693
0.011719
0.035339
-0.067139
-0.044617
0.5993
0.066833
0.33008
0.0031738
0.079407
-0.063354
-0.04248
-0.028625
0.00024414
0.10767
0.38416
0.18225
0.37622
-0.06366
0.18488
0.048584
-0.10663
0.024536
0.039124
0.066284
0.027588
0.12872
0.40027
-0.021973
-0.022583
0.028259
0.10876
0.02887
0.0039063
0.1308
-0.013794
-0.081177
0.010742
0.3396
0.044067
0.8269
0.18115
-0.045959
0.054749
0.78882
-0.016174
0.023987
0.005249
0.033264
0.0011597
0.057922
0.034668
-0.041138
-0.030823
0.086304
-0.046997
0.26575
0.5094
0.0028076
0.1557
-0.027405
0.032959
-0.034973
-0.0030518
0.017639
-0.049561
-0.040344
-0.043213
-0.086792
0.015991
0.022034
0.015259
1.151
0.23083
-0.0049438
0.011902
0.81665
0.0849
0.032715
-0.026245
0.03717
-0.00036621
0.069458
0.02887
-0.19836
-0.030579
0.13641
0.078003
1.1956
0.062256
-0.019226
-0.029663
-0.051331
0.0011597
0.025024
-0.0087891
-0.050598
0.10382
-0.019226
0.096619
0.074097
0.91418
0.0059204
-0.037903
0.0097046
-0.032288
0.032837
0.05072
0.60223
0.03302
0.32379
-0.053101
0.10199
-0.029175
-0.015991
0.29822
-0.056824
0.6972
0.018311
0.1684
0.069824
-0.039307
-0.050659
0.0020142
-0.033508
-0.014282
-0.047363
0.028564
-0.14868
0.080627
0.50818
0.1167
0.43408
0.069702
0.08844
0.49347
-0.048218
0.17047
0.0088501
0.15106
0.013733
0.011719
-0.015503
0.041382
0.0072021
-0.0025635
0.096924
-0.016479
-0.069031
-0.056519
-0.03833
0.58722
0.069336
0.0033569
-0.025635
-0.030273
0.065125
0.027527
0.76648
-0.088806
0.13641
-0.05481
0.032715
0.039734
-0.0098877
0.036377
0.020264
0.059021
0.17908
-0.0067139
0.1665
-0.020142
0.72253
-0.061035
-0.19183
-0.0031128
0.80634
0.23236
-0.0011597
0.27271
-0.15924
0.018982
-0.083313
0.10114
0.10803
-0.025757
1.0235
-0.0028687
-0.015442
-0.094849
-0.033081
-0.1026
-0.015015
0.015381
-0.058838
0.1803
-0.052917
0.57587
0.041382
0.31
-0.027405
-0.0079956
0.022217
-0.044861
0.07196
0.016174
-0.043945
0.058044
0.14459
0.027161
0.5481
-0.016785
0.38586
0.025635
1.0711
-0.054749
-0.079224
0.05896
0.024292
0.016907
-0.057312
-0.029846
0.010559
-0.029114
-0.075745
-0.017334
-0.084229
0.10486
-0.15649
0.07074
0.61353
-0.036255
0.3421
0.18219
0.16669
-0.096802
0.41516
0.23267
0.0023804
0.13379
0.027405
-0.0090942
-0.01886
-0.084717
-0.03833
-0.029846
0.030029
0.022522
0.62128
-0.042297
0.30737
0.044922
-0.074585
-0.097595
0.012512
0.040405
0.028564
0.84296
0.068054
0.19885
-0.00354
0.057617
-0.05127
-0.083191
-0.01947
0.13397
0.021057
0.52771
-0.029419
0.43274
-0.0095215
0.064819
0.015686
-0.031555
-0.07312
0.016479
-0.10791
-0.059204
0.58759
0.0271
0.092285
0.23938
0.044556
0.073425
-0.030273
0.01239
0.17889
-0.013
0.14917
0.13129
0.028198
0.79236
-0.0056763
-0.03833
0.13239
0.036011
0.85815
-0.024841
0.01001
-0.052002
0.060608
0.018555
0.02832
-0.038757
0.010132
0.015991
0.025513
0.04895
0.38556
-0.017944
0.38013
0.035095
0.22046
-0.0018921
1.0286
-0.044983
-0.086853
-0.043213
0.075867
-0.034851
-0.0062256
-0.0016479
-0.003479
0.11786
-0.055237
1.0829
0.027283
0.012024
-0.057251
0.15686
0.010193
-0.047607
-0.040955
0.46936
-0.11737
-0.15509
0.027893
0.26575
0.097412
0.41425
-0.093933
-0.034607
0.16101
-0.030212
1.0912
-0.060669
-0.038208
0.052307
-0.0018311
0.018616
0.011292
0.013123
0.0063477
-0.02063
0.044189
-0.017273
0.010681
-0.0065918
-0.052673
-0.023376
0.012146
-0.042603
0.96796
0.13031
-0.042908
-0.050903
0.29944
-0.034729
-0.15662
0.10669
0.23456
0.73596
0.074097
-0.091675
0.054504
0.67548
-0.11096
0.29987
-0.060791
0.16547
-0.008667
0.1037
-0.025208
-0.076721
-0.03717
-0.00079346
0.049927
0.03717
0.082703
-0.017883
0.79565
0.0085449
0.045227
-0.062988
0.82959
-0.08429
0.0081787
0.10938
0.092651
-0.0092773
-0.038208
0.006958
0.034241
0.21924
0.35956
-0.14972
0.39343
0.24304
-0.10358
0.17456
-0.073181
-0.089294
0.16724
-0.0014038
-0.017761
0.062683
0.10266
0.057434
0.056763
-0.08551
1.1207
-0.16693
0.010498
-0.039917
-0.11267
0.046387
-0.036499
-0.041504
0.22546
0.11053
0.035095
0.3219
0.1955
-0.017761
0.028015
0.026306
-0.019409
-0.0030518
0.21014
0.03833
0.18872
0.0094604
0.59973
0.0064697
-0.027405
-0.057922
-0.013
0.026733
0.0067749
-0.050598
0.12476
0.13409
0.67133
0.20074
0.3653
-0.013794
0.10425
0.22522
0.036255
0.10999
-0.011353
0.027466
-0.030273
0.059265
-0.0029297
-0.073608
-0.0064697
-0.1272
0.093994
0.036987
-0.046265
0.88879
0.013123
0.026733
0.024048
0.29211
-0.032227
0.30591
0.016663
0.30957
-0.030945
-0.05658
-0.025024
-0.028015
0.046692
-0.021667
0.033997
0.083923
0.82416
-0.059509
0.4126
-0.029907
-0.066956
-0.051575
0.032959
-0.041992
0.0021973
0.0039673
-0.06366
-0.038879
1.0847
0.061768
-0.035767
-0.017822
0.82312
-0.036804
0.05127
0.018005
0.070923
-0.0048218
0.096802
0.041077
-0.015076
0.028381
0.014526
0.058472
0.046082
-0.014221
0.10907
-0.036072
0.20581
-0.042725
0.75208
0.015808
-0.038818
0.038879
0.0012207
0.037048
0.019165
0.095459
-0.041138
0.12524
0.085022
-0.012939
0.84283
0.017334
0.1488
0.065979
-0.012268
0.00048828
-0.012939
-0.041382
0.017334
0.25348
0.27319
-0.0092163
0.31958
0.13904
-0.11121
0.076111
0.087952
-0.035645
0.046997
0.47296
0.17346
0.15356
0.17188
0.0088501
0.047363
0.17212
0.22003
0.01947
0.023315
0.17133
-0.0087891
0.37018
0.060242
0.25159
0.0014648
0.30908
0.10699
0.0037231
-0.047424
-0.065063
1.0027
0.0057983
-0.012878
0.090515
-0.0089722
0.05719
0.058594
0.0015259
0.023254
-0.022522
0.019226
-0.034302
0.045776
0.044739
0.078369
0.0012817
0.95166
0.041016
-0.035156
0.0026245
0.84674
-0.0093384
0.22107
0.07074
0.015625
-0.026489
-0.0056152
-0.01593
0.030701
0.12994
0.51563
-0.015259
-0.011108
0.33575
-0.042297
0.11804
0.039856
-0.078918
-0.0029297
-0.075989
0.012573
-0.030334
0.053833
0.035278
0.70288
-0.024414
0.16742
0.13391
-0.06958
0.0072021
0.060547
-0.073608
-0.075867
-0.0068359
-0.032104
0.008606
0.97699
0.15442
0.013489
-0.017395
0.91315
0.00097656
-0.013
0.017334
-0.0075684
0.022827
0.036804
-0.0042725
-0.06543
-0.078491
0.038025
-0.09729
-0.042603
0.041687
1.0289
-0.006958
0.12
0.03833
-0.0028076
0.014771
0.010681
0.73279
-0.011597
0.16986
0.013916
0.095764
0.040588
-0.064758
-0.02533
0.021851
0.080994
0.64404
0.088196
0.038208
-0.14081
0.30103
0.10858
0.015808
0.022522
0.23285
-0.16705
-0.018921
0.87921
-0.12402
0.0062256
0.10846
0.0098877
0.13428
-0.023254
0.06012
0.1936
0.046082
0.67596
0.20715
-0.021362
0.10217
-0.055359
-0.075134
0.062439
-0.059814
0.99335
0.022766
0.15436
0.031311
0.050781
-0.050476
-0.043091
-0.0093994
0.0092163
-0.049561
0.83923
-0.040283
0.037537
0.032349
0.034119
-0.015625
0.049988
0.029602
0.012695
-0.025024
-0.010071
0.40381
-0.05365
0.47839
0.048767
0.28827
0.0354
0.021362
-0.035645
-0.078064
0.012695
-0.0019531
0.076111
-0.043884
-0.11212
-0.087646
0.16193
0.10803
0.95642
-0.12817
0.08075
0.47076
-0.073547
0.42517
0.14258
0.046875
-0.0090942
-0.032104
0.0093384
-0.067932
0.22778
-0.063843
0.77936
0.10895
0.034912
0.10675
-0.0046997
0.010437
0.00067139
0.040222
-0.016235
0.0098267
0.079041
0.015381
0.42145
-0.0024414
0.65912
0.092957
-0.12854
0.011353
-0.0015259
-0.011902
-0.057556
0.0012207
-0.0078735
0.0010986
0.93512
-0.089539
0.01886
0.28265
-0.1037
0.038879
0.098511
0.068848
0.16193
0.20978
0.010376
0.26862
-0.06665
0.033386
-0.11176
-0.066284
-0.029724
-0.07135
0.051392
0.046509
-0.13208
1.1696
-0.13177
-0.061646
-0.050354
-0.084473
-0.0098877
-0.030457
-0.13062
-0.071899
0.070862
-0.0401
1.1785
-0.032776
0.16864
-0.017151
-0.073853
-0.041016
0.089355
-0.078674
0.20715
-0.20374
1.1368
0.0057373
-0.013794
0.052856
0.072083
0.40747
-0.081787
0.31488
-0.011841
0.1283
-0.038513
0.067871
1.105
-0.056824
-0.095215
-0.050598
-0.034241
-0.051575
0.020142
-0.034485
-0.049072
0.030701
0.54266
0.070862
0.33386
-0.049561
0.13977
-0.21533
-0.17902
0.030273
0.063477
-0.051575
0.1618
-0.030518
0.059998
0.27625
0.063599
0.14832
-0.0025024
0.25946
-0.019043
0.82178
-0.068726
-0.16193
0.086121
0.0056763
0.12061
0.24634
-0.012817
0.061279
0.014404
0.11493
0.20428
-0.070862
0.49683
0.08783
0.016541
0.0049438
-0.051514
-0.0054321
-0.03656
-0.067383
-0.042603
0.028015
0.12079
-0.0224
0.48022
0.081665
0.14612
0.11102
0.21246
-0.02594
-0.021118
-0.022949
0.049438
0.0059814
0.027344
0.033875
0.2121
0.050476
0.69556
-0.039063
-0.0010376
0.638
-0.035156
0.15045
-0.014099
-0.01709
-0.056274
0.0037231
-0.033081
0.25873
0.18457
-0.091614
0.4516
0.00054932
0.18158
0.14594
-0.052856
-0.037109
-0.042053
-0.045715
0.030823
0.079651
0.052673
0.020752
0.97992
-0.089294
-0.091187
-0.033752
-0.079224
-0.025879
0.054382
-0.029724
0.071899
-0.08667
1.0117
-0.038086
-0.080933
0.012695
0.0062256
-0.0074463
1.1017
-0.01001
-0.18231
0.058716
0.045532
-0.036865
0.058167
0.065491
0.015198
0.040222
0.011597
-0.028259
0.015137
0.011353
0.33929
-0.046387
0.03418
0.084351
0.55463
-0.046753
0.025757
0.00012207
0.062988
0.008606
0.08197
-0.04718
0.29877
0.12372
0.35315
0.022888
0.014709
-0.17999
-0.035828
0.15057
0.023438
-0.019836
0.067749
1.0688
0.010132
-0.010803
-0.083923
-0.0095825
0.0068359
-0.0075684
-0.17627
-0.0091553
1.0529
0.0062256
0.07019
0.066101
-0.019104
0.024841
-0.034058
0.024231
-0.0056763
0.042419
0.51868
0.079102
0.38641
0.25702
0.13611
0.0012817
0.7066
-0.018066
0.0064087
-0.0050659
0.0066528
-0.048767
-0.012573
0.02771
-0.085632
0.11853
0.06781
0.38068
-0.023132
0.37964
-0.046143
0.024475
-0.012573
-0.0093384
0.060791
0.52252
-0.037903
0.24518
0.0010986
0.08429
-0.016418
-0.0036621
0.028809
0.55499
0.12482
0.083679
0.10852
0.033875
0.085754
0.14154
0.0026855
0.0092163
-0.011475
-0.011902
0.0075684
0.31659
0.023865
0.49567
0.010559
0.25073
-0.00018311
0.17139
-0.0047607
0.64758
-0.012756
-0.21063
-0.078918
0.26251
0.12909
0.27637
-0.070068
-0.030273
0.019226
0.07373
0.15662
0.52301
-0.21094
0.063049
0.20178
0.3728
0.032471
0.032166
0.040405
0.78992
0.043518
-0.087769
-0.070618
-0.076355
0.039124
0.19226
-0.036438
0.032043
-0.087036
0.12207
-0.040039
1.0136
-0.010803
-0.10767
0.0354
0.13953
-0.018494
0.025574
0.023865
-0.026428
-0.0098267
0.06958
-0.075378
-0.15411
1.4373
-0.18231
-0.38385
0.05957
0.25476
-0.065857
0.011292
-0.058411
0.06012
0.089233
1.2478
-0.0024414
-0.16779
-0.0028076
-0.094971
-0.053528
1.0159
-0.0018311
-0.066956
0.026672
-0.039063
0.036316
0.061951
0.024963
0.0097046
0.1236
0.08075
0.62073
-0.0074463
-0.024841
0.080017
0.048218
-0.021851
0.014038
0.11353
0.28333
0.16864
-0.066223
0.31006
0.012634
-0.066223
0.12213
0.080139
0.1355
-0.041626
0.016052
0.029358
-0.01239
-0.012695
0.046875
-0.079956
-0.0071411
0.0044556
-0.08429
0.94611
0.039551
0.023499
-0.15393
1.017
0.0033569
0.011902
0.028076
-0.017273
0.080139
0.030396
-0.024536
0.073303
-0.04248
-0.0578
0.013855
0.093872
-0.014893
1.0255
0.039673
-0.091675
0.013184
-0.061462
-0.043274
0.03064
-0.0033569
0.047546
0.090454
0.05365
0.81262
-0.092407
-0.017212
-0.01062
-0.16113
0.01825
0.74139
0.012207
0.21722
-0.021118
0.034912
0.040955
0.01886
0.023071
-0.029114
-0.0081787
-0.024475
0.1524
0.01532
-0.068787
0.82635
0.012512
0.075745
-0.074768
0.00354
0.75653
-0.028137
-0.074036
0.060913
0.080261
0.083191
0.025513
0.091064
0.10107
0.20154
-0.093506
0.31464
0.019897
0.41254
0.10083
0.032654
-0.032593
-0.0016479
-0.042053
-0.065796
0.11188
0.031128
0.72089
-0.041626
0.41888
-0.044739
-0.14215
0.23737
0.11359
0.067261
0.055359
0.12579
0.17981
0.31927
-0.021851
0.051392
-0.018005
-0.076172
0.11542
-0.029114
-0.056152
0.036865
0.30792
-0.068726
0.91339
0.19476
-0.03186
-0.035217
0.15271
-0.11591
0.1897
0.5683
-0.0015259
0.099243
0.031433
0.091187
-0.041321
0.042969
-0.010498
0.02655
-0.010376
-0.0036621
0.21289
0.15326
0.10095
0.42981
-0.040649
0.25568
-0.059814
0.19611
-0.11688
0.058594
0.029114
0.26935
0.0081177
0.4248
0.071655
0.0056152
0.16071
0.037231
0.7431
0.095032
0.035156
0.029297
-0.085144
-0.0076294
0.0021362
-0.0057373
0.0625
-0.16022
0.15564
0.63416
0.03363
0.13226
0.069946
0.091553
-0.016479
-0.082275
0.082642
0.16693
0.06897
0.42255
-0.020508
0.057007
0.047974
0.086731
-0.017334
0.22595
-0.28882
0.060974
1.1953
-0.053406
0.026733
-0.015442
-0.056641
-0.10004
-0.037903
0.059509
-0.078613
-0.057739
-0.091064
0.68085
0.042969
0.36359
-0.015991
0.081726
-0.025635
0.021667
-0.017883
0.028687
-0.037231
0.023621
0.045837
0.079041
-0.047302
-0.033508
0.93274
0.42133
0.024048
0.052734
0.26129
0.01001
0.013184
0.019653
0.0625
-0.078125
0.058105
-0.042358
-0.018066
0.25079
-0.11169
0.16528
0.15137
0.30688
-0.013306
0.052551
0.035706
0.075989
0.11609
-0.028809
0.28986
0.44
-0.048462
0.12488
0.067871
0.031921
-0.064331
0.0099487
-0.073792
0.041931
-0.043091
0.031433
0.29468
0.041565
0.15094
0.012634
0.65747
-0.0062866
1.2042
-0.02887
-0.13165
-0.0037231
0.054504
-0.035217
-0.001709
0.045349
0.019287
0.026917
-0.011902
-0.0054321
0.027954
-0.013794
0.2077
0.089172
-0.086243
0.49951
-0.080322
0.01178
0.8432
0.056152
0.01416
0.032593
0.026367
-0.048279
0.057251
0.012146
0.0074463
-0.053467
0.037415
-0.054077
0.0013428
0.017395
0.050964
-0.012878
0.67206
-0.059021
0.095642
0.10431
0.0092773
-0.038574
0.084595
-0.059509
0.17395
0.081055
-0.038147
0.080505
0.43768
-0.048096
0.012451
-0.08136
0.00024414
0.037781
0.46844
-0.066895
0.60193
-0.03125
-0.15802
-0.041443
-0.048035
0.17383
-0.035217
0.39563
-0.049194
0.5141
-0.067993
0.16443
-0.013489
0.18994
0.10059
-0.14618
0.15808
0.26483
0.044983
0.10565
-0.10382
0.043884
0.037048
0.033264
0.064758
0.65601
0.039673
0.1123
0.09552
0.20953
-0.088074
0.045654
-0.051025
0.07251
0.87585
0.021179
0.088867
0.0092163
-0.072327
-0.035217
-0.016663
0.034668
0.016113
0.68512
-0.010071
-0.062622
-0.16681
-0.043579
0.011658
0.26837
-0.098816
0.015747
-0.030762
0.035278
-0.0098877
0.051208
0.13861
0.028503
0.82343
-0.085693
-0.05249
0.086182
-0.029846
-0.021301
0.0041504
-0.029358
-0.0039673
0.4837
-0.049072
0.28918
-0.036133
0.18005
-0.040833
0.91107
0.070862
-0.0041504
0.079651
-0.039551
0.0021973
0.047302
0.0053101
0.011292
0.022522
0.95618
0.11444
-0.10638
0.026978
-0.018066
0.06897
0.030457
-0.0081787
0.040283
0.051819
0.05249
0.078979
0.26672
-0.019836
0.15216
-0.036804
0.30103
0.028992
0.16309
0.052551
-0.064514
0.006897
-0.039185
-0.028931
0.088623
0.16602
-0.011658
0.91785
0.015625
-0.043701
0.10431
-0.059875
-0.026978
0.014893
0.017944
0.29565
0.074341
0.12549
0.164
0.2912
0.71252
-0.016541
-0.066345
0.012512
0.1001
0.099426
0.23145
-0.066345
0.056519
0.011292
0.21631
-0.026917
0.14966
0.26141
0.15845
-0.041382
0.245
0.034119
0.0090332
-0.14313
-0.029114
0.053589
-0.024841
0.020996
-0.069153
0.96155
-0.054443
-0.084412
0.19489
0.095703
-0.026306
-0.0089722
0.020569
0.064941
-0.0026245
0.090576
0.026306
-0.036316
-0.088867
1.1275
0.11401
-0.0046997
0.090271
-0.2348
0.32306
0.19958
0.38373
-0.020813
0.028687
-0.052612
-0.041321
-0.014282
-0.040955
-0.017151
0.038269
0.065735
0.16669
0.028015
0.7851
0.0044556
0.23676
-0.059021
0.56042
0.11316
0.055725
0.072449
0.32379
0.023315
-0.032166
-0.059753
0.46515
-0.054443
-0.096252
0.18567
0.11713
0.089844
0.24121
-0.0014648
0.010925
-0.15527
-0.041138
0.064514
-0.11951
0.32898
0.48938
0.0063477
0.17548
-0.029907
-0.0090942
-0.0053711
0.64886
0.0354
-0.098877
-0.03894
0.11603
-0.029907
0.25232
-0.026123
0.00354
0.03894
-0.0054932
0.044312
0.77527
0.03363
0.078552
0.024658
0.07489
0.023132
-0.08075
-0.0081177
0.018127
-0.0096436
-0
0.041687
-0.064758
0.27087
0.020203
0.12543
0.010376
0.68762
0.30219
0.18829
0.058105
0.20764
0.1828
-0.16638
0.096008
0.058838
-0.04834
-0.04425
-0.15839
-0.028442
-0.032776
0.016052
-0.0092163
0.33502
-0.061462
0.85693
-0.04541
0.069946
-0.055847
0.042175
-0.042236
-0.044556
-0.006897
0.061584
-0.024902
0.94299
-0.080505
0.027405
-0.024048
0.6817
-0.045959
0.36017
0.092712
-0.040894
0.026062
0.018127
0.0079346
0.013855
-0.10541
0.097656
0.022888
0.018616
0.52374
0.057129
0.18567
-0.062256
0.11047
-0.037231
0.040588
0.052063
0.078735
0.017029
0.34363
-0.024292
0.26135
-0.0044556
0.059326
0.027466
0.6745
-0.10913
-0.032593
-0.0077515
0.038574
0.082642
0.16254
0.067139
-0.056396
0.034607
0.081177
0.0010986
0.074158
0.095215
0.027771
0.6626
0.017944
0.1217
0.043274
0.03009
0.88202
0.10309
0.0039673
0.14758
-0.15552
-0.018921
-0.074585
0.057251
-0.022522
-0.00036621
-0.054443
0.03656
0.021667
-0.13702
0.060608
-0.038452
0.048401
0.0095825
-0.075134
0.79028
0.13324
-0.10571
0.071533
0.049622
0.061951
0.020569
0.034241
0.064697
-0.093262
0.69403
-0.045715
0.072327
-0.072144
-0.1579
0.18677
0.11963
0.075806
-0.086243
0.97119
0.069275
0.028687
-0.03772
0.030273
0.045532
-0.020752
0.33978
0.10858
0.019287
0.35138
-0.054321
0.23553
0.061279
0.059509
0.39996
0.29926
-0.0056152
0.048584
0.048645
0.13464
-0.085388
0.33984
0.23785
-0.018127
0.30603
0.17078
-0.087158
0.19763
0.086853
-0.069946
0.017761
0.054321
-0.04834
0.15454
0.053833
0.65076
0.007019
0.11163
-0.0029907
-0.1073
0.0065918
0.017639
0.030273
0.23871
-0.032349
0.664
-0.044983
-0.013428
0.039795
-0.041748
0.052063
0.034119
-0.00091553
0.20862
0.022949
0.28632
-0.0092163
0.48035
-0.018005
0.080322
-0.0401
0.029297
-0.012695
0.2301
-0.043823
0.29132
0.0072021
0.47748
-0.011047
0.13733
-0.0067139
0.066833
0.082336
0.019226
0.91223
-0.047852
-0.024841
0.045959
0.026672
0.043579
0.0048218
0.049744
-0.037964
0.26355
0.083618
0.1012
-0.0029297
0.20868
-0.020325
0.1861
-0.025879
-0.0084839
0.026367
-0.021851
0.97217
-0.033997
0.03125
0.026611
-0.049805
0.034424
-0.0027466
-0.049377
-0.0062256
0.051697
0.048218
0.042053
0.45276
-0.046936
0.3703
0.062866
0.027344
0.057251
-0.0077515
0.47339
-0.017883
0.33441
-0.031128
0.29077
0.063171
-0.015259
-0.038574
-0.034424
-0.035156
-0.008667
0.056335
-0.040466
0.16931
-0.018127
0.047974
-0.029907
0.7771
0.37531
0.15442
-0.07782
0.53326
-0.083008
-0.018372
0.029419
-0.037537
-0.01532
-0.011047
-0.013123
0.062744
0.23004
0.06543
0.41394
0.0098877
0.22638
-0.048706
0.032959
0.046814
0.0081787
-0.02887
-0.043762
0.062927
0.0040894
0.42236
0.072571
0.67737
0.028442
-0.053955
0.07074
0.048645
0.064636
0.017822
0.012512
0.014893
0.015747
1.0242
-0.0059204
-0.018433
0.50085
0.041687
0.15326
-0.10236
-0.15118
-0.062927
0.19165
-0.049866
0.16077
0.0039063
0.17371
-0.16901
0.00048828
0.59247
0.13165
0.053162
0.13092
-0.014709
0.072998
-0.10632
0.14862
-0.057129
-0.0032349
0.080444
-0.088745
0.35376
-0.03302
-0.014954
0.015564
0.37274
0.029297
-0.071594
0.022583
-0.0045776
0.026428
0.64856
-0.026794
0.13947
0.138
0.099976
-0.044739
0.018188
0.47772
-0.081055
0.27094
0.013428
0.27911
0.016479
0.038879
0.00354
-0.028503
0.1424
0.2038
0.13007
0.29938
-0.012451
0.14001
-0.028687
0.081848
-0.0059204
-0.049194
0.030457
-0.055969
0.024048
0.031738
0.521
0.0098877
0.3219
0.010437
-0.056274
-0.026978
-0.060059
0.029846
0.0097046
0.021362
0.14526
-0.010559
0.16168
0.005188
0.66272
0.18744
0.065247
0.36017
0.16809
0.083618
0.045654
0.22186
0.0071411
-0.0073853
-0.029907
0.29871
0.014832
-0.067139
0.4657
-0.064941
0.061523
-0.023987
0.023315
-0.024963
-0.046143
0.013245
-0.050049
-0.043884
-0.11163
0.049622
-0.16382
0.0043945
0.68756
0.0026245
0.47528
0.026062
-0.043701
-0.039551
0.078369
0.0029297
0.43335
0.031921
0.2887
0.021729
0.095276
-0.029236
1.1044
-0.085938
-0.14319
0.021057
0.15497
-0.0015869
-0.026306
0.013062
0.01825
0.051636
-0.0067139
-0.09021
0.022339
-0.012939
0.22162
0.028381
0.10254
-0.050903
0.5769
-0.00067139
0.02356
0.015625
0.048279
-0.053772
0.15784
-0.060181
-0.024109
0.46307
-0.00061035
0.099182
-0.05896
0.25043
-0.017151
0.022888
0.1499
0.32715
-0.079163
0.56403
-0.071045
0.025696
-0.063721
0.033936
0.027344
-0.1676
0.164
0.055786
-0.096619
0.22839
0.74329
-0.010132
0.011047
-0.0087891
-0.012207
0.011414
0.1698
-0.0029297
0.093262
0.020203
0.65613
-0.030273
-0.011536
0.58765
0.035767
0.13995
0.010498
0.20441
0.052612
-0.087341
-0.074158
0.057617
-0.0044556
-0.033264
0.018433
0.017212
0.52051
0.016785
0.26862
0.006958
0.15533
0.065308
0.0053101
0.60583
-0.053223
0.12054
-0.00091553
0.14404
0.0043945
-0.03595
-0.019897
-0.078003
0.043762
0.58972
0.11475
0.16315
0.0062866
0.19116
-0.01709
0.11029
-0.088196
0.14624
-0.071472
0.021484
1.0057
-0.010437
0.022644
-0.02179
-0.059998
0.027405
-0.046326
-0.0093384
0.020691
-0.037659
-0.10156
0.11023
0.039429
0.051086
-0.045593
0.84277
0.022461
