-0.067505
-0.025269
-0.015747
0.10114
0.030701
0.026184
-0.077271
0.79974
-0.12799
0.1275
0.02002
-0.040039
0.16089
0.0095825
0.59668
-0.025208
0.22174
-0.022766
-0.066284
-0.031311
0.035767
0.0065308
0.15021
0.017395
0.25275
0.01886
0.23651
0.0088501
0.025391
0.041626
0.0042114
0.022583
0.075623
0.08136
-0.065369
0.58099
0.0061646
0.73096
-0.11401
-0.14709
-0.054993
-0.091125
0.20068
0.033813
0.6413
-0.01825
0.2627
-0.024231
0.062195
-0.104
0.15558
0.069458
-0.019043
0.60089
0.12421
0.063782
0.0041504
0.076782
-0.10089
-0.0028687
0.018188
-0.067261
0.02002
0.016602
0.48499
-0.0020142
0.42999
-0.049805
0.069824
-0.020081
0.023926
0.76398
0.076355
0.085144
-0.0010986
0.073914
-0.066162
0.05719
0.032715
-0.0079346
-0.026184
0.042725
0.020874
0.013062
0.60986
-0.033691
0.10455
0.03894
0.092468
0.01123
0.047791
0.057739
-0.10822
0.035645
0.047852
0.0028076
0.0059814
-0.098083
0.02179
0.8941
-0.16895
0.070251
0.057434
1.07
0.0078735
0.042786
-0.067139
0.054749
-0.070557
0.01239
-0.063538
1.1874
0.023743
-0.1181
0.015564
-0.031921
0.047974
-0.0050049
-0.015198
0.021912
0.013184
0.051575
0.15631
0.027771
0.30725
0.023804
0.4613
0.028625
0.016846
-0.0020752
-0.083679
0.029297
0.029541
0.048584
0.032898
0.78015
-0.042297
0.12781
0.032532
-0.062927
0.58453
0.056274
0.1748
0.057129
-0.030701
0.030823
0.36194
0.078369
0.056335
-0.10815
0.011475
-0.00073242
0.016785
-0.043518
-0.027466
0.33612
-0.029846
0.12573
0.16754
0.14795
-0.03595
0.01886
-0.053589
-0.025879
0.018066
-0.051819
0.042603
1.0369
-0.028931
0.095154
-0.016357
0.02948
-0.14264
0.073486
0.061401
0.73267
0.23663
0.14185
-0.043518
0.031372
0.0010376
-0.03772
0.62903
0.061279
0.0495
0.020874
0.2218
-0.041016
-0.029785
0.00054932
0.28448
0.28906
0.064697
0.74744
0.030396
-0.040588
0.1499
0.03772
-0.12561
0.063416
-0.085388
0.13977
-0.030273
0.73535
0.12317
0.065918
0.028809
0.049133
-0.051941
0.067383
-0.016235
-0.011169
-0.014893
0.010376
0.021912
0.29742
-0.0047607
0.066895
0.0036621
0.56317
0.030701
0.025574
-0.063904
0.15503
0.45959
-0.031311
0.37292
0.011658
-0.035767
0.047852
0.17365
0.29315
0.0072021
0.83051
-0.10461
0.00085449
-0.026001
-0.086792
-0.026245
-0.022705
0.072449
-0.01825
0.18695
0.014893
0.22351
0.20276
0.40082
-0.029724
0.045105
-0.021851
0.9632
-0.00061035
0.044556
-0.0014038
-0.068604
0.06189
0.10419
0.041626
-0.054443
0.012756
-0.051941
-0.022949
0.10468
0.014526
0.50952
0.025269
0.39001
-0.073914
0.11951
0.028442
0.052795
0.012512
-0.037354
-0.0090332
0.016663
0.33087
0.084351
0.27484
0.17853
-0.0026855
0.88202
0.07019
-0.032227
0.044678
-0.023743
-0.012756
0.045593
0.0039063
-0.0092163
0.038696
0.031067
0.045593
0.24536
0.057617
0.49481
0.010986
0.14038
0.034973
-0.079468
-0.03009
0.06488
0.033936
-0.006958
-0.029297
-0.0058594
0.16815
0.010132
0.59595
-0.0093384
0.20715
0.0015869
-0.046875
0.25604
0.14764
0.4306
-0.040466
0.29352
0.014954
-0.033752
-0.042053
0.83289
0.056152
0.0015869
0.02063
-0.12665
0.042847
0.25433
-0.033386
-0.010803
-0.035828
0.15881
0.020508
-0.030701
0.70056
-0.10004
-0.0064087
0.099182
0.012451
0.055054
0.0098267
-0.073486
-0.052429
0.11407
0.039734
0.58295
-0.039734
0.31378
-0.013672
-0.053162
0.007019
0.027832
0.047302
0.012573
-0.057495
0.051147
-0.065918
0.030945
0.57648
0.063843
0.39026
1.1879
-0.015259
0.057495
0.11407
-0.21478
0.039551
0.0091553
0.093689
-0.046143
0.052673
0.047241
0.025696
0.59393
0.022949
0.13397
-0.008728
0.21979
0.038879
-0.031189
-0.077454
-0.04071
0.96313
0.059631
0.010071
0.0059814
-0.048462
0.013916
0.042847
0.043701
-0.023438
0.0050659
0.74963
-0.0085449
0.1571
0.090698
0.0075073
0.00073242
0.04303
0.003479
0.038025
0.0012207
0.038086
-0.06897
0.3551
0.47504
0.018738
0.12341
-0.0079956
-0.0354
-0.0070801
-0.00091553
0.054321
0.21375
0.024048
0.22833
0.036255
0.26776
-0.056519
0.033081
0.015015
0.025085
-0.014526
0.062378
0.0010376
0.10846
-0.032715
0.12775
-0.044434
0.39166
-0.029419
-0.014099
-0.022949
0.012878
-0.078186
-0.053406
1.015
-0.069702
-0.16284
0.061646
0.05127
0.029846
0.051941
-0.053528
0.061829
0.06958
0.5224
-0.014221
-0.11487
-0.087952
0.48993
0.56537
0.1076
0.026917
0.15753
-0.0093384
-0.0029907
0.13666
0.046997
-0.0026245
-0.015259
0.22211
0.44556
0.093994
-0.027893
0.2196
-0.027893
0.081787
0.02179
-0.070618
-0.017456
-0.0068359
0.032166
0.029419
-0.084534
0.5174
0.019043
0.42651
-0.021423
0.014343
-0.0018311
0.10425
0.044983
-0.008606
0.061218
-0.15326
1.0613
-0.25775
-0.29584
-0.0064087
0.21381
-0.031677
0.94489
-0.049133
-0.0078125
0.0057373
0.031616
-0.0075684
-0.0079346
0.0080566
-0.038696
-0.022339
0.055786
0.03772
0.061951
0.20941
0.08905
0.04071
-0.0177
0.21533
0.029236
0.019165
0.1991
0.093018
0.10492
0.42285
-0.042969
0.18488
0.0578
0.035583
-0.017212
0.17157
-0.093872
-0.15973
0.34174
-0.035645
0.053223
0.18073
0.1546
0.6864
-0.020813
-0.019165
0.064453
0.14758
0.0053101
0.37561
0.06311
0.23474
-0.065918
-0.010559
0.033508
0.038757
0.029236
-0.0084229
-0.02948
0.027344
0.1369
-0.076538
0.87695
-0.0082397
-0.0021973
0.0039063
0.05127
0.00097656
0.079468
0.066528
0.67828
-0.027527
0.33466
-0.11487
-0.089844
-0.14551
0.040894
-0.03833
0.95056
0.032471
0.033752
-0.055603
0.078247
-0.0010986
0.00067139
-0.045776
-0.043274
0.17963
-0.020691
-0.069458
0.1615
0.10907
-0.050598
0.8916
-0.064941
0.047729
0.40155
-0.085938
0.14221
0.086792
-0.037598
0.22931
0.065735
-0.014099
0.093933
0.13129
0.75293
-0.10822
-0.025757
0.18964
0.068909
0.0074463
-0.037659
-0.061523
0.036926
-0.021423
-0.048706
-0.023743
-0.030457
0.043823
0.14661
0.0070801
-0.038635
0.084534
0.68402
0.059265
-0.028687
-0.017761
0.11688
-0.044067
0.11719
0.0061035
-0.072876
0.97827
-0.024048
-0.056274
0.8244
-0.034485
0.14563
0.023804
0.075928
-0.03717
0.021301
0.0096436
0.027039
-0.021362
0.033447
-0.063416
0.86902
0.0057983
0.045532
0.048401
0.035522
0.0067749
0.026245
-0.059448
0.02478
-0.031494
1.0303
-0.050842
0.026428
0.0021973
-0.025146
0.04657
-0.035645
0.023621
0.023743
-0.040161
-0.048523
-0.025024
-0.12933
0.089539
1.1834
0.0031128
-0.04657
-0.043152
-0.075439
0.095459
-0.16058
0.030579
0.6723
0.15991
0.0059204
0.13
-0.041138
0.21802
0.16626
0.030762
0.37415
0.36584
0.00073242
-0.0054932
0.11578
-0.1134
-0.012695
-0.058655
-0.076172
-0.022705
-0.0067139
0.025085
1.2391
0.021912
-0.15253
0.028137
-0.064087
-0.053162
0.0011597
-0.029541
0.025085
0.0037842
0.36639
0.003479
0.76886
0.037598
0.056458
0.041748
-0.085876
0.027588
0.11139
0.04303
0.047058
0.14252
-0.046875
0.18317
0.015869
0.031494
-0.025513
-0.061768
0.024109
0.032043
0.36157
-0.032471
0.09729
0.0074463
0.59949
0.041565
-0.026062
0.32062
0.06073
0.084961
0.0802
0.34192
-0.11353
0.28625
0.088867
0.1413
-0.029236
-0.02356
0.60907
-0.090332
0.0060425
0.055054
-0.036011
0.18073
-0.046387
0.046082
0.023987
-0.058044
-0.032837
-0.091431
0.53442
0.017273
0.05304
0.15454
0.51843
0.030884
-0.097351
0.0043335
-0.0018921
-0.0083008
0.20313
-0.014099
0.068054
0.26154
-0.0032959
-0.011719
0.070129
0.47412
-0.10632
0.49329
0.068115
0.13538
0.066223
-0.034302
-0.0079346
0.0022583
-0.033813
0.25214
-0.031311
0.28174
0.024353
0.40845
-0.0271
0.1344
-0.0042114
-0.14252
0.10352
-0.15265
1.1255
0.076965
-0.014404
0.062134
-0.048462
0.018677
-0.03418
0.054016
0.028809
-0.012512
-6.1035e-05
-0.0089722
0.067749
-0.00073242
-0.035645
1.2045
0.043091
-0.054382
-0.17847
0.011963
0.22748
0.43286
0.015381
0.64423
-0.1106
0.061584
-0.0022583
-0.078613
0.11981
0.057495
-0.029297
0.014282
0.69818
0.055664
0.0019531
0.010864
0.15033
0.063721
-0.093323
-0.011108
-0.057007
0.040161
0.89862
0.055176
-0.082703
0.087708
0.11584
-0.043884
-0.0031128
0.55817
0.093567
-0.047791
0.14716
0.16577
-0.10181
0.1908
0.14471
-0.059021
-0.0015869
-0.071655
0.038391
-0.05188
0.3645
0.068359
0.19946
0.18359
0.088318
0.018921
0.79706
-0.112
0.125
0.021912
0.059326
-0.014038
0.013184
-0.021729
0.03595
0.16748
-0.060852
0.084717
0.19006
0.040466
0.063416
-0.059692
0.005127
0.2063
0.34741
-0.023254
0.079529
-0.040466
0.72986
0.030396
0.034729
0.023804
0.038025
0.041138
-0.032227
0.077698
-0.0094604
0.078308
0.071167
-0.055359
1.0172
0.062744
-0.22388
0.0064697
0.26556
-0.02301
0.17041
0.036804
0.14526
0.5965
0.072571
-0.011414
0.074036
-0.052734
-0.0072632
-0.068909
-0.058167
0.0098267
-0.047241
0.10107
0.0042114
-0.038147
0.0053711
0.91278
0.022156
0.17078
-0.071167
0.15698
0.14154
0.22296
0.0055542
0.38068
-0.0079346
0.015198
-0.03418
0.146
0.027161
0.24994
0.1109
0.081909
0.027649
0.28735
-0.018372
0.057312
0.036072
0.0077515
0.77515
-0.018677
0.035767
-0.025879
0.097656
-0.041687
0.056274
0.10449
0
0.023865
1.014
0.071594
-0.024231
-0.018066
-0.07135
-0.021362
0.081909
-0.020874
-0.0271
-0.022034
0.063782
-0.021118
0.016602
0.021362
0.045654
0.0031738
1.0089
-0.013855
-0.091858
-0.010803
0.010742
0.026367
-0.008728
-0.024719
0.098083
0.032227
0.0578
0.012146
0.90491
0.082153
-0.065247
0.49268
-0.11182
0.17419
0.062744
0.26855
0.0028076
0.071533
0.058289
0.16235
-0.10718
0.62421
0.11224
0.12506
-0.027588
0.081238
-0.067078
-0.085876
0.013306
-0.051514
-0.0065918
-0.0084839
0.0061035
-0.0020142
0.30334
-0.05957
0.5376
0.069763
0.089417
0.138
0.0401
0.02948
0.23578
0.38885
0.0093384
0.034424
0.084412
0.04834
-0.026001
-0.19934
0.18842
0.064758
-0.051636
0.6272
0.053589
0.0056152
-0.024414
0.1676
0.012939
0.079956
-0.043823
0.020203
0.012573
-0.0045166
0.13739
0.077148
-0.017761
0.38495
-0.0057983
0.022217
0.060974
0.55859
0.045593
0.11108
-0.018555
0.11725
-0.0066528
0.039246
-0.00079346
0.079041
0.061951
0.57471
0.020935
0.015869
0.065613
0.1264
-0.025085
-0.036133
0.0091553
0.31299
-0.072205
0.0084229
0.22229
-0.041443
-0.037292
0.24207
-0.011841
0.30115
0.067078
0.27032
-0.23053
0.0010376
0.51105
-0.01239
0.096619
0.22943
-0.0495
0.19019
0.0020142
-0.013733
0.098022
0.29315
-0.080139
0.34009
0.15692
0.38629
0.060852
-0.05481
-0.018921
-0.031738
0.072266
-0.072205
0.02771
0.61804
0.046387
0.18567
-0.0033569
0.092163
-0.019165
-0.0043945
-0.068359
0.042725
0.02301
-0.073425
0.10071
-0.041931
-0.15167
0.036011
1.0895
0.023376
-0.03418
0.13971
0.095276
0.30615
-0.040833
0.41699
-0.0065918
0.086365
0.020752
0.049561
0.0029907
-0.080017
-0.064636
0.22137
0.048279
0.31763
-0.034607
0.98065
-0.064209
-0.030945
0.012512
0.19159
0.005249
0.91736
-0.028137
0.096558
-0.016174
-0.068237
-0.032593
0.035767
-0.079773
0.065002
0.083496
0.080017
0.70959
-0.0224
0.091736
0.032166
-0.027527
-0.060059
-0.082886
0.01062
-0.0029907
-0.013794
0.30383
0.022278
0.079285
0.15558
0.39258
0.30859
0.086548
0.084473
0.037842
0.1217
0.055054
0.34839
-0.0096436
0.060364
-0.0014648
0.21844
-0.057495
0.20447
0.48029
0.20361
0.06488
0.1557
0.049011
-0.08429
-0.066956
-0.017517
0.037537
-0.0088501
0.056824
-0.042236
-0.085266
0.012634
0.35114
-0.070068
0.73413
0.0040283
0.11945
0.21259
-0.095581
0.21094
0.15405
0.2403
0.077271
0.0026245
0.1087
-0.052856
0.013062
-0.044556
-0.05835
0.11328
0.22644
-0.092834
-0.047363
0.0061646
0.96771
0.086914
-0.10199
-0.14392
0.37579
-0.087646
0.1286
0.15186
-0.021851
0.71997
-0.026489
-0.028809
-0.0082397
0.0097046
0.019043
0.012695
0.14722
-0.0039063
0.92798
-0.025269
-0.031738
-0.05072
0.11029
-0.027222
0.29681
0.47565
-0.022705
0.11078
0.03949
-0.062012
-0.00073242
-0.060547
-0.040588
0.29059
0.12952
0.58276
-0.050964
-0.0032959
-0.045593
0.013245
-0.040344
0.12946
-0.0033569
0.72711
0.027039
-0.046143
-0.0073242
0.029907
0.010071
0.0042114
0.085938
-0.04657
-0.073486
0.048767
0.095581
0.019348
0.76666
0.027771
0.43158
0.046936
-0.17896
0.083313
-0.054138
-0.099792
0.99451
-0.05426
0.015808
0.024597
-0.0022583
0.1059
-0.0090332
0.012695
0.051758
-0.0066528
0.0177
0.032166
0.43805
0.046021
0.62482
0.087036
-0.022217
0.58636
0.057739
0.12848
0.17816
-0.022705
-0.079712
0.23242
0.041443
-0.028564
0.033447
-0.058838
-0.018372
-0.0036621
0.024414
0.056274
0.048828
-0.066101
0.98578
0.020203
-0.05835
0.051758
0.10797
0.12299
-6.1035e-05
0.14319
0.1955
0.31598
0.10443
0.10651
-0.063904
-0.028931
-0.019714
-0.028015
-0.072998
0.0049438
0.0073853
-0.047852
0.25836
0.10388
0.71399
-0.026611
0.032349
0.030701
0.86414
0.027405
0.060486
0.042542
-0.012268
-0.024475
-0.016968
0.0081787
0.04126
-0.042908
0.022766
0.0092163
-0.023865
0.020325
0.92676
0.09906
-0.10773
0.69971
-0.048279
0.038696
0.012329
-0.047485
-0.012024
0.24469
0.12988
-0.057678
-0.082581
-0.013306
-0.010864
-0.013
0.028198
-0.053101
-0.1131
-0.039612
0.17694
0.20813
0.78217
-0.0088501
0.12225
-0.11011
0.47015
0.32062
0.02179
0.19641
-0.016724
-0.00079346
0.078857
0.062012
0.083069
-0.091125
-0.052063
0.11023
0.01947
0.15247
-0.1524
0.49622
-0.077209
0.0092773
0.10553
0.0014038
0.066589
0.58771
-0.014282
0.13489
-0.043884
0.011108
-0.046997
-0.075623
0.062195
0.10132
-0.077515
0.58875
0.005127
0.31024
0.038879
0.070374
0.011536
-0.025513
-0.0040283
-0.037292
0.0061646
0.038635
0.21814
0.051575
0.36725
0.041016
0.32745
0.10822
0.0075684
0.37646
0.0014648
0.075562
-0.020386
0.40503
0.092529
0.085205
-0.05542
-0.054565
0.053711
-0.051697
0.11774
0.47968
-0.041748
0.31445
-0.011902
0.0084229
0.0031128
0.006897
0.003418
0.084167
-0.0047607
0.43524
0.00036621
0.40991
-0.028564
0.066956
-0.01593
0.0054932
0.075928
0.36743
-0.089478
0.54218
0.074341
0.12366
0.034485
-0.049072
-0.042603
0.36792
0.14374
0.032898
0.11145
0.07666
0.14172
0.25812
0.0012817
0.017273
0.0036011
-0.058716
0.0074463
0.069092
0.052246
0.01416
0.33435
-0.00042725
0.69055
-0.0059814
0.0064697
-0.03772
0.10962
-0.070251
-0.091797
0.13354
-0.025879
0.0079346
0.020813
1.0028
-0.13531
-0.049194
0.081726
0.20874
0.028748
0.61139
-0.011658
0.11292
0.0072632
-0.097412
0.021179
0.12225
-0.034485
0.42371
0.069946
0.24915
-0.060059
0.32147
-0.0271
0.071533
-0.05603
-0.077881
0.0059204
0.21393
0.029907
0.66541
0.016235
0.23395
-0.09967
-0.029358
-0.063599
-0.0083618
-0.011475
-0.065735
0.092834
-0.015808
0.79889
0.018127
0.24249
0.082642
-0.058105
-0.10876
-0.039551
-0.065063
0.055664
0.054626
1.0813
0.037292
-0.097778
-0.083252
-0.18378
0.55353
-0.037598
-0.097168
0.039063
0.2298
0.031738
0.27142
0.0080566
-0.044128
0.016968
-0.033691
0.1922
-0.018311
0.29077
0.63129
0.046143
0.047974
0.040649
-0.06134
0.012817
0.0056763
0.04248
-0.060486
-0.010132
0.049622
0.91425
0.018982
0.17346
0.0089722
-0.0672
-0.023804
-0.030518
-0.022156
0.11383
-0.040588
0.9679
-0.017395
0.10974
0.085938
0.013611
-0.017761
-0.069946
-0.076599
0.032166
-0.024597
-0.03717
0.05658
-0.053101
0.78137
0.001709
-0.00061035
0.72119
0.029297
0.14679
0.066162
0.056885
0.036011
-0.053223
0.087769
0.028259
0.14264
0.51733
-0.10919
-0.0061646
0.41431
0.062683
0.02356
-0.0084839
-0.082947
0.01355
-0.030762
-0.016846
-0.04248
-0.028015
-0.061035
-0.065186
-0.041931
0.68707
0.30707
0.036926
0.062195
-0.081848
0.076233
-0.07959
0.49762
0.089661
0.37164
-0.0048828
0.055237
-0.022034
0.3241
0.046387
-0.11749
0.24054
0.26874
-0.0066528
0.39679
-0.023865
0.016541
0.014709
-0.029785
0.040405
-0.019775
0.061096
-0.018494
-0.10065
-0.088928
-0.027039
-0.039978
1.1226
0.66583
0.031372
-0.045898
-0.080566
0.2511
0.058777
0.2655
-0.0067139
0.0083618
0.074097
-0.062378
-0.026123
-0.0057983
0.026978
0.07074
-0.00024414
-0.1059
0.02124
0.83313
0.052429
-0.063965
0.099121
-0.0097046
0.02594
-0.0021973
0.33472
-0.10229
0.63007
0.18628
-0.1001
-0.072144
0.10126
0.30469
0.071472
0.54889
0.024597
-0.060486
0.065186
-0.11255
-0.025452
0.35455
0.031677
0.18994
-0.047668
-0.043396
0.060791
0.20868
0.075378
0.16016
0.020996
-0.012451
1.043
0.047729
0.068237
-0.005188
-0.0038452
-0.049744
0.032837
0.017273
-0.027832
0.11664
0.071899
0.25018
-0.058105
0.088867
0.018921
0.25983
0.05603
0.16748
0.078308
-0.030334
-0.019897
0.022644
-0.018921
0.013
0.070923
-0.0025024
0.65808
0.015137
0.19061
0.10474
0.028748
-0.013916
0.0071411
0.0042725
0.44666
-0.03009
0.34943
0.05188
0.085022
-0.027588
0.048523
0.39001
0.022339
0.23242
0.063904
0.18683
-0.092346
0.057068
0.15369
-0.021606
0.091675
-0.021729
-0.10834
0.055969
0.082336
0.0011597
-0.056396
-0.051575
1.2336
0.13965
-0.054993
0.087524
-0.070496
-0.0012207
0.16644
0.1875
0.037781
0.56506
-0.11542
-0.057312
0.076782
-0.1001
-0.054993
-0.029053
1.3672
-0.11725
-0.28125
-0.17719
0.063599
-0.028076
1.0037
-0.062622
-0.020264
0.00097656
-0.0079346
-0.0042114
-0.0059814
0.0082397
-0.042847
0.0028687
0.53162
-0.016785
0.4201
0.12329
0.014282
-0.0065918
0.079407
-0.067932
0.0055542
0.31946
0.18005
0.0081787
0.41498
0.039001
-0.047974
0.032043
0.051208
0.046997
-0.033875
-0.038696
0.02533
0.64941
-0.0755
0.13031
0.091736
0.029358
0.032654
0.058228
0.044861
0.49762
-0.011414
0.36151
0.098999
-0.048096
0.097229
0.25031
0.020752
-0.17657
-0.017151
-0.082703
-0.066895
0.045532
-0.0097046
-0.026672
-0.015808
0.063232
-0.080017
0.039368
0.37262
0.28741
0.24713
-0.093079
0.27307
0.097717
0.060913
0.17657
-0.020447
-0.12933
-0.049072
-0.01178
1.1821
0.030701
-0.076965
0.055725
0.0036011
-0.040955
-0.055115
-0.0042114
0.045288
-0.023499
-0.026917
0.0031128
-0.0049438
0.041992
-0.02179
-0.051819
0.033142
0.092712
0.89148
0.34137
0.05603
-0.059204
0.24982
-0.064209
0.053833
0.0065918
0.0071411
0.096802
0.035522
0.10083
0.069641
0.11151
0.038147
-0.019592
0.6568
0.19275
0.02002
-0.037537
0.16626
0.014404
0.034363
-0.074158
-0.076294
-0.010254
1.0596
0.0010986
-0.082458
-0.11346
0.17926
0.038086
0.031982
0.097778
0.0023804
0.10974
-0.043335
0.19183
0.0039063
0.14532
0.0038452
1.0098
-0.040283
-0.077515
-0.10187
-0.13745
-0.010315
0.17865
-0.014893
-0.17401
0.015137
0.036011
-0.032654
-0.013611
-0.09082
0.040955
0.082825
0.018555
0.77063
-0.00061035
0.097839
0.43024
0.077515
-0.012573
0.17108
0.029236
0.095032
0.28009
0.070435
0.049561
-0.031677
0.1377
0.0495
0.49512
-0.022888
0.14893
0.050659
0.31238
0.04425
0.068665
-0.039551
0.2934
0.3645
-0.0078125
0.31781
0.1084
-0.13885
-0.037659
0.051025
0.0054932
-0.036377
0.17712
0.72833
0.0079956
0.098755
0.040894
-0.10437
0.031738
-0.014526
-0.075684
0.012085
0.034973
0.14917
0.016357
0.71503
0.013916
0.027832
0.02533
0.095459
0.085815
-0.036682
-0.013123
0.65521
-0.0080566
0.26947
0.013062
0.036377
-0.036377
-0.026245
0.032837
-0.003479
0.011414
0.1897
0.024536
0.76471
-0.0041504
-0.016479
0.014404
0.018677
0.046509
-0.026489
0.063477
-0.075378
0.46307
-0.03772
0.3736
0.036499
0.15002
-0.013855
-0.031433
-0.0071411
-0.02832
0.019226
-0.011169
-0.062439
-0.039429
0.27136
0.04303
0.41553
0.044922
0.29242
0.0011597
0.070618
0.67218
-0.086548
0.087952
0.12708
0.21539
-0.10345
0.087585
-0.0037842
0.079895
0.013184
0.13959
0.1615
0.38062
-0.018677
0.23761
0.055298
0.06189
-0.012207
0.028137
0.0054321
0.06012
0.077698
-0.016174
0.057617
-0.022522
0.095276
-0.03009
0.75824
-0.043945
-0.051147
0.064026
-0.023071
-0.12054
1.1251
-0.099487
-0.010193
0.16071
-0.081848
-0.10938
0.03064
0.47333
0.12152
0.23108
0.076599
0.29047
-0.0802
0.13196
-0.091187
-0.0021973
-0.025085
0.014954
0.0050659
0.025452
-0.035278
-0.00018311
0.11768
-0.11566
0.90997
0.082336
-0.088684
-0.025146
0.067871
0.31995
-0.0040283
0.46454
0.062256
0.12042
-0.095703
0.13867
0.10022
-0.064514
0.39203
0.16125
0.052185
0.077637
0.039917
0.16986
0.034546
-0.10187
0.029968
0.091919
0.046997
0.54272
0.017273
0.35748
-0.025085
0.19641
0.031494
-0.044495
0.092224
0.23029
-0.011475
0.57385
-0.11755
0.020447
-0.0012207
-0.015686
0.032532
0.79486
-0.033508
0.14349
-0.10388
-0.043823
-0.036316
0.17157
-0.075684
-0.027588
0.0066528
0.26965
-0.010437
0.020813
-0.018738
-0.058716
0.01239
0.069031
-0.017395
0.025269
0.012817
0.1106
-0.026062
-0.053894
0.06488
0.044006
1.0167
0.099609
-0.040161
-0.069824
-0.02594
-0.042908
-0.05188
0.75305
0.051819
0.18561
-0.02533
-0.044189
-0.0059814
-0.079834
-0.044678
0.12958
0.0054321
0.79315
-0.045654
0.1756
-0.0082397
0.13464
0.038574
-0.06366
-0.033752
-0.016113
-0.19415
-0.15234
0.21466
-0.16779
1.1185
-0.084595
-0.078003
0.16479
-0.0625
0.19708
-0.019348
0.092834
0.018311
0.2301
0.088318
0.41199
0.066589
-0.01123
0.026001
0.019592
0.66693
-0.041199
0.32629
0.06842
0.065613
-0.086914
0.013489
-0.0067749
-0.0031738
0.081604
0.099365
0.15314
-0.077637
0.20239
0.39185
0.35071
0.029358
-0.071411
-0.097961
0.013794
0.0016479
0.65637
0.14697
0.03833
-0.023132
0.2121
-0.030518
-0.045898
-0.022217
-0.050049
0.016479
0.016357
0.081177
0.022217
0.57623
-0.058167
0.41766
0.013428
0.12146
0.067139
0.060608
0.061279
-0.01532
0.65912
-0.061401
0.30908
0.094788
-0.018799
0.0018311
0.043701
0.045654
0.028381
0.23059
0.38281
0.065674
0.087708
0.025818
0.0072632
-0.012329
-0.071533
0.043762
0.057556
-0.069885
0.068787
0.19757
0.10779
0.037964
0.34631
-0.081665
0.18182
-0.071777
0.10339
0.37714
0.06897
-0.037842
0.16199
0.062073
0.1156
-0.015015
0.20477
0.0849
0.28784
-0.065918
0.15259
-0.03595
0.27716
-0.017212
0.016602
0.050537
0.036621
-0.042847
-0.037415
0.25366
0.36523
0.054321
0.24384
-0.05072
0.0021362
-0.001709
0.83972
0.045349
-0.11035
-0.063904
0.074097
0.060669
0.13428
-0.023071
-0.072632
0.011719
-0.086853
-0.17395
0.27869
0.15503
0.34802
-0.029846
0.49298
-0.061707
0.1311
-0.138
0.099976
0.08252
-0.018372
0.3175
0.40948
-0.051575
0.20819
0.11932
0.070862
-0.0023804
0.056824
-0.057922
0.0098267
-0.019287
0.48065
0.018799
0.38574
-0.013367
0.12396
-0.029968
-0.020874
0.0036621
0.19897
-0.0089111
0.012878
-0.12378
0.099121
0.073914
0.14087
0.024231
-0.052551
-0.10742
-0.032043
1.0125
-0.047546
0.05011
0.030212
0.071716
0.061951
0.023193
-0.042542
0.016968
-0.010559
0.063782
0.030029
0.091614
0.089783
0.18872
0.79999
-0.034241
0.11707
-0.036926
0.49902
0.054443
0.080933
-0.003418
0.39618
-0.051758
0.16241
-0.038025
1.0363
0.044556
-0.022339
0.11505
-0.20172
0.020569
-0.01825
0.10913
-0.095642
-0.062256
-0.11548
-0.0097656
-0.018127
0.27301
0.50702
0.042542
0.25134
-0.030273
0.027832
-0.041504
0.1665
0.33728
-0.027588
-0.022522
0.12604
0.17853
0.3114
0.15375
0.045166
0.010803
-0.035522
0.11438
0.16547
-0.092224
0.22693
0.06012
0.080261
-0.10522
0.84467
0.031555
0.13013
-0.064331
0.12549
-0.11365
0.014526
0.0028687
0.1767
0.0090942
0.60974
0.071594
-0.033447
-0.021851
0.22833
0.028748
0.47333
-0.0044556
0.34637
0.035461
-0.019775
-0.046387
-0.052063
0.083862
-0.072754
-0.054382
0.048828
0.96442
-0.016602
0.37402
-0.023376
-0.083801
-0.031311
0.047363
0.59503
-0.03949
0.22723
0.056824
0.11615
0.060974
-0.072388
-0.072021
0.029846
0.026245
0.57544
-0.00097656
0.1662
0.052917
0.24396
-0.042908
0.026978
-0.030701
0.43359
-0.014099
-0.085022
0.69751
0.10968
-0.021973
0.16699
0.035034
0.036499
0.036072
0.80951
-0.069397
-0.066223
0.070068
-0.055054
0.04425
0.19073
0.057434
-0.10297
0.017029
-0.0096436
0.9162
-0.070679
-0.049316
0.083862
0.041626
0.01947
-0.035767
-0.00067139
0.0074463
-0.013
-0.0082397
-0.025879
0.038147
0.0090942
-0.14667
-0.039124
-0.0021973
0.0090332
1.2977
0.96277
0.081055
0.038391
-0.067688
-0.043213
0.033386
0.043457
0.025757
-0.081726
0.00177
-0.0066528
0.052673
0.036865
-0.00061035
-0.0010986
0.036194
0.012695
-0.00091553
-0.0096436
1.0031
0.022705
1.0013
-0.008606
-0.047974
0.055908
0.00073242
0.03064
-0.00036621
-0.018433
-0.012024
-0.013367
-0.02948
0.005127
-0.0088501
-0.0073853
-0.10449
0.00018311
0.20612
0.0046997
0.88702
0.19568
0.090149
0.038147
0.11969
0.14941
0.12335
0.20123
0.0050049
-0.019104
0.088257
-0.00030518
0.026733
-0.03656
-0.042542
0.011597
0.35571
0.07428
0.40271
-0.038696
0.051147
0.10376
0.14447
0.28735
-0.13885
0.37201
0.036987
0.12872
0.039734
-0.076721
-0.058105
0.027405
0.017395
0.49622
-0.13214
0.45972
0.020386
0.25183
0.0067749
0.06134
-0.048279
-0.064209
0.01355
0.0040283
-0.0026245
0.073975
0.16003
0.026123
0.8136
-0.043335
-0.055054
0.020142
0.043274
-0.0092163
0.48602
0.12689
0.090393
0.086731
0.069275
-0.036743
0.037292
-0.048035
-0.027771
0.12927
-0.090027
-0.001709
0.095093
0.096558
0.026611
0.42566
0.048523
-0.0038452
0.117
-0.088928
-0.071106
-0.055542
0.56982
0.098206
0.32849
0.097717
0.15302
0.44446
-0.056396
-0.14606
-0.068665
0.32404
0.052856
0.27472
-0.025696
0.072815
0.014587
0.039368
0.065613
0.13861
-0.017334
0.049316
0.030029
0.10132
0.021851
0.10254
0.08075
0.21686
0.078369
-0.034485
0.38788
0.074585
-0.14331
0.068115
0.077271
0.081116
-0.038391
-0.037903
-0.057922
0.040405
-0.033569
0.042969
0.11194
0.014954
0.49384
0.045654
0.5412
0.023865
0.079163
-0.10522
-0.040588
-0.0077515
1.235
-0.29565
-0.03418
-0.2027
0.12689
-0.038574
0.0098877
-0.025269
0.063354
0.036133
1.0027
0.028015
0.14526
0.04071
-0.2168
-0.099731
0.011169
0.02832
-0.085388
-0.0053711
0.41443
-0.016541
0.25403
0.20038
0.36108
-0.097168
-0.035889
0.020508
0.052795
0.058289
0.71716
-0.06366
0.37347
-0.01947
-0.00091553
0.53394
0.09198
-0.0098267
0.059692
0.15869
-0.020813
0.19391
0.0078125
0.015076
0.0054321
0.65735
-0.078247
-0.090698
-0.01062
0.198
0.038147
0.30658
-0.045593
0.022583
0.0070801
0.98859
0.010071
-0.040405
-0.18353
-0.029419
0.077087
0.25702
-0.040344
-0.11749
0.036011
0.10693
-0.14142
0.088745
0.89777
0.07489
0.031616
0.060547
0.067139
0.01001
0.0026855
0.084839
0.015198
0.20563
0.12585
0.31226
-0.0401
0.28601
0.077332
0.050659
-0.064941
-0.032104
0.094788
-0.13434
0.065613
0.57257
-0.047485
0.16925
0.061218
0.021301
0.034424
-0.038025
0.027222
0.1225
0.010132
0.76227
-0.082886
0.13232
-0.036865
-0.0011597
0.02478
0.030396
-0.037781
0.062073
-0.082764
-0.067383
0.40515
0.24402
-0.0029907
0.16882
0.15631
-0.096558
0.0084839
-0.026123
0.033875
0.083252
0.20673
-0.07196
0.87329
-0.049744
-0.12244
-0.04071
0.94458
0.035645
-0.074463
0.074219
0.015076
-0.00085449
0.015015
-0.025208
0.050293
0.072876
0.078979
-0.034668
1.0778
-0.071106
0.0070801
0.016174
-0.064514
-0.055969
-0.020142
-0.0056763
-0.091675
0.23779
0.090637
0.48181
-0.0048828
0.28931
0.11719
0.032349
0.020935
0.54248
-0.083496
-0.02063
0.0979
0.0062256
0.046326
0.19336
0.063782
-0.051758
0.0057373
0.015076
-0.05719
-0.066833
-0.068726
0.63629
-0.013428
0.42706
-0.031311
0.15015
0.0097046
-0.040588
-0.083923
0.042908
-0.058716
0.017029
0.57458
0.067871
0.097107
0.099365
0.22827
0.003479
1.1212
0.032349
-0.14203
0.016785
-0.0042114
-0.051514
0.0098877
0.028809
0.035767
0.13745
0.007019
0.10693
-0.011475
0.3938
0.036377
0.44299
0.013062
0.082764
-0.046692
-0.0084839
-0.070251
-0.022156
-0.027588
0.00018311
0.041687
-0.019653
0.70618
-0.0045166
0.32043
-0.057068
-0.072205
-0.010193
1.0087
-0.047302
0.079407
-0.031006
0.007019
0.048157
-0.03125
-0.06366
-0.0031128
0.20331
-0.064209
0.65045
0.057434
0.44562
0.04248
-0.02832
-0.039917
0.080261
0.016907
-0.25525
0.060547
0.011658
-0.0062866
-0.099792
-0.0043945
1.1672
0.015442
0.049561
0.031616
0.14117
-0.16455
0.1261
-0.089966
0.015198
0.077454
0.64044
0.057434
0.012573
0.038391
0.20599
0.029663
0.28662
-0.019287
0.21857
-0.034607
0.0089111
0.027039
0.040771
-0.16943
-0.012939
-0.017395
-0.041016
0.060486
-0.096313
0.16278
0.77271
-0.13568
-0.032104
0.052673
-0.048218
-0.040588
0.12213
0.1554
0.054565
0.27246
0.019958
0.49579
-0.12592
0.12372
-0.0018921
0.11871
0.69983
0.045349
0.041992
0.031555
-0.022705
-0.013184
0.22827
0.22522
-0.072693
-0.012024
0.22809
0.075623
0.12219
-0.0095825
0.069458
0.028442
0.038513
-0.050415
-0.049927
-0.024109
0.58905
0.029907
0.40686
-0.02478
0.047852
-0.0083618
-0.094055
0.036804
-0.034851
0.1084
0.048584
0.99945
-0.032715
0.11932
0.13129
-0.026794
-0.054932
0.03717
0.28815
0.10846
0.39581
-0.013855
0.03186
0.031372
-0.073547
-0.061646
-0.041565
-0.016785
0.026733
0.014404
-0.013733
0.2854
-0.016968
0.495
0.11444
0.13086
0.063354
-0.048157
-0.020386
-0.040894
-0.0073853
0.054199
0.10187
0.07843
0.49213
-0.035156
-0.074951
-0.017334
-0.014465
0.00036621
0.0057373
0.91345
-0.079712
0.1839
-0.026917
-0.11511
-0.086365
0.063049
0.089661
0.18176
0.15625
-0.042175
0.38245
-0.15765
0.24182
0.019409
0.045898
0.048767
-0.040588
-0.024414
-0.021362
0.044067
0.024902
-0.017456
1.0898
0.090759
-0.026428
-0.056274
-0.042542
-0.022278
0.069458
0.97614
0.037842
-0.016602
-0.00054932
-0.048401
0.006958
-0.0042725
0.084167
0.12695
0.56006
-0.019165
0.080566
0.062805
-0.052856
-0.048401
-0.022522
-0.023071
0.35358
0.10828
0.10785
0.070068
0.25397
-0.096985
0.12885
-0.039673
0.014099
0.10333
-0.15552
0.16083
-0.01947
0.079285
-0.17523
-0.081665
1.2227
-0.11047
-0.077698
0.097168
-0.031067
-0.099243
0.13373
-0.13458
-0.018433
-0.0064087
-0.12006
0.96692
0.032104
-0.060242
0.13934
-0.021362
-0.011597
-0.025818
0.13025
0.085022
0.71234
-0.025146
0.15784
0.062134
-0.046753
0.22559
0.16974
0.12238
0.19171
0.13727
-0.070251
0.050476
-0.016296
0.0087891
-0.049805
0.59064
0.34778
0.069885
0.064941
0.052612
-0.0092773
0.061523
0.46051
0.072266
-0.10089
0.34503
0.11035
0.086731
0.084717
0.039856
-0.011047
-0.0061035
-0.034119
0.027161
-0.0065918
-0.067444
-0.089172
0.1283
-0.013184
0.013428
1.0164
-0.0041504
0.083191
0.020935
0.04425
-0.10052
-0.090393
0.099487
0.080811
-0.033142
0.95502
0.093933
0.24164
0.034424
0.40179
0.25195
0.051575
0.016724
0.27545
-0.0049438
-0.062256
-0.037537
0.32013
0.097717
-0.13574
0.4599
-0.014709
-0.078186
0.080872
-0.024414
0.047791
-0.020691
-0.02124
-0.055725
0.060059
-0.079163
0.020447
-0.037476
0.057495
0.17383
0.13159
0.83514
-0.04657
0.15784
0.32739
-0.0048218
0.64459
0.082642
-0.13538
0.023132
-0.12415
0.07959
-0.064575
0.031372
0.0044556
-0.069153
0.80969
-0.0401
0.18311
0.031006
-0.083313
0.010498
-0.018372
-0.0038452
0.16766
-0.05072
-0.026306
0.058594
-0.01947
0.027588
0.80902
0.020325
0.058411
0.94733
0.016846
0.028381
-0.0053101
-0.010559
0.012756
-0.0085449
0.04187
-0.035645
0.066711
0.15253
0.033813
0.896
-0.043213
-0.011963
-0.056519
-0.02179
0.034973
0.005249
0.0040283
0.011841
0.2171
-0.02832
0.35059
-0.023804
0.35413
0.078674
0.051331
-0.019348
0.12543
0.88043
-0.02124
0.096924
0.11517
-0.076294
0.006897
-0.026306
-0.029602
-0.014282
-0.04126
-0.03064
-0.003418
-0.02063
-0.015747
0.051636
0.033875
0.24164
0.086365
0.65326
0.068787
-0.0076294
0.51984
-0.013306
0.09729
-0.11377
0.24164
0.067444
0.10748
0.036987
-0.032532
0.89618
-0.020935
0.10376
0.0062866
-0.0065918
-0.0053711
0.020508
0.062195
-0.00042725
0.00097656
0.022461
0.15015
-0.052734
0.46143
0.003479
0.31036
0.048096
-0.036499
0.0088501
0.055603
0.13763
0.27081
-0.091919
0.4007
-0.023621
0.12982
0.069641
0.067444
-0.0066528
-0.0081177
-0.013489
-0.033936
-0.039368
0.029236
0.4303
0.050415
0.68451
0.17365
-0.036194
0.011658
-0.008606
0.027893
-0.008667
0.061523
0.032471
0.062561
0.030151
-0.1106
0.92523
-0.17255
-0.047119
0.42401
0.07135
0.33264
-0.05542
0.23401
0.067017
0.2019
-0.12451
0.34869
0.02887
-0.051758
0.10077
0.13715
0.049927
0.35272
-0.0054321
0.026245
0.0023193
0.21716
0.1817
-0.031799
0.2962
0.21405
0.020874
0.00354
0.017517
-0.05603
-0.0094604
0.011414
-0.022095
0.2655
0.013733
0.60138
-0.0053711
0.35132
0.0078735
0.093323
-0.050842
-0.039185
0.05481
-0.066956
0.026306
0.854
0.062439
0.056885
0.12177
-0.084656
-0.0054321
0.14093
0.01709
0.3559
-0.039734
0.052795
0.013489
0.23853
-0.00085449
0.055298
0.016357
-0.10925
0.11755
-0.14337
0.069519
0.86353
-0.018188
0.18903
-0.013794
-0.0072632
0.019714
0.045349
0.062439
-0.10352
0.072632
0.055298
1.0811
-0.03949
-0.084351
0.080383
-0.096069
0.55316
-0.15564
-0.05188
0.081665
0.01947
0.12018
0.28131
-0.052429
0.13043
-0.020325
0.048523
0.015198
0.51007
-0.027527
0.49591
-0.0079956
0.12848
0.031677
-0.12683
-0.006897
-0.018921
-0.00036621
-0.077576
-0.0064087
0.028259
0.30072
0.064575
0.076782
0.59943
-0.0089722
-0.10785
0.17889
0.031494
1.0366
-0.0019531
0.020569
-0.033752
-0.030579
-0.051514
0.013123
-0.014648
-0.028931
-0.011597
0.022705
-0.007019
-0.05835
-0.015625
0.38434
-0.0078125
0.49152
0.081726
-0.022339
-0.067932
0.0050659
0.55762
0.095642
0.50916
-0.013977
-0.0054932
-0.089783
-0.084106
0.063354
0.37561
-0.03717
0.47296
0.056213
0.16815
0.040161
0.040222
-0.006897
0.9187
0.095642
-0.10034
-0.010437
0.025391
0.10883
0.10498
-0.017273
-0.028992
-0.049011
0.79651
0.10596
0.074219
0.059082
-0.084656
-0.054443
0.077087
0.011475
0.016479
0.0054321
-0.10297
-0.081665
-0.034241
0.034302
-0.0078735
0.48438
-0.023071
0.64117
-0.042847
-0.084473
-0.038269
-0.017822
0.30585
-0.094299
0.77222
0.066284
0.010803
-0.072205
-0.049561
0.048462
0.13281
-0.013184
-0.15503
0.34448
-0.056335
-0.016418
0.13873
0.08197
0.49963
-0.0012817
-0.052673
0.072144
0.61182
0.027527
0.30701
-6.1035e-05
0.24731
-0.026917
0.045837
0.0018921
0.031189
-0.065796
0.075134
-0.025146
0.56299
-0.027588
0.28223
-0.014587
0.090698
0.022705
0.12537
0.0096436
0.089661
0.47723
0.38483
0.013
0.08844
0.062073
-0.091553
-0.068481
0.81219
-0.013062
-0.086853
0.070251
-0.14716
0.016541
0.057739
0.071045
-0.075745
-0.045654
-0.085266
0.053284
0.73926
0.039307
0.24158
-0.016296
0.19879
0.022644
0.041565
-0.026123
0.04657
0.62531
-0.013367
0.22095
0.074219
-0.016174
0.0020752
0.047791
-0.050903
0.07135
-0.025452
0.0097656
-0.051514
-0.01355
-0.035217
-0.084961
-0.018372
0.94806
0.13232
-0.008606
-0.032471
0.0088501
0.00177
0.0037231
-0.04425
-0.04071
-0.063965
0.7934
0.043518
0.19702
-0.12811
0.068848
0.13556
0.0043945
0.080566
1.0153
-0.023315
-0.042053
0.010437
-0.03717
0.027588
-0.020569
0.20416
0.066162
0.73364
-0.035583
0.082092
-0.054749
-0.043213
0.017395
0.036804
0.022034
0.014099
0.023865
0.003479
0.1142
0.0025024
0.82776
0.052612
-0.034546
0.095947
0.084778
0.28619
-0.025757
0.11023
0.3252
0.25934
-0.10919
0.12439
-0.086426
0.044373
0.013855
0.12122
0.022827
0.075073
0.034607
0.1189
-0.02771
0.14709
0.11084
0.0066528
0.022583
0.020081
0.061401
-0.015808
0.33832
0.016724
0.7124
0.052917
-0.025696
0.1377
0.41595
-0.013489
0.53265
0.067749
0.092407
0.031372
-0.021362
-0.11505
0.041199
0.031738
0.036804
-0.033813
0.76233
0.019287
0.024414
0.016235
0.011841
0.042236
-0.0010376
0.066101
1.0027
-0.052612
-0.042053
0.019531
-0.008728
0.019043
-0.0045776
0.033875
-0.028137
-0.056396
-0.04303
0.036072
1.3058
-0.15094
0.03595
-0.0027466
-0.0018311
-0.0037231
-0.020386
0.12537
-0.010986
0.092712
0.60828
0.25763
0.097473
0.035034
-0.012085
-0.030945
0.012024
0.15308
0.021606
0.14063
0.059875
0.089417
0.39874
0.35962
-0.027039
0.013672
-0.061523
0.20367
-0.050903
-0.050415
0.11133
0.090332
-0.015808
0.1908
-0.014038
0.095398
0.049744
-0.052002
0.98773
-0.046997
-0.037048
0.031067
0.04126
-0.026672
-0.019348
0.02655
0.057434
-0.0023193
0.010193
-0.012207
-0.017029
0.041931
0.020813
0.012085
0.60382
-0.030884
0.3645
0.17108
-0.037537
0.14166
0.059631
0.086853
0.14587
0.27155
0.12476
0.25543
-0.064209
-0.046936
0.073242
-0.17108
0.16492
0.71521
0.041687
0.10376
-0.048401
0.01001
0.07489
-0.0041504
0.0067749
-0.066345
-0.016113
0.021423
0.054688
-0.040955
0.98676
-0.12585
0.0012817
-0.02063
1.0295
0.015747
0.00079346
-0.050232
0.068848
-0.10834
0.071594
0.0037842
0.01178
0.92334
0.0013428
0.02179
-0.0088501
-0.065735
0.0011597
0.1214
-0.031738
0.0014648
0.030823
0.078674
-0.0064087
0.25641
0.03363
0.18848
0.12329
0.45624
-0.0030518
0.10455
-0.042358
0.050659
0.037964
-0.037231
-0.041199
0.13708
0.99304
0.081726
-0.15936
0.1015
-0.039368
0.0028687
-0.050415
-0.035278
-0.020996
-0.048157
0.047424
0.019165
0.088196
0.78693
0.0028687
0.02002
0.11249
0.023132
0.10541
0.64038
0.015076
0.072937
0.0044556
0.097534
0.018738
0.11578
0.046814
0.32489
0.017944
0.13953
0.018188
0.30859
0.046265
0.044556
-0.060059
0.0024414
0.025146
0.0045166
-0.037842
-0.0042114
0.22186
0.04425
0.86743
0.051147
-0.035156
-0.030701
-0.0010986
0.037231
0.053528
-0.0092163
0.072205
-0.03363
-0.066223
0.012817
0.92871
-0.017212
0.0012207
0.089355
-0.13
-0.068298
1.0171
0.073181
-0.18445
-0.09436
0.29761
1.0525
-0.1568
0.012329
-0.076538
-0.10828
0.1098
0.21057
-0.007019
-0.02417
0.08606
-0.010071
0.0095825
-0.047424
0.035828
0.035156
-0.068298
0.066345
1.0278
0.0020752
-0.02179
-0.0038452
0.0070801
-0.013184
-0.075806
0.041443
0.04187
-0.032043
0.051819
-0.0015259
0.76752
-0.17889
-0.038818
-0.055298
-0.0027466
0.057983
1.1691
0.0089111
-0.038879
0.051208
-0.1015
-0.080383
1.0981
-0.027771
0.012878
-0.01886
0.046387
0.02478
-0.033997
0.010315
0.015686
-0.01593
0.077087
0.44513
-0.015198
0.068665
0.020996
0.11951
0.005127
0.13861
0.047607
-0.038269
-0.0015259
-0.036316
0.058533
-0.023804
0.038147
-0.11951
0.12915
0.20923
0.62433
-0.041931
-0.0059814
-0.044617
-0.049622
0.020874
0.85303
-0.019531
-0.067932
0.27521
-0.027649
-0.0037231
0.019531
-0.036499
0.074768
0.038025
0.87622
-0.005188
0.151
0.0015259
-0.057556
-0.070251
0.034851
0.0068359
1.0037
-0.0088501
0.019958
-0.046021
0.028137
0.010437
-0.015015
0.043091
-0.048218
0.0019531
-0.13605
0.032715
0.26605
0.08667
0.24188
0.028992
0.77734
-0.0043945
0.01001
-0.00018311
0.037476
-0.005127
0.11511
0.035645
0.10883
-0.0085449
0.62885
-0.029114
1.113
-0.0088501
-0.07843
0.020081
0.035889
0.015259
0.025635
0.019226
0.020142
-0.10089
0.058777
0.54126
0.039917
0.27966
0.0095215
0.11908
-0.0084229
0.10486
0.021606
-0.061523
0.0016479
-0.054199
-0.012268
0.02887
0.34229
-0.0026245
0.85785
-0.10388
-0.049011
-0.010254
0.029907
0.13348
0.0058594
-0.063232
-0.082703
0.081482
0.091797
0.10474
-0.00091553
0.99359
0.04657
-0.056641
-0.061646
-0.087097
0.019714
0.14459
-0.020996
-0.037109
-0.043274
0.068542
0.8974
-0.016968
-0.013245
0.08075
0.0057983
0.020569
-0.026001
0.021362
-0.017761
0.036621
-0.024963
-0.017578
-0.0095215
-0.013428
0.14252
0.005249
0.60663
-0.045715
0.15448
-0.061584
0.056763
0.3324
-0.024841
0.48187
0.079651
0.14795
0.03241
-0.083801
-0.058472
0.033264
-0.014587
0.013123
-0.050781
0.071655
-0.0039063
-0.021606
0.77979
-0.13177
0.20813
-0.049561
0.98785
-0.081482
-0.069275
0.026917
0.06427
-0.039001
-0.01123
-0.033386
0.0076294
-0.066528
1.0145
-0.028564
0.046875
-0.027771
0.068298
-0.019165
-0.031799
-0.00024414
-0.0093384
-0.11389
-0.036133
0.060059
0.12714
-0.023682
0.78094
-0.054504
0.093689
-0.039917
0.03949
0.0046997
0.015747
0.13171
-0.050354
-0.0042725
0.61816
0.015137
0.022766
0.17908
0.025391
-0.018066
-0.02948
-0.062622
-0.016296
0.57355
-0.0015869
0.41138
-0.064575
0.11493
0.0071411
0.0043335
-0.0036621
0.32819
-0.025269
0.43115
0.043762
0.3053
0.0059204
-0.080627
-0.0087891
0.06134
0.048157
0.025696
0.039307
-0.027588
0.71399
-0.017151
0.039612
0.036194
-0.13416
-0.029053
0.04834
0.0076904
0.008667
-0.092896
0.042786
-0.056152
-0.015625
-0.089539
0.97144
-0.051758
-0.023743
-0.177
-0.027466
0.058472
1.0559
0.023438
-0.041626
-0.014465
0.046448
-0.030029
-0.022949
-0.013062
0.10645
-0.0098267
1.2238
-0.09375
0.028137
-0.027405
-0.13336
0.069336
0.041504
0.51776
0.005249
0.16541
-0.082947
0.25616
-0.082825
0.022217
0.040833
-0.018494
-0.077393
-0.019348
1.0714
-0.11395
0.0056152
0.096619
-0.086914
0.096497
-0.015625
0.036865
-0.0099487
-0.0028687
0.011536
0.077515
0.0092773
0.037964
-0.036072
-0.091614
0.94183
-0.01532
0.093445
-0.027588
0.84674
0.040161
0.0033569
0.089478
0.01947
-0.066345
0.086487
-0.027466
0.047852
0.13647
-0.035217
0.084839
-0.075378
0.10309
0.25751
0.57477
-0.025513
-0.13263
-0.031616
-0.049194
-0.021118
0.12042
1.2148
0.0097046
-0.091492
-0.051575
-0.15472
-0.10522
0.11224
0.082031
0.11804
0.61627
0.030701
0.16217
-0.024109
-0.0094604
-0.11108
0.80341
0.030945
0.045471
-0.052246
-0.12323
0.0401
0.17767
-0.016663
-0.0048828
-0.041809
0.69403
-0.099426
-0.061157
0.15247
-0.10297
0.027039
0.29816
-0.018738
0.16791
0.039429
0.94391
0.0066528
-0.00073242
-0.043274
-0.08374
0.065552
0.22705
-0.0050659
-0.020752
-0.0036011
-0.11273
-0.080994
-0.019043
-0.011963
-0.048645
0.96295
0.030518
-0.0625
0.037415
0.13544
-0.018921
-0.0018311
-0.0018921
-0.051636
0.039856
-0.027466
0.019165
1.1373
0.023865
0.016052
0.15894
0.024597
-0.057983
0.12762
0.33948
0.0031738
0.22192
-0.021973
0.068359
-0.0095825
0.019348
0.030518
-0.00091553
0.16943
0.044617
0.8504
0.0095825
0.11407
0.040039
-0.1026
-0.039185
-0.023987
0.70813
-0.010986
0.2063
0.012085
0.010986
-0.040039
0.0028076
0.08313
0.32831
0.068115
-0.062317
0.41534
0.039185
-0.12946
0.10986
0.017883
0.0059204
0.073303
-0.080017
0.22156
0.35406
-0.055481
0.85736
0.051697
-0.16992
0.058899
-0.15692
0.046814
-0.0089722
-0.0096436
0.24707
-0.036255
0.55151
0.030334
0.22717
0.014526
-0.039429
-0.025757
0.005188
0.0089111
-0.021973
-0.064392
0.031555
0.067505
0.013367
1.0042
0.0401
0.083801
0.017151
-0.018188
-0.11798
0.012939
0.18298
-0.03949
0.042664
0.20831
0.78284
-0.14441
0.9989
0.023132
-0.070618
0.025818
-0.11243
0.032471
0.023987
0.0075073
-0.039368
-0.022949
-0.0033569
0.038086
-0.066406
-0.041199
-0.055542
1.0977
-0.0028076
0.23816
0.10913
0.044067
-0.043152
0.84827
-0.057922
0.021851
0.064758
0.025757
-0.081238
0.058289
-0.040649
-0.0031738
0.096558
0.15277
0.0093384
0.011963
-0.020691
0.39252
0.10101
0.6026
-0.013916
-0.17212
-0.036194
0.015564
0.85596
0.027771
0.019043
0.033936
-0.011414
-0.0050049
-0.091675
0.020691
-0.031067
-0.11713
0.049805
0.78845
0.11633
0.071899
0.042358
0.057739
0.092651
-0.053101
0.1778
-0.0016479
0.11017
0.044006
0.29694
-0.074463
0.23401
-0.032471
0.067322
-0.015747
0.021667
-0.067932
0.088501
-0.1452
0.0072021
0.023071
0.14978
-0.0087891
0.93298
0.045105
-0.12213
-0.018127
-0.025513
0.0031128
0.023743
0.39417
-0.018066
0.39307
0.0077515
0.21216
0.027161
0.014648
-0.080872
-0.003418
-0.043335
0.019836
0.018372
0.039612
0.8158
-0.001709
0.072388
0.026611
-0.045776
-0.017151
-0.013672
-0.051331
0.051819
1.1707
0.069946
-0.051819
0.02124
1.007
-0.028381
-0.019104
-0.016785
-0.020569
-0.065918
-0.049683
-0.0029297
0.040466
0.015259
0.092224
0.80597
0.010681
0.27545
0.0018311
0.2251
0.10474
0.075378
-0.07135
0.18884
0.061035
-0.10492
0.81952
-0.063354
0.021057
-0.011047
-0.016663
0.055298
-0.0089722
0.093323
0.044922
1.0337
-0.083069
-0.067322
-0.003418
-0.089417
0.0059204
-0.045776
0.0099487
-0.042969
0.024963
-0.099976
-0.11243
0.06842
0.14709
-0.0047607
-0.032898
-0.019409
1.0544
0.042053
0.035034
-0.057739
0.073853
-0.035156
0.40057
-0.0054321
0.67188
0.093384
-0.064514
0.01532
-0.035889
-0.17053
-0.060669
0.035461
1.205
0.0042725
0.21033
-0.063538
-0.0049438
0.17377
0.028076
-0.027649
0.28937
0.24689
-0.0078125
0.16803
0.029297
-0.018738
0.011658
0.14734
0.22583
-0.018982
0.42419
0.034058
0.26654
0.10663
-0.030884
0.13312
-0.079773
0.60223
0.18524
-0.0059814
-0.14301
0.26337
0.008606
0.6355
-0.072693
-0.20471
0.038574
-0.051819
-0.018005
-0.016968
0.053284
0.052063
0.0046997
-0.055481
1.0654
0.050293
-0.057617
0.011353
0.51038
-0.030212
0.48181
0.05719
0.057129
-0.06665
-0.0071411
0.019104
-0.01532
0.063049
0.0021362
0.37189
0.16431
0.2381
-0.021851
0.20453
0.0021362
0.0012207
-0.0495
0.13177
0.02594
0.11511
-0.0016479
0.45093
0.030396
0.38519
0.017639
-0.024536
-0.056641
-0.032043
-0.054077
-0.013672
-0.015808
0.053772
0.040283
0.016907
0.15033
0.082031
0.78064
0.36676
0.096375
-0.10339
0.26007
-0.095459
0.055298
0.20203
-0.0016479
0.089355
0.02533
0.098328
-0.045837
0.24432
0.16187
0.19153
0.13361
0.43689
0.022278
0.066833
-0.077576
-0.088196
0.034302
0.24982
0.069275
0.42523
0.038879
0.16333
-0.054321
-0.0096436
0.011658
-0.1488
0.046936
0.13446
0.053589
0.50818
0.1106
0.18225
-0.10352
0.035522
0.028198
0.077515
0.16754
-0.11597
0.53168
0.031494
0.1416
0.15637
0.11316
-0.038818
0.011169
0.36743
0.11444
0.037903
0.089172
0.068542
0.008606
0.25
-0.00177
0.11163
-0.0090942
0.30804
0.095276
-0.030518
0.11279
0.19678
-0.028931
0.39117
0.017761
-0.012146
0.035767
0.23358
0.031433
0.39966
0.0093384
0.074951
-0.027466
0.27539
-0.016541
0.00097656
0.019714
-0.10114
-0.26733
0.048584
0.91626
0.29486
0.077576
0.14423
-0.06897
-0.11267
-0.1568
0.030762
-0.042053
0.12006
-0.075562
0.50635
-0.010864
0.38855
0.00054932
0.0099487
0.026062
0.063599
1.121
-0.078552
-0.1806
0.057495
0.034241
0.049805
-0.059631
0.015015
0.030945
-0.11108
-0.23529
-0.0093384
0.9657
0.30072
0.13385
0.15485
-0.067566
-0.13202
-0.15833
-0.035278
-0.036133
-0.076965
-0.0084839
-0.013306
0.60547
0.0048218
0.4082
-6.1035e-05
0.019409
-0.022583
-0.047302
0.21063
0.0054932
0.54993
0.012878
0.25092
0.00054932
0.0043335
-0.011353
-0.06958
-0.013428
0.018921
-0.10254
0.05719
0.79266
0.045959
0.24359
-0.0020752
-0.096558
0.30652
0.22296
-0.00061035
0.44324
-0.10254
0.0048828
0.056641
0.10577
0.04364
0.014709
-0.037476
-0.050415
0.032349
0.012451
-0.059143
0.14355
-0.0081177
-0.057983
0.14545
0.80719
-0.040161
0.85065
-0.021179
-0.0090942
0.064331
0.074646
-0.022217
-0.031982
0.024109
0.036987
-0.048523
0.93933
0.047485
0.053955
0.033081
-0.0042725
-0.0027466
0.026611
0.029053
0.017883
0.010193
0.050293
0.026306
0.01532
-0.019348
0.00054932
-0.029358
0.020508
1.1353
-0.021973
0.20221
-0.015442
0.23383
0.031128
0.097046
0.040649
0.30835
0.038818
0.13458
0.026123
0.021362
-0.035217
-0.071838
-0.011841
0.016357
0.069458
0.0098877
-0.08667
-0.055298
1.052
-0.016724
-0.044434
6.1035e-05
-0.021179
-0.066284
0.65137
-0.043518
0.051453
0.025146
0.1059
0.64441
0.033813
0.074402
0.11633
-0.080811
0.042114
0.15765
0.063171
0.012878
-0.013184
-0.061279
-0.023804
-0.080322
-0.030945
-0.025269
0.61646
0.06543
0.48706
-0.0078125
-0.027527
0.049622
0.043457
-0.12823
0.022339
0.8623
0.037292
0.083557
0.088135
-0.035156
0.037598
0.21484
0.043457
0.40906
0.042786
-0.028137
-0.0020142
0.34186
-0.045349
0.18677
0.01355
-0.00091553
0.014221
-0.031738
0.0097656
-0.052795
-0.12848
-0.036499
0.7168
0.20831
0.035889
-0.006897
0.91437
-0.057983
-0.1059
0.0061646
0.060974
-0.01001
0.028442
0.020081
0.029114
0.20221
0.50439
-0.008667
-0.0032959
0.2384
-0.020142
0.069153
-0.0036011
-0.042175
0.020996
-0.095947
-0.031067
-0.017029
0.0053101
0.06134
0.71313
0.065979
0.24408
-0.058289
-0.0020142
-0.033936
0.069214
-0.10449
0.68652
0.097229
0.10333
0.0096436
0.061646
-0.01532
0.0046997
0.11365
-0.040771
0.12012
0.026184
-0.003418
0.13141
0.14471
0.2478
0.21704
-0.11115
0.010254
-0.029114
-0.0094604
-0.02832
0.059387
0.18018
0.0072632
0.5976
0.021301
0.26703
-0.056091
0.14117
0.013062
-0.034607
0.065979
0.2832
-0.020508
-0.16992
1.1378
0.0014648
0.022583
0.26801
0.032593
0.33514
0.098389
-0.044128
0.097412
0.019165
-0.053955
0.012878
-0.025452
0.20239
0.11115
-0.078918
0.062683
0.15533
0.076233
0.050232
0.51056
-0.062134
0.016113
-0.027588
0.02832
-0.0026855
-0.017395
0.24298
-0.0059814
0.074402
-0.036743
0.75671
0.27399
0.022095
0.20044
0.039124
0.039001
0.076477
0.37836
0.011719
-0.0050049
-0.012634
0.04895
0.008667
0.054016
0.064941
0.08606
0.21344
0.31329
-0.013245
0.1189
-0.045044
0.020569
0.53455
0.022522
0.27081
0.10175
-0.00024414
-0.092773
0.019348
-0.016785
-0.030151
0.028503
0.90216
0.015198
0.10791
0.019531
-0.051086
0.016479
-0.054504
-0.033142
-0.013733
0.19769
-0.084412
0.16791
0.70221
0.10815
0.094543
0.02063
0.026917
-0.041504
-0.019348
-0.019897
0.063782
-0.048218
-0.029175
-0.0048218
1.0211
0.0084839
0.053284
0.055847
-0.18091
0.2616
-0.039734
0.14972
0.015137
-0.0020142
-0.0011597
0.23566
-0.038391
0.020203
0.006897
-0.039001
-0.023621
-0.059692
-0.040771
0.073547
-0.029846
0.041626
0.72864
-0.032043
0.19696
0.035767
0.6496
-0.036255
0.28351
0.053589
-0.0076904
-0.018616
-0.036499
-0.01001
0.0065918
